#! FIELDS time p.x p.y sigma_p.x sigma_p.y height biasf
#! SET multivariate false
#! SET kerneltype gaussian
                      1      1.596367083170393     -1.491628549606253                    0.1                    0.1     0.5555555555555556                     10
                      2     0.5954440184003442     -1.648222536604173                    0.1                    0.1     0.5555555555555556                     10
                      3     -1.113731913572623     -0.352806785783973                    0.1                    0.1     0.5555555555555556                     10
                      4     -1.428713720337453    -0.1203076770553393                    0.1                    0.1     0.5555555555555556                     10
                      5     -2.369995036030234     0.8847110402282421                    0.1                    0.1     0.5555555555555556                     10
                      6      -1.09077713317003      1.447755499231981                    0.1                    0.1     0.5555555555555556                     10
                      7     -1.452686730911267      1.382951361835308                    0.1                    0.1     0.5555546903997447                     10
                      8     -2.017384320052638      1.343517324345937                    0.1                    0.1     0.5555555555555556                     10
                      9     -1.520818967860663     0.5055897380371505                    0.1                    0.1     0.5555555555555556                     10
                     10     -1.446654376037853     0.3224724306040342                    0.1                    0.1     0.5511788349143067                     10
                     11     -1.689655838329033     0.1402411619408796                    0.1                    0.1     0.5552510989875724                     10
                     12     -1.766316490158397   -0.09770242751194687                    0.1                    0.1     0.5540985495162142                     10
                     13     -1.541997094734632   -0.02398914289286268                    0.1                    0.1     0.5409099182636273                     10
                     14     -1.828448780407398     0.6539718961166291                    0.1                    0.1     0.5554864003995946                     10
                     15      -1.63613575202822     0.8030908257463462                    0.1                    0.1     0.5537665638082075                     10
                     16     -1.514006530671475     0.9687114142487699                    0.1                    0.1     0.5518566069608749                     10
                     17     -1.546341404418949      1.357139478556892                    0.1                    0.1     0.5365890429451372                     10
                     18     -1.785049467877347      1.454337977453691                    0.1                    0.1     0.5532686869266585                     10
                     19     -1.694817773301022      1.481662026754947                    0.1                    0.1     0.5307316320663505                     10
                     20     -1.676708823937749      1.392377814216434                    0.1                    0.1     0.5093531273097648                     10
                     21     -1.623306831822887      1.408647740036608                    0.1                    0.1      0.484752026118677                     10
                     22     -1.757127852783984      1.362128300747363                    0.1                    0.1     0.4939092965445347                     10
                     23     -1.614491085707103      1.371083934107445                    0.1                    0.1     0.4588415863611717                     10
                     24     -1.853265899356798      1.307149883601562                    0.1                    0.1     0.5176484559741129                     10
                     25     -1.902974882441125      1.302949437515859                    0.1                    0.1     0.5023782121199684                     10
                     26      -1.68763499821089      1.312931169429382                    0.1                    0.1     0.4591084050456213                     10
                     27     -1.444833907303027      1.296059822982877                    0.1                    0.1     0.5109597231264718                     10
                     28     -2.054039615693826      1.162287905042922                    0.1                    0.1     0.5453694138021551                     10
                     29     -2.088796237032491     0.9379461854635701                    0.1                    0.1     0.5527391649854567                     10
                     30     -1.156572217714138     0.5542085446465034                    0.1                    0.1     0.5555555555555556                     10
                     31     -1.187661393520745     0.7614686768042662                    0.1                    0.1     0.5521254324255005                     10
                     32     -2.110577551420632     0.4836635213077062                    0.1                    0.1     0.5554200210225337                     10
                     33     -1.407193217197693     0.4330718044252309                    0.1                    0.1     0.5277598065463295                     10
                     34    -0.7869815414021764     0.2430081126516951                    0.1                    0.1     0.5555555555555556                     10
                     35     -1.552762516855287     0.5419151409569305                    0.1                    0.1     0.5208700962186605                     10
                     36     -2.481758120924047     0.8646184602846273                    0.1                    0.1     0.5395561894316152                     10
                     37     -1.253748300650469      1.401178953573601                    0.1                    0.1     0.5411729439235238                     10
                     38    -0.7537467153448887      1.557834963539787                    0.1                    0.1     0.5555079594011036                     10
                     39   -0.07458974991135768        1.0807507190846                    0.1                    0.1     0.5555555555555556                     10
                     40     -2.242914642824342     0.1018096855332099                    0.1                    0.1     0.5555555555555556                     10
                     41    0.05304398174429781     0.5314460442419587                    0.1                    0.1     0.5555555555555556                     10
                     42     0.7079985567413545     0.3901759585744946                    0.1                    0.1     0.5555555555555556                     10
                     43      1.543344646256048    -0.5113823608113022                    0.1                    0.1     0.5555555555555556                     10
                     44     0.2432187169843686     0.9910157584427027                    0.1                    0.1     0.5554230366606229                     10
                     45     -2.158012251154162  -0.002604669408797512                    0.1                    0.1     0.5431878019264825                     10
                     46     0.7176832030987649     0.9477651201183646                    0.1                    0.1     0.5555555555555556                     10
                     47      2.091709569967333     -1.100681586905126                    0.1                    0.1     0.5555555555555556                     10
                     48     0.2286679952056006     -1.049974597050332                    0.1                    0.1     0.5555555555555556                     10
                     49    -0.9661363120850239    -0.3302298843483165                    0.1                    0.1     0.5455008380880744                     10
                     50     -1.168748148930418     -0.372795082093633                    0.1                    0.1     0.5266989936271304                     10
                     51      1.267374701923642     -1.340516207582487                    0.1                    0.1     0.5555387729538609                     10
                     52      1.147462010265911     -1.469599012980343                    0.1                    0.1     0.5490418951365543                     10
                     53      1.835057564538906     -0.827595894941182                    0.1                    0.1     0.5555555555555556                     10
                     54     0.9163084071810188    -0.5222566230988804                    0.1                    0.1     0.5555555555555556                     10
                     55      1.612926144054498    -0.4205203398142996                    0.1                    0.1     0.5397152281929372                     10
                     56      1.142912390659658    -0.4985874936767513                    0.1                    0.1       0.55325233722258                     10
                     57      1.022615594209409     -0.602105399403467                    0.1                    0.1     0.5344409970489454                     10
                     58      2.121150809087055    -0.5125395709506962                    0.1                    0.1     0.5555555555555556                     10
                     59      0.656654905412172     -1.067955159157736                    0.1                    0.1     0.5555555555555556                     10
                     60      1.806444794098281    -0.8949799095673932                    0.1                    0.1     0.5323717772863307                     10
                     61      0.995265696057845    -0.9905055900538207                    0.1                    0.1     0.5555080098380354                     10
                     62      1.017133341544046    -0.9780859031682818                    0.1                    0.1     0.5263808682395433                     10
                     63      1.861198027418807    -0.6505517429513628                    0.1                    0.1     0.5475117643865517                     10
                     64     0.6737166778853023    -0.8855070041033734                    0.1                    0.1     0.5496708914105077                     10
                     65      1.880952682273521    -0.5859815419926527                    0.1                    0.1     0.5286553527511929                     10
                     66      1.364234637092016    -0.7168802721792953                    0.1                    0.1     0.5545547005087339                     10
                     67      0.721364809741862    -0.7582069969405952                    0.1                    0.1     0.5429610167103892                     10
                     68      2.359315085206684    -0.8857742555051809                    0.1                    0.1     0.5554699577664622                     10
                     69     0.8061051953062275      -1.54447089982635                    0.1                    0.1     0.5535762691778507                     10
                     70      2.256941090368692     -1.041505947552525                    0.1                    0.1     0.5436117655217014                     10
                     71     0.6758140113503679     -1.227167974737503                    0.1                    0.1     0.5469222803099828                     10
                     72      1.956747737110075    -0.7369054792707445                    0.1                    0.1     0.5229995213141936                     10
                     73      1.836128948118259    -0.3848979180859997                    0.1                    0.1      0.548443729654787                     10
                     74      1.173690594441593    -0.3211996402245398                    0.1                    0.1     0.5491671485818295                     10
                     75      1.185931969661635    -0.4417226710741701                    0.1                    0.1     0.5155812647069611                     10
                     76       1.92834307108401    -0.3423102918904906                    0.1                    0.1     0.5348724148052534                     10
                     77     0.9531100453231218    -0.6915038902253341                    0.1                    0.1     0.5302469111704146                     10
                     78      1.096762315224317    -0.6462897616874346                    0.1                    0.1     0.5119752907454077                     10
                     79      1.577505641866784    -0.5076239638884649                    0.1                    0.1     0.5079691074383473                     10
                     80      1.092601763665032     -0.739771915964207                    0.1                    0.1      0.514595730511999                     10
                     81      1.464264123832755    -0.7610182317852938                    0.1                    0.1     0.5372671670881092                     10
                     82      1.919021661423825    -0.7275629665348894                    0.1                    0.1     0.4865105179286668                     10
                     83      1.874297099445723    -0.8602914887343562                    0.1                    0.1     0.4868334790672628                     10
                     84      1.606499887717367    -0.7230600798399995                    0.1                    0.1      0.534599183561086                     10
                     85      1.655469784710367    -0.5747439661535421                    0.1                    0.1     0.5031574631452169                     10
                     86      1.591744677259577    -0.3557029658876434                    0.1                    0.1     0.5127948788378077                     10
                     87      1.302601430044258    -0.7390308138526888                    0.1                    0.1     0.5173571933610998                     10
                     88      2.092055864555938    -0.5725649222306927                    0.1                    0.1      0.521548062438586                     10
                     89      1.483566202530559    -0.8801663345555175                    0.1                    0.1     0.5313011427031064                     10
                     90      1.137629324216207     -1.185587058954776                    0.1                    0.1     0.5477299314602523                     10
                     91      2.285965865272385    -0.8413234389036202                    0.1                    0.1     0.5304700110356669                     10
                     92      1.069154315902496    -0.9873617988653818                    0.1                    0.1     0.5040690595511521                     10
                     93      1.386085800126143    -0.9619676431167693                    0.1                    0.1     0.5361767307196744                     10
                     94      2.197117610140336    -0.8485869926450075                    0.1                    0.1     0.5225784932031653                     10
                     95      1.933634094048724     -1.034435212092515                    0.1                    0.1     0.5356788665630425                     10
                     96      1.171120450069869     -1.156044668464428                    0.1                    0.1     0.5175598574193168                     10
                     97      1.787785277531721    -0.8821581083024592                    0.1                    0.1     0.4776265914091726                     10
                     98      1.007837586508183    -0.7164917569047211                    0.1                    0.1     0.4794082494564835                     10
                     99      0.976616574801859      -0.24006234187911                    0.1                    0.1     0.5512418259069968                     10
                    100     0.6261120660612141     -1.277560605652647                    0.1                    0.1     0.5290476308255003                     10
                    101       2.29236480484966     -1.030484530526772                    0.1                    0.1     0.5089821526393874                     10
                    102     0.7068305965272423    -0.3721601686948908                    0.1                    0.1     0.5541026191844567                     10
                    103      1.803445190667365    -0.3087953421168221                    0.1                    0.1     0.5158997119324528                     10
                    104      1.022313409300925    -0.6600014383922731                    0.1                    0.1     0.4474839887974102                     10
                    105      1.113797821857913    -0.8745517880524848                    0.1                    0.1     0.5014502303754048                     10
                    106      1.870416106240009    -0.5782089405921443                    0.1                    0.1     0.4790397423566622                     10
                    107      1.083728450564897    -0.9726250521960339                    0.1                    0.1     0.4656668406106572                     10
                    108      1.493305962863787    -0.9249735394877038                    0.1                    0.1     0.5033850638705295                     10
                    109      1.647597030654875    -0.8849657285297571                    0.1                    0.1      0.505825453765359                     10
                    110      1.157679444238079     -1.005069411407255                    0.1                    0.1     0.4765380189836955                     10
                    111      1.497276646216526     -1.104285806131469                    0.1                    0.1     0.5407653545085656                     10
                    112      2.117842205903463    -0.9083304184705104                    0.1                    0.1     0.5126470145851389                     10
                    113       2.22462881522421     -0.819650811174532                    0.1                    0.1     0.4824715546453404                     10
                    114      1.217292230570549     -1.337392046153099                    0.1                    0.1     0.5083059278547336                     10
                    115      1.478552079758401     -1.203230536374404                    0.1                    0.1      0.533824728667895                     10
                    116     0.5451797595476692     -1.263296787399591                    0.1                    0.1     0.5210372051470059                     10
                    117     0.4499235943497266     -1.125277805687389                    0.1                    0.1      0.540043916294124                     10
                    118      1.999911376136646    -0.5348096510856855                    0.1                    0.1     0.4857456298125835                     10
                    119    -0.1317646850145457     -1.331556912461444                    0.1                    0.1     0.5555555555555556                     10
                    120     0.3513566927424959     -1.558320177252173                    0.1                    0.1      0.554469119265995                     10
                    121      1.559887362049171    -0.9942421163152619                    0.1                    0.1     0.4932049214751517                     10
                    122      -0.66871650977274     -1.576545839951795                    0.1                    0.1     0.5555555555555556                     10
                    123      1.727663964031904    -0.9813165247341268                    0.1                    0.1     0.4938112545611408                     10
                    124     0.3313984131287045      -1.45152545115105                    0.1                    0.1     0.5379627194929397                     10
                    125     0.2458394023302448     -1.434866502201016                    0.1                    0.1     0.5274681484163096                     10
                    126      1.638846430350009    -0.9599412909412427                    0.1                    0.1     0.4660591599769375                     10
                    127    -0.5881200295889946     -1.606255346106452                    0.1                    0.1     0.5345718475672628                     10
                    128      1.966853806501121    -0.7689895450744758                    0.1                    0.1     0.4599199128529434                     10
                    129     0.6194172244015655     -1.380142596896308                    0.1                    0.1     0.5171274052524359                     10
                    130     0.1990160516275491     -1.274511347196359                    0.1                    0.1      0.542668720860159                     10
                    131    -0.1911976531044073      -1.51782125518316                    0.1                    0.1     0.5509996910290943                     10
                    132    -0.2921101130775363     -1.643095785818603                    0.1                    0.1     0.5467999762392527                     10
                    133     0.6137768369638867    -0.9321551803614849                    0.1                    0.1     0.5173473368373226                     10
                    134      1.203270126760182    -0.7677480774950257                    0.1                    0.1     0.4861449030287081                     10
                    135   -0.05237005075518792     -1.647777943636076                    0.1                    0.1     0.5486872652150533                     10
                    136   -0.04691426249729609     -1.414798745661224                    0.1                    0.1     0.5313826037558693                     10
                    137     0.6195227216352501    -0.7676133915998605                    0.1                    0.1     0.5179495279606403                     10
                    138      1.800619222457249    -0.8884386785528379                    0.1                    0.1     0.4270355727957216                     10
                    139     0.4777497484631598     -1.545578499634578                    0.1                    0.1     0.5224606362247503                     10
                    140    -0.6983590955449099     -1.275590286542443                    0.1                    0.1     0.5551737470573692                     10
                    141     0.8360544741649349     -1.251374830676864                    0.1                    0.1     0.5404849595347671                     10
                    142      1.172057383764318     -1.270967378293206                    0.1                    0.1     0.4838813856641719                     10
                    143    -0.6514012870478786     -1.219152402793109                    0.1                    0.1     0.5324405313464241                     10
                    144     0.9647628501337129      -1.03606892423494                    0.1                    0.1     0.4760473801244445                     10
                    145     0.8931635768790827     -1.196468390067935                    0.1                    0.1     0.5177753772947659                     10
                    146    0.05582782953906617     -1.584740623116931                    0.1                    0.1     0.5342216778755351                     10
                    147    -0.4227718586129213    -0.9566333302889465                    0.1                    0.1     0.5554899617446757                     10
                    148   -0.05316956957636917     -1.298704082779626                    0.1                    0.1     0.5175727530131158                     10
                    149      1.776751430032501     -1.268141921447895                    0.1                    0.1     0.5534869135657816                     10
                    150      0.798664644177177     -1.579429333394539                    0.1                    0.1     0.5233611668778113                     10
                    151    -0.4532906067000611     -1.283557638829736                    0.1                    0.1     0.5502863817892443                     10
                    152     0.2473512949179069    -0.8130324802878151                    0.1                    0.1     0.5537230824491535                     10
                    153      2.213473503014696    -0.5889187457355398                    0.1                    0.1     0.5205439222585447                     10
                    154     0.9588878256653001     -1.492859578713302                    0.1                    0.1       0.53526384164426                     10
                    155      1.243759465099838     -1.277368120458804                    0.1                    0.1     0.4676183113685888                     10
                    156    -0.4231291260003053     -1.333130659253639                    0.1                    0.1     0.5274886296715281                     10
                    157     0.4831964449720532     -1.041978092243507                    0.1                    0.1     0.5168267897666913                     10
                    158       1.78116675715498     -0.753368258257635                    0.1                    0.1     0.4463468301825717                     10
                    159      1.086825972029081     -1.351778611076062                    0.1                    0.1     0.4925681690086945                     10
                    160        1.1690207874516     -1.248816090237883                    0.1                    0.1     0.4352410028580111                     10
                    161   -0.04893185665047808     -1.085431614762125                    0.1                    0.1     0.5505748841408208                     10
                    162     0.1204196257629619     -1.540725364279317                    0.1                    0.1     0.5147570616186788                     10
                    163    -0.3072775783355494     -1.374079411496494                    0.1                    0.1     0.5216089154989618                     10
                    164   -0.04349772703193704    -0.9192813387474972                    0.1                    0.1      0.547338078167111                     10
                    165      1.607131250278749     -1.311177895918657                    0.1                    0.1     0.5337895736886297                     10
                    166     0.7242432175742739     -1.585382335088334                    0.1                    0.1     0.5003237389321723                     10
                    167    -0.7715786812804439     -1.353799358748503                    0.1                    0.1     0.5309502836876957                     10
                    168      1.519994985468679    -0.6108069417944127                    0.1                    0.1     0.4860302875249146                     10
                    169      1.173242531227491    -0.7075192007259041                    0.1                    0.1     0.4558438946602774                     10
                    170      1.437434852441021     -1.051073395329676                    0.1                    0.1     0.4793809368661871                     10
                    171      1.983329025986894     -1.212932350108251                    0.1                    0.1     0.5378345324754298                     10
                    172      1.939901045210898    -0.5911076683081951                    0.1                    0.1     0.4387905662349215                     10
                    173      1.579360906017048    -0.3875458173626578                    0.1                    0.1     0.4727764099231838                     10
                    174      1.350574867110344    -0.4114518693305109                    0.1                    0.1     0.5323702255552782                     10
                    175      1.656762376361918    -0.4575009675275797                    0.1                    0.1     0.4501689117883589                     10
                    176      2.100086931200317     -1.132154891353054                    0.1                    0.1     0.5020117325224109                     10
                    177      1.609191793362202     -1.108480774802493                    0.1                    0.1     0.4895806808343136                     10
                    178      1.364553700351127    -0.6292087643729857                    0.1                    0.1     0.4907842708290098                     10
                    179      2.032696362708533    -0.6808459819466861                    0.1                    0.1     0.4526898503543725                     10
                    180      1.751194390424542    -0.2588343950322794                    0.1                    0.1     0.5079428042656645                     10
                    181      1.146409115512203    -0.5284558480068517                    0.1                    0.1     0.4656387188369607                     10
                    182      1.708305613348507     -1.117219871570626                    0.1                    0.1     0.4969229904125999                     10
                    183      2.087886360580938     -1.008035897055195                    0.1                    0.1     0.4797631140831711                     10
                    184      1.933713345307308    -0.3038016069667794                    0.1                    0.1     0.4964937754294317                     10
                    185      1.090836951686485    -0.6907892678026691                    0.1                    0.1     0.4110652143511457                     10
                    186      1.477524013335047    -0.3414518422862607                    0.1                    0.1      0.495865197844908                     10
                    187      1.966581763789159    -0.6067206599998832                    0.1                    0.1     0.4107076904002208                     10
                    188      2.027766484850684      -1.20284316564897                    0.1                    0.1      0.490733665874089                     10
                    189     0.8779539441826132    -0.5955887341169056                    0.1                    0.1     0.4910593554815859                     10
                    190      1.809433212420005     -0.391239502729308                    0.1                    0.1     0.4544934377062164                     10
                    191      1.247238316327509     -0.722829540239733                    0.1                    0.1     0.4397782609049274                     10
                    192      1.850600045033313     -1.230848688142982                    0.1                    0.1     0.5057874524032466                     10
                    193       2.27118501127917     -0.975631628986558                    0.1                    0.1     0.4578167376955234                     10
                    194      1.821130267383405     -1.359062088031535                    0.1                    0.1     0.5181271314216014                     10
                    195        1.1731105968292     -1.240879902332641                    0.1                    0.1      0.417249225779742                     10
                    196      1.886257117051548    -0.6438510439483245                    0.1                    0.1     0.3924333814062107                     10
                    197      2.126707947020665    -0.4976201294702474                    0.1                    0.1      0.472118835279032                     10
                    198     0.8003605871871974     -0.777080694080866                    0.1                    0.1     0.5042430540035163                     10
                    199      1.924605944124146    -0.3885714431477048                    0.1                    0.1     0.4473797853589563                     10
                    200      1.751824739894049    -0.5013031415500783                    0.1                    0.1     0.4459235203405656                     10
                    201      1.229577504622432     -1.405200823830274                    0.1                    0.1     0.4579653417721295                     10
                    202       1.78932041234273     -1.207078739310704                    0.1                    0.1     0.4733092134246416                     10
                    203      2.250814782592681    -0.9780532620584614                    0.1                    0.1     0.4349106562965763                     10
                    204      1.728268147692604    -0.2489685365932972                    0.1                    0.1     0.4779283347018542                     10
                    205      1.257551868770648    -0.2575068554749721                    0.1                    0.1     0.5252336465485773                     10
                    206      1.672526336776426    -0.8237585844769979                    0.1                    0.1     0.4424367409859216                     10
                    207       1.86435879907234     -1.320055541555261                    0.1                    0.1     0.4748363075469241                     10
                    208      1.067672652876297    -0.5378725950161114                    0.1                    0.1     0.4330138576947417                     10
                    209      1.881926042361008    -0.1008361948453726                    0.1                    0.1     0.5414597609730294                     10
                    210      1.956141493622017    -0.6016579383639384                    0.1                    0.1     0.3766701485917472                     10
                    211      1.355204521714736     -1.074916331578309                    0.1                    0.1     0.4856965520762294                     10
                    212      1.551277011585782     -1.191548376924298                    0.1                    0.1     0.4687183886833771                     10
                    213      1.059775894020796    -0.9535906552192264                    0.1                    0.1     0.4178217973584551                     10
                    214      1.510527226496227     -0.929365781706411                    0.1                    0.1     0.4246480689815067                     10
                    215      1.995164493682604    -0.5823008321305206                    0.1                    0.1      0.376803133511579                     10
                    216      1.508708138147799    -0.4021945323067619                    0.1                    0.1     0.4384850412214166                     10
                    217       1.54079905497199    -0.3783209731097945                    0.1                    0.1      0.414442503050245                     10
                    218      2.108017487456142    -0.5416195927964454                    0.1                    0.1     0.4188944539354613                     10
                    219     0.7055472098730885     -1.055453554068109                    0.1                    0.1     0.4968989267027604                     10
                    220      1.558916301125022    -0.7377520647124916                    0.1                    0.1     0.4534650602227051                     10
                    221      1.114940515520686    -0.9984633870329732                    0.1                    0.1     0.4120581151654623                     10
                    222      1.514059663260293    -0.8233849726265219                    0.1                    0.1     0.4209108333546119                     10
                    223      1.945695796660954    -0.8873667947748289                    0.1                    0.1     0.4422092941312304                     10
                    224      1.705620834280524     -1.237787990071224                    0.1                    0.1     0.4540772151919498                     10
                    225      1.910179828702363       -1.1443133227656                    0.1                    0.1     0.4574881624160864                     10
                    226       1.38775289212319    -0.3110164351169789                    0.1                    0.1     0.4863939424172767                     10
                    227      1.377926088465781    -0.2954150641934135                    0.1                    0.1     0.4704408851670056                     10
                    228      1.548228780134085     -1.237839904935219                    0.1                    0.1     0.4570782399907821                     10
                    229      2.052616622410587     -1.091412812226502                    0.1                    0.1     0.4371454393871267                     10
                    230      1.949459326264187     -1.060133991272626                    0.1                    0.1     0.4384682008314584                     10
                    231      1.261315103814589    -0.7868955327367527                    0.1                    0.1     0.4357223865816349                     10
                    232      1.862042116745358    -0.7162781656049579                    0.1                    0.1     0.3729075107326239                     10
                    233      1.489089711549634       -1.0770579490155                    0.1                    0.1     0.4141974355873392                     10
                    234      1.852082734021827     -1.036972438951503                    0.1                    0.1     0.4365363405627889                     10
                    235      1.342803674886038    -0.9374556222069419                    0.1                    0.1     0.4545451090079721                     10
                    236      2.231701067660507    -0.5909169605255052                    0.1                    0.1     0.4788300028857236                     10
                    237      1.470963520707609    -0.8904812913210847                    0.1                    0.1     0.3927789300669294                     10
                    238      1.465439054140131    -0.6245805776905045                    0.1                    0.1     0.4443427937628819                     10
                    239       2.14103713169254    -0.9087444374456214                    0.1                    0.1     0.4323980086770116                     10
                    240       1.48403152929721    -0.5440509926110652                    0.1                    0.1     0.4228817855834723                     10
                    241      2.068722241306784    -0.7104758898668195                    0.1                    0.1     0.4194317823865534                     10
                    242      1.791274574002433    -0.8266595763911525                    0.1                    0.1     0.3761214674763976                     10
                    243       1.91422929734907    -0.8967726476197684                    0.1                    0.1     0.3916679135594658                     10
                    244      1.536146545358004     -1.035958659734707                    0.1                    0.1     0.3861664514372334                     10
                    245       1.99230503082091    -0.9747913523389683                    0.1                    0.1     0.4105433304951734                     10
                    246      1.643977334540658    -0.6307542703753447                    0.1                    0.1     0.4319585966547836                     10
                    247      1.788011685286933     -0.550870673678015                    0.1                    0.1     0.4084165291259273                     10
                    248      1.781509403486517    -0.9625259158707743                    0.1                    0.1     0.3867482284568349                     10
                    249      1.708301930429055     -1.039857158660073                    0.1                    0.1      0.408876300377301                     10
                    250       1.61738890212455    -0.9400546733565102                    0.1                    0.1     0.3729200521521552                     10
                    251      1.623493937772923    -0.6512697826597895                    0.1                    0.1     0.4086687216879634                     10
                    252      2.138279475391668    -0.7217341211750824                    0.1                    0.1      0.436948271761338                     10
                    253      1.310119143390768    -0.9364182319358699                    0.1                    0.1     0.4398724827256098                     10
                    254      1.396003790349631    -0.8157084818734711                    0.1                    0.1      0.398855167305959                     10
                    255       1.37865447085952    -0.7142268031055006                    0.1                    0.1     0.3992850194023664                     10
                    256      1.996635974813647    -0.9682222227826641                    0.1                    0.1     0.3930642902376574                     10
                    257      1.202160891550084     -1.078163871623314                    0.1                    0.1     0.4343020522079194                     10
                    258      2.085958019896796    -0.7862507740677329                    0.1                    0.1     0.4094139876836898                     10
                    259      1.443589663011925    -0.9281158881973923                    0.1                    0.1     0.3576249106955953                     10
                    260      1.777023086127329      -1.12555438189325                    0.1                    0.1      0.409793437775026                     10
                    261      1.718170302767466     -1.011415391887929                    0.1                    0.1      0.370559421733491                     10
                    262      1.455613548712899    -0.8452358599200855                    0.1                    0.1     0.3525547174978425                     10
                    263      1.758866499882998     -1.011249050463601                    0.1                    0.1     0.3580568272187682                     10
                    264      1.605282911153634    -0.4521118887097986                    0.1                    0.1     0.3695608729346271                     10
                    265      1.618087055949013    -0.4592265396163761                    0.1                    0.1     0.3583091892731426                     10
                    266       2.12394433075113    -0.7300913624375176                    0.1                    0.1     0.4007242648333254                     10
                    267     0.6837438494995831     -1.143614065457216                    0.1                    0.1     0.4679713638448162                     10
                    268     0.1786009236019973       -1.7692750280939                    0.1                    0.1     0.5493742560607873                     10
                    269    -0.3358826784302434     -1.220591254837257                    0.1                    0.1     0.5210897058667762                     10
                    270    -0.1370612918517801     -1.309267761060477                    0.1                    0.1     0.4849680138223239                     10
                    271   -0.04539921488466777     -1.378839607174554                    0.1                    0.1     0.4697283544087497                     10
                    272     0.3998273950298215    -0.8164553495876322                    0.1                    0.1     0.5393694687465573                     10
                    273      1.827243110526424     -1.179366192918227                    0.1                    0.1     0.3912607411302682                     10
                    274      1.539970447685548     -1.034855632165827                    0.1                    0.1      0.349612922841361                     10
                    275      1.439783762219534    -0.2569631592088208                    0.1                    0.1     0.4642833393747174                     10
                    276      1.370718386851145    0.06753083836327667                    0.1                    0.1     0.5553823049993407                     10
                    277      1.655622694385782     -1.080888091460781                    0.1                    0.1     0.3602767380661908                     10
                    278      1.357609799740254     -1.460365236208768                    0.1                    0.1     0.5209376908106945                     10
                    279      1.422939095247016    -0.5734405293436234                    0.1                    0.1     0.4171370252083022                     10
                    280    -0.4152427973365643    -0.9095201568525092                    0.1                    0.1     0.5284676668216478                     10
                    281     -1.708269458126672     0.9970144081696121                    0.1                    0.1      0.547264840603317                     10
                    282     -1.054654169302481     0.6501336330658556                    0.1                    0.1     0.5374116980231824                     10
                    283     -1.666008144122016     0.2828578199847511                    0.1                    0.1     0.5404310552943002                     10
                    284     -1.717976041825729    0.01639095542555539                    0.1                    0.1     0.5216757085536147                     10
                    285     -1.508234326943393   -0.02541053991288818                    0.1                    0.1     0.5093388800192273                     10
                    286     -1.815931189416954     0.1290041312368914                    0.1                    0.1     0.5275311498962284                     10
                    287     -1.992349997940399     0.3511644886098176                    0.1                    0.1     0.5484770079198354                     10
                    288     -1.503049245236752     0.4431189379699723                    0.1                    0.1     0.4861808481881816                     10
                    289     -1.315737248827496     0.3963640701228975                    0.1                    0.1     0.5193882987737042                     10
                    290      -2.06519159336067     0.5732405092857373                    0.1                    0.1     0.5339651289945831                     10
                    291     -2.133463833433901     0.3578943686971676                    0.1                    0.1     0.5283652207673097                     10
                    292     -1.487743783540786     0.5681832984895381                    0.1                    0.1     0.4886140891475722                     10
                    293     -1.120282192659984     0.3571119286735556                    0.1                    0.1     0.5466198982707053                     10
                    294     -1.798839851519573      0.547735410873275                    0.1                    0.1     0.5343371990483474                     10
                    295     -1.891270709334613      1.056904188870075                    0.1                    0.1     0.5412028025814075                     10
                    296     -1.333645355410565      1.038193208513557                    0.1                    0.1     0.5500548847599702                     10
                    297     -1.613191948132257     0.7653702943078241                    0.1                    0.1     0.5185092371624911                     10
                    298     -1.852167380843331     0.8191647024907905                    0.1                    0.1     0.5381593391016776                     10
                    299     -1.954213609661968     0.7189719870412883                    0.1                    0.1       0.52470311503434                     10
                    300     -2.147685850317576     0.7439741202945601                    0.1                    0.1     0.5401640813716548                     10
                    301     -2.096974931619366      1.045663323996144                    0.1                    0.1     0.5208034208590323                     10
                    302     -1.961022120596698     0.9331507044150843                    0.1                    0.1     0.5114664217471458                     10
                    303     -1.464507581103789     0.7784045947481736                    0.1                    0.1     0.5292793861879752                     10
                    304      -1.60422042386143     0.7797364061221297                    0.1                    0.1     0.4815260772672884                     10
                    305      -2.28077176671593     0.7853677467060537                    0.1                    0.1     0.5271267078966163                     10
                    306     -2.062223039029345      1.038548596577194                    0.1                    0.1     0.4833584454121769                     10
                    307     -1.480371086682015      1.144045384982656                    0.1                    0.1     0.5285684626466802                     10
                    308     -1.364417901687262      1.205658650032032                    0.1                    0.1     0.5141993277916703                     10
                    309     -2.060836403944379      1.216345356446075                    0.1                    0.1     0.4974643346360159                     10
                    310     -2.106744872186731       1.16232070515767                    0.1                    0.1     0.4771631862629093                     10
                    311     -1.063630048060821     0.9156607817422114                    0.1                    0.1     0.5499883872559995                     10
                    312     -1.548733207259451     0.8876337522450781                    0.1                    0.1     0.4828925841778146                     10
                    313     -1.996159049125654     0.2083415615636988                    0.1                    0.1     0.5344889250140029                     10
                    314     -1.119350300313615    -0.1092875245821238                    0.1                    0.1     0.5520930499531842                     10
                    315     -1.887428390469337     0.2297458909083794                    0.1                    0.1     0.5123013430752987                     10
                    316     -1.547576084960973      1.108111364714275                    0.1                    0.1     0.5048532438871347                     10
                    317     -1.149100268868727      1.296346057447273                    0.1                    0.1     0.5349520517425957                     10
                    318     -1.725401786576326      1.146539025454821                    0.1                    0.1      0.516111167250749                     10
                    319     -2.176578448760367      1.191225566515139                    0.1                    0.1     0.4955691569954448                     10
                    320     -1.065392064067667     0.7114005904556663                    0.1                    0.1     0.5102456876281056                     10
                    321     -1.318898042255144     0.9372263360764339                    0.1                    0.1     0.5229701382247651                     10
                    322     -2.065689525065463     0.5944537445136109                    0.1                    0.1     0.4949002476947325                     10
                    323    -0.8659985221997114     0.9352167731646032                    0.1                    0.1     0.5509064671691311                     10
                    324     -1.414693182035978     0.8402582519322721                    0.1                    0.1     0.4929282796870447                     10
                    325     -1.984931725565626     0.6663564283657776                    0.1                    0.1     0.4816060409431525                     10
                    326    -0.8410411240627762      1.079875093746255                    0.1                    0.1     0.5445543083189435                     10
                    327     -1.496308515916071      1.083893319487933                    0.1                    0.1     0.4706745288287693                     10
                    328     -2.490745745151093       0.73776465594361                    0.1                    0.1     0.5345363005109945                     10
                    329     -1.201847510149146     0.8312655420891778                    0.1                    0.1     0.5042253583284557                     10
                    330      -1.17502794712952     0.8135925516417588                    0.1                    0.1     0.4769719827138544                     10
                    331     -1.824135874856122     0.7875678800280844                    0.1                    0.1      0.486916935500583                     10
                    332     -2.067800384616334        0.6062037166733                    0.1                    0.1     0.4583295080835955                     10
                    333     -1.513648953812923     0.4372284310614896                    0.1                    0.1     0.4520914787598855                     10
                    334     -1.151549389415278     0.4420726709271393                    0.1                    0.1      0.509875516486719                     10
                    335     -1.648936477393624     0.4337561497515156                    0.1                    0.1     0.4961564023982734                     10
                    336     -2.148402413056538     0.5244948126922281                    0.1                    0.1     0.4728978904594953                     10
                    337     -1.868058347759599     0.8623902892296648                    0.1                    0.1     0.4744087621531812                     10
                    338      -1.07460976676411     0.9740904296580406                    0.1                    0.1     0.5131836621730969                     10
                    339     -1.427884346718037     0.8829304425285953                    0.1                    0.1     0.4594285714453104                     10
                    340     -1.807015864993416     0.8226562237413774                    0.1                    0.1     0.4528611034493177                     10
                    341    -0.8044511348127886      1.091221382485352                    0.1                    0.1     0.5204201924558746                     10
                    342     -1.988446342151512     0.8568875252582077                    0.1                    0.1     0.4637150530769526                     10
                    343     -1.635010063305604     0.6121872288532038                    0.1                    0.1     0.4807532437222118                     10
                    344     -1.152850040122225     0.6587151915636287                    0.1                    0.1     0.4737760737489492                     10
                    345     -1.219291323100784     0.6473399179182028                    0.1                    0.1      0.476128735065417                     10
                    346      -1.52638493601109     0.6784481570711702                    0.1                    0.1     0.4584285351974127                     10
                    347     -2.107043977873681      1.048913977310073                    0.1                    0.1     0.4454464756630632                     10
                    348    -0.7636667581063705      1.376530855501716                    0.1                    0.1     0.5488028883369549                     10
                    349     -2.441123867237008     0.8087161084522031                    0.1                    0.1     0.4894836649755839                     10
                    350     -1.172952771915678     0.5739883771451316                    0.1                    0.1     0.4569204271065306                     10
                    351     -1.047821797019396     0.4663000108217433                    0.1                    0.1      0.500039680117348                     10
                    352      -1.92990430927733     0.7658148879710781                    0.1                    0.1     0.4288849536500326                     10
                    353     -0.938494503116732     0.9306857092298635                    0.1                    0.1     0.4983755084817731                     10
                    354     -2.219759429796651      1.206635422400519                    0.1                    0.1     0.4952599863480853                     10
                    355     -1.521733477423397      0.240128435582146                    0.1                    0.1     0.5108053099949961                     10
                    356     -1.164474869160846   -0.06617351901768621                    0.1                    0.1     0.5291729982402171                     10
                    357     -1.917362866550134      0.376184671469196                    0.1                    0.1     0.5053553412319768                     10
                    358     -1.517382278750023      1.478805134197895                    0.1                    0.1     0.4894802625435589                     10
                    359     -1.673958103764145      1.513801967735893                    0.1                    0.1     0.4644509259886432                     10
                    360     -1.677459839295476      1.248968263510543                    0.1                    0.1     0.4594053690351882                     10
                    361     -1.250319440022747     0.3617104333870538                    0.1                    0.1     0.4910736250173018                     10
                    362     -1.734885909037218    -0.2195124488435429                    0.1                    0.1     0.5388572057876094                     10
                    363     -1.258828830755215     0.6460892121959265                    0.1                    0.1       0.45957171529174                     10
                    364     -1.562748530071352     0.8418080779089502                    0.1                    0.1     0.4248558826391778                     10
                    365     -1.889033155042336        1.2074016922337                    0.1                    0.1     0.4763180409308937                     10
                    366     -1.997603172914897      1.228090559367695                    0.1                    0.1     0.4399818147272738                     10
                    367     -1.393011568499965     0.8227783829411655                    0.1                    0.1     0.4441281634395142                     10
                    368     -1.548757725777648     0.9638658892730054                    0.1                    0.1     0.4359456040455171                     10
                    369     -2.225638770902594     0.6019707921650043                    0.1                    0.1     0.4971746762253752                     10
                    370     -1.468556514405671     0.1740430378960413                    0.1                    0.1     0.5113635541224464                     10
                    371     -1.515361180658672     0.3441750324144133                    0.1                    0.1     0.4431635655281141                     10
                    372     -2.032375015399059     0.3681591501345206                    0.1                    0.1     0.4680699267857542                     10
                    373     -2.031174737927139     0.3819457813201643                    0.1                    0.1     0.4453124680001362                     10
                    374     -1.403583081730795      0.697800297682349                    0.1                    0.1     0.4608454201598161                     10
                    375     -1.763641235709499     0.3798885511652227                    0.1                    0.1     0.5015699510912831                     10
                    376     -1.946160024721428     0.7425484571788913                    0.1                    0.1     0.4154170605933519                     10
                    377     -2.361117773942244     0.8802672137804955                    0.1                    0.1      0.479942878819977                     10
                    378     -1.823596518720356      1.077409986058242                    0.1                    0.1      0.478694700683935                     10
                    379     -1.281657586130551     0.9762291716403173                    0.1                    0.1     0.4727883278559916                     10
                    380     -2.207513423908173     0.4456291840308769                    0.1                    0.1       0.48133128277177                     10
                    381     -1.449699626074045       1.12871086590619                    0.1                    0.1       0.44638131374133                     10
                    382     -1.634554901808374      1.073539931212705                    0.1                    0.1     0.4551381815347887                     10
                    383     -1.574784345344886     0.9460488994316932                    0.1                    0.1     0.4096233949773117                     10
                    384     -2.104970828685067     0.9611334173548812                    0.1                    0.1     0.4442887888177962                     10
                    385      -1.45963422711198      1.130456702990533                    0.1                    0.1     0.4205736921393534                     10
                    386      -1.46349355327954     0.9958654382922657                    0.1                    0.1     0.3953124376183006                     10
                    387     -2.166237686590662     0.5760708502492939                    0.1                    0.1     0.4297924999677829                     10
                    388     -1.122476485179433      1.082449066364256                    0.1                    0.1     0.5192383002374679                     10
                    389     -1.523924095507534     0.9753565513409717                    0.1                    0.1     0.3747533626627952                     10
                    390     -1.915584598646408     0.9587885383671675                    0.1                    0.1      0.433424205354796                     10
                    391    -0.9565541902715788      1.373117359448699                    0.1                    0.1     0.5365886502391017                     10
                    392     -2.145460095892073      1.074429363834886                    0.1                    0.1     0.4195016236218061                     10
                    393     -1.912915289598692     0.7381163251107412                    0.1                    0.1     0.3949242358091934                     10
                    394     -1.943975435328302     0.4830039583748457                    0.1                    0.1     0.4561110657485953                     10
                    395      -2.15413371146744     0.2929567317280722                    0.1                    0.1     0.4858555121541419                     10
                    396      -2.01765612865458     0.1341343110775398                    0.1                    0.1     0.5062228161543045                     10
                    397    -0.9939347359900581     0.5924809382189655                    0.1                    0.1     0.4902535429401283                     10
                    398      -2.41198819027523     0.9272543054533776                    0.1                    0.1     0.4737742147837068                     10
                    399      -1.41238475331554      1.337262787340592                    0.1                    0.1     0.4597695039458409                     10
                    400     -1.899662752283389      1.057426596998071                    0.1                    0.1      0.432805307776142                     10
                    401     -1.724006228172969     0.9154927773764234                    0.1                    0.1     0.4362561586594267                     10
                    402     -1.604122501195872     0.6033973676664262                    0.1                    0.1     0.4349738637110699                     10
                    403    -0.9851515884312358     0.3063844615241626                    0.1                    0.1     0.5309251452051538                     10
                    404     -1.149299247777189     0.4793540575863033                    0.1                    0.1     0.4343164974996771                     10
                    405     -2.334722661145296     0.9617694814518187                    0.1                    0.1     0.4757516402868254                     10
                    406     -1.786924747579405     0.4186412871380547                    0.1                    0.1     0.4734986641142792                     10
                    407     -1.178103318279894     0.1154851619135184                    0.1                    0.1      0.543965367165231                     10
                    408     -2.029692936593961     0.5419713054519721                    0.1                    0.1     0.3990373339885982                     10
                    409     -1.088147592944775      1.357181640537605                    0.1                    0.1     0.4972677837621147                     10
                    410     -1.429708228665982      1.402320249447019                    0.1                    0.1     0.4488901374117756                     10
                    411     -1.698568230041396     0.3192788131189181                    0.1                    0.1     0.4610242792297054                     10
                    412    -0.9867844311643513   0.001197734404806205                    0.1                    0.1     0.5408183953797477                     10
                    413     -2.355394229819923      1.034635004196548                    0.1                    0.1     0.4919590136839012                     10
                    414    -0.7555645193914514     0.5199954094104091                    0.1                    0.1     0.5530012463917384                     10
                    415     -1.747276161613555     0.5407599690194691                    0.1                    0.1     0.4550013713907869                     10
                    416    -0.8628634427931466     0.8484507054481298                    0.1                    0.1     0.5105691868355385                     10
                    417     -1.249983353666329     0.7519008302334559                    0.1                    0.1     0.4254528158232015                     10
                    418     -2.425829259905715     0.6760779989978895                    0.1                    0.1     0.5055566850599654                     10
                    419    -0.5921300711533937      1.030365686284941                    0.1                    0.1     0.5512207192508082                     10
                    420     -2.301475744542474     0.3640531084290668                    0.1                    0.1     0.5200605185275633                     10
                    421     -1.093078432102058    0.08316330330580893                    0.1                    0.1     0.5107516436937076                     10
                    422     -1.217652921963736     0.3239289482285508                    0.1                    0.1     0.4719646215377575                     10
                    423     -1.859073390287213      1.415863773003851                    0.1                    0.1     0.4642625959880091                     10
                    424     -1.023935563549142     0.6607205460572633                    0.1                    0.1     0.4450158915966315                     10
                    425     -1.537232202570219    -0.5251758825527943                    0.1                    0.1     0.5555555555555556                     10
                    426     -1.378671273916501      1.524049448876115                    0.1                    0.1     0.5119263729184325                     10
                    427     -1.224579730573863     0.7644028811037709                    0.1                    0.1     0.4031013443011613                     10
                    428     -1.684201690334225     0.2420627755673443                    0.1                    0.1     0.4551024193394054                     10
                    429    -0.8377815767286676     0.3747564618553621                    0.1                    0.1     0.5256958596241945                     10
                    430     -1.413412462271385     0.9238073762678565                    0.1                    0.1     0.3824342932219417                     10
                    431     -1.676680191438448     0.8711867738550958                    0.1                    0.1     0.4032278248111253                     10
                    432     -1.004026874221802     0.1731986073476496                    0.1                    0.1     0.5116422056093507                     10
                    433      -1.63372040303077     0.1373293934867602                    0.1                    0.1      0.465195897476763                     10
                    434     -1.790192355276338     0.6338155671426839                    0.1                    0.1     0.4336384894043753                     10
                    435     -1.561654118141325     0.9526897054484029                    0.1                    0.1     0.3539873893184607                     10
                    436     -1.860401589461691      1.225107848562762                    0.1                    0.1     0.4291038589375604                     10
                    437     -1.320415598325336      1.106236169694328                    0.1                    0.1     0.4509621992869349                     10
                    438     -2.229461234034018     0.4303481306549383                    0.1                    0.1      0.446733196330566                     10
                    439     -1.429680699657538     0.1102632468149428                    0.1                    0.1     0.4997795440770638                     10
                    440     -1.630161220777858     0.4987686302672488                    0.1                    0.1     0.4098897160916431                     10
                    441     -2.031317497712453      1.135056258427046                    0.1                    0.1     0.3872861273354048                     10
                    442     -2.256863580017699       1.09182584904638                    0.1                    0.1     0.4605628994780629                     10
                    443      -1.49675660885557     0.4810844139254608                    0.1                    0.1      0.390438181244717                     10
                    444     -1.436463887212958     0.4771928572651941                    0.1                    0.1     0.4008253674055248                     10
                    445     -2.242749763660953      0.440479057427502                    0.1                    0.1     0.4338849423305676                     10
                    446    -0.7982189452942444     0.8396523310870988                    0.1                    0.1     0.5069548931667527                     10
                    447     -2.348716816012915     0.6016024712272299                    0.1                    0.1       0.49573610539126                     10
                    448    -0.6586222288771447      1.342982834156911                    0.1                    0.1     0.5361834091491662                     10
                    449      -2.35724889306112      0.766360246186106                    0.1                    0.1      0.440420405810869                     10
                    450    -0.3850265899008077     0.9010237233196323                    0.1                    0.1      0.553999981673404                     10
                    451      -2.00346707741739     0.1964975523750286                    0.1                    0.1     0.4583850793783055                     10
                    452     -1.142173537952957     0.2632010356471017                    0.1                    0.1     0.4728716874812537                     10
                    453     -1.837362249565352     0.9217233348035695                    0.1                    0.1     0.4003216959480646                     10
                    454     -1.994908182975553      1.291608913193366                    0.1                    0.1     0.4226893699168893                     10
                    455     -1.707665347829019     0.6952766438578958                    0.1                    0.1     0.4145158327073665                     10
                    456     -1.216844921404745     0.1367323976192802                    0.1                    0.1     0.4896941066874561                     10
                    457     -1.832788090169853     0.4667424029570879                    0.1                    0.1     0.4286748121089081                     10
                    458     -1.515600690848541     0.7302664856147065                    0.1                    0.1      0.390673317449354                     10
                    459     -1.148811103937422      1.407047585992514                    0.1                    0.1     0.4762937152569313                     10
                    460     -2.075398933760811      1.130815539690649                    0.1                    0.1      0.363191042909273                     10
                    461     -1.760236278311896     0.6955946152716227                    0.1                    0.1     0.3940440814704458                     10
                    462     -1.811331486299737     0.6488402314114639                    0.1                    0.1     0.3836052792447472                     10
                    463     -1.966958084540709     0.5824566830828268                    0.1                    0.1     0.3902316549168438                     10
                    464     -1.960378967641134     0.2434581777966743                    0.1                    0.1     0.4263475484885212                     10
                    465     -1.263251776269522    0.08358984813739154                    0.1                    0.1     0.4868658782413622                     10
                    466       -2.2425620191285      0.858108689359646                    0.1                    0.1     0.4514120887874465                     10
                    467     -2.132673250440681     0.7684140355617757                    0.1                    0.1     0.4466239941573403                     10
                    468    -0.9404260103716101   -0.05898071925669532                    0.1                    0.1     0.5201016574604513                     10
                    469     -2.525916480283427     0.7931076879194529                    0.1                    0.1     0.4651543347046831                     10
                    470     -1.417533818600912      1.048145493812785                    0.1                    0.1     0.3712298728465802                     10
                    471     -1.571826093519864      1.302018193709452                    0.1                    0.1     0.4093455663072335                     10
                    472     -2.201229410347174     0.9265579022360391                    0.1                    0.1     0.4270429164870954                     10
                    473     -1.616749886906004     0.3249624811103409                    0.1                    0.1     0.4103258677863575                     10
                    474     -1.429175552456489     0.2614354961119399                    0.1                    0.1     0.4418412169677293                     10
                    475     -1.963718300637856     0.6729017808755523                    0.1                    0.1     0.3652175113226761                     10
                    476     -1.698259427277869     0.9682843881812242                    0.1                    0.1     0.3955319340762476                     10
                    477     -1.771971639811566      1.175540506141115                    0.1                    0.1     0.4250400149179576                     10
                    478     -1.807416045549187      1.250817035398839                    0.1                    0.1     0.3971476139563864                     10
                    479      -1.68879827413423     0.9566938963446338                    0.1                    0.1     0.3736853448352415                     10
                    480      -1.79782241271484     0.5544948397626385                    0.1                    0.1     0.3839034779839812                     10
                    481      -1.83854123076056     0.2698008174786504                    0.1                    0.1     0.4313093369856816                     10
                    482     -1.810889612984055     0.1298144903372989                    0.1                    0.1     0.4529105384709872                     10
                    483      -1.84995906680957     0.2848386914104261                    0.1                    0.1     0.4047082884394153                     10
                    484       -1.3635655336418     0.7621018815292607                    0.1                    0.1     0.4028591784476786                     10
                    485     -1.855736983545306     0.6557440734593751                    0.1                    0.1     0.3485403073836606                     10
                    486     -1.693397936534532      1.257853069493174                    0.1                    0.1     0.3947871711960201                     10
                    487     -1.265387776749088      1.241709309399117                    0.1                    0.1     0.4776228610190882                     10
                    488       -1.4838940011771     0.6832527122423927                    0.1                    0.1     0.3887224232352079                     10
                    489     -1.017300630726552     0.5742138335922472                    0.1                    0.1     0.4335194963260159                     10
                    490     -2.551849603080576     0.9218844392013037                    0.1                    0.1     0.4903968113896999                     10
                    491      -1.79607746887455     0.2394089044720239                    0.1                    0.1     0.3967283338082372                     10
                    492     -1.489127704659944     0.3131223328453731                    0.1                    0.1     0.3932177379213492                     10
                    493     -1.849037666498273     0.5573644945860698                    0.1                    0.1     0.3627584108211543                     10
                    494     -1.452391878800065     0.7875379308971794                    0.1                    0.1     0.3540444625411192                     10
                    495     -1.653858609294907     0.8847581918710519                    0.1                    0.1     0.3442578313453863                     10
                    496     -1.866992395388731      1.328426696451138                    0.1                    0.1     0.3900951792697426                     10
                    497    -0.9947894136504335     0.5414752276540389                    0.1                    0.1     0.4358101599895636                     10
                    498     -1.314547589024019     0.7844840982084655                    0.1                    0.1     0.3787697372318118                     10
                    499     -0.962223789987912      1.133600525369153                    0.1                    0.1     0.5128341985439537                     10
                    500     -2.120566081291067     0.3571282214901774                    0.1                    0.1     0.3973076352959359                     10
