#! FIELDS time p.x p.y sigma_p.x sigma_p.y height biasf
#! SET multivariate false
#! SET kerneltype gaussian
                      1     -1.748095752586835      1.258936197350338                    0.1                    0.1      0.888888888888889                     10
                      2    -0.5347372057876796      1.559383957179709                    0.1                    0.1      0.888888888888889                     10
                      3    -0.3752377139943492     0.9253502225721717                    0.1                    0.1      0.888888888888889                     10
                      4     -1.109319489904887     0.8772855946981514                    0.1                    0.1      0.888888888888889                     10
                      5    -0.4597642445251968      1.296544608246808                    0.1                    0.1     0.8870008827861171                     10
                      6     -1.193769553097751      1.006188933676765                    0.1                    0.1      0.865059130355211                     10
                      7    0.01870790707730478      1.643159745250016                    0.1                    0.1      0.888888888888889                     10
                      8     -2.305239003322543     0.8404894612842613                    0.1                    0.1      0.888888888888889                     10
                      9     0.4056718712823421       1.53657991890364                    0.1                    0.1      0.888888888888889                     10
                     10     -1.636844824962905     0.5294830263787202                    0.1                    0.1      0.888888888888889                     10
                     11    -0.3293220206267397     0.6530840200394312                    0.1                    0.1      0.887140008495203                     10
                     12     -2.548329452156203     0.8703521786613049                    0.1                    0.1     0.8849519864099883                     10
                     13     -1.183799286404575      1.301048175117388                    0.1                    0.1      0.887896796723354                     10
                     14    -0.8980799941702202       1.28641128559153                    0.1                    0.1     0.8875690567725022                     10
                     15     -2.219688983699486     0.3915760470094414                    0.1                    0.1      0.888888888888889                     10
                     16     -1.240505197397703     0.1540648291074888                    0.1                    0.1      0.888888888888889                     10
                     17     -1.026219620338779      0.146813522423492                    0.1                    0.1     0.8809730940505239                     10
                     18     -2.142220980168175      1.137359309044265                    0.1                    0.1     0.8886331561731945                     10
                     19     -1.803903458645859     0.8440681897331215                    0.1                    0.1     0.8887711622061623                     10
                     20    -0.9640053188898343    0.04142619872743254                    0.1                    0.1     0.8516560058493945                     10
                     21     -1.452280872711658    0.09633374323132071                    0.1                    0.1     0.8817981244374469                     10
                     22     -2.423843993951238     0.7655407247702301                    0.1                    0.1     0.8397313082260099                     10
                     23     -1.012352500204761      1.440711735348366                    0.1                    0.1     0.8697212984879213                     10
                     24     -1.255655698554719      1.318513245120788                    0.1                    0.1     0.8284522947211233                     10
                     25     -2.508447873102279     0.9205830188637247                    0.1                    0.1     0.8058334201525023                     10
                     26     -1.132237354543902      0.480925023155397                    0.1                    0.1     0.8885109890294191                     10
                     27     -0.702741589205697     0.2918030039410938                    0.1                    0.1      0.888820832534674                     10
                     28     -1.943646399646437     0.3377090449097596                    0.1                    0.1      0.887373097786445                     10
                     29     -1.516151821064864      0.893125667775106                    0.1                    0.1     0.8875464995767998                     10
                     30    -0.9342117090031146       1.19112912322765                    0.1                    0.1     0.8382024876098348                     10
                     31     -1.892878700211057      1.235835312985252                    0.1                    0.1     0.8601486110966311                     10
                     32     -2.335678037730372      1.109028136055625                    0.1                    0.1     0.8719949500062315                     10
                     33      -1.56638255356283   -0.03878087784521993                    0.1                    0.1     0.8725935581989294                     10
                     34     -1.281816140603066    -0.4470717006559797                    0.1                    0.1      0.888888888888889                     10
                     35     -1.322725024451129     0.8670958546495949                    0.1                    0.1     0.8568696041717123                     10
                     36    -0.7416870984455551     0.8108106204015948                    0.1                    0.1      0.888888888888889                     10
                     37     -2.007095637882459     0.1458228109766094                    0.1                    0.1     0.8782929957674811                     10
                     38    -0.9382880353052454     0.4600067130237254                    0.1                    0.1     0.8755855653586596                     10
                     39     -1.064372102641126     0.5516308323257636                    0.1                    0.1       0.81928420027898                     10
                     40      -2.13954999720142      1.035093397031446                    0.1                    0.1     0.8317470845348747                     10
                     41     -2.270044051778657      1.056221367956684                    0.1                    0.1     0.7765164231906525                     10
                     42     -1.683408305302379     0.5297184749415973                    0.1                    0.1     0.8199560627416759                     10
                     43     -1.351026269108541     0.4494695085343483                    0.1                    0.1      0.879656705892693                     10
                     44     -1.537251435531397     0.2036391969224617                    0.1                    0.1     0.8531128863079592                     10
                     45     -1.348720574700503     0.2253076193555464                    0.1                    0.1     0.8179426766370135                     10
                     46      -1.55269775758236     0.2759746096064543                    0.1                    0.1      0.810693011123118                     10
                     47     -1.778747746726618     0.1250572423691933                    0.1                    0.1     0.8739361398192057                     10
                     48     -1.801270592257873     0.1687655515081593                    0.1                    0.1     0.8035285764307653                     10
                     49     -1.733640874438664      0.165914691449854                    0.1                    0.1     0.7534464742133768                     10
                     50     -1.616383744181494    0.09279574505665793                    0.1                    0.1     0.7537863937480932                     10
                     51     -2.008399229122858     0.1283033229655972                    0.1                    0.1     0.7950279209123216                     10
                     52     -1.608741921017135     0.2234285221425897                    0.1                    0.1     0.7069418387147414                     10
                     53     -1.408053469920751     0.2023407289701322                    0.1                    0.1     0.7203386644859509                     10
                     54     -1.618951424735554      1.308166707699228                    0.1                    0.1     0.8575961016275945                     10
                     55     -1.030116106680936     0.3455965708913983                    0.1                    0.1     0.8240795628854735                     10
                     56     -1.881273918406942     0.1480145218062653                    0.1                    0.1     0.7112211529504164                     10
                     57      -2.06057918543228    0.06300501117330901                    0.1                    0.1     0.7848343486773196                     10
                     58    -0.8337246578649965    0.02369455762259618                    0.1                    0.1     0.8510587744208881                     10
                     59     -1.706277118604087      1.375956965172846                    0.1                    0.1     0.8095654131934363                     10
                     60    -0.9693053761247857     0.4889458533589375                    0.1                    0.1     0.7486035652006128                     10
                     61     -1.799339510563682   -0.06059642624390189                    0.1                    0.1     0.8491592139068028                     10
                     62     -1.353914452703741     0.1086102984457912                    0.1                    0.1     0.7289352745518083                     10
                     63     -1.264072784425997     0.9316287633563634                    0.1                    0.1     0.7753552913110624                     10
                     64     -1.298244180429658      1.082492334947529                    0.1                    0.1     0.8194408166939623                     10
                     65     -1.000827387788686     0.3850618228552516                    0.1                    0.1     0.7161898254340958                     10
                     66     -1.113022408223518     0.4188085735787307                    0.1                    0.1     0.7062192145852296                     10
                     67     -1.193659854144526     0.1998023414762989                    0.1                    0.1     0.7607246347709608                     10
                     68     -2.112622511495896      1.298101252438011                    0.1                    0.1     0.8585474584270312                     10
                     69     -2.093316888664764       1.16697735347579                    0.1                    0.1     0.7539023098753466                     10
                     70       -1.9349601921994      1.166280928514836                    0.1                    0.1     0.7911830180114742                     10
                     71     -1.104786075750474      1.297066082667607                    0.1                    0.1     0.7765637913537746                     10
                     72       -2.0147180331982      1.151773903924366                    0.1                    0.1     0.7124340737170954                     10
                     73     -2.430951052412914      1.054671422795112                    0.1                    0.1     0.7968574573690843                     10
                     74     -1.104777399417141      0.320344107869092                    0.1                    0.1     0.7018479580254317                     10
                     75     -1.135822678990537     0.2700454384687835                    0.1                    0.1     0.6850928812542442                     10
                     76     -1.901256095976377      1.171894459026305                    0.1                    0.1     0.7094655983481972                     10
                     77     -1.189056259149247      1.318124616691025                    0.1                    0.1     0.7117320790344372                     10
                     78     -1.733702176878327      0.934531570620962                    0.1                    0.1     0.8400949288108518                     10
                     79     -1.823222178232296     0.6454561948325721                    0.1                    0.1     0.8564011922954043                     10
                     80    -0.8884719765823301    -0.2702882161858682                    0.1                    0.1      0.887580198032029                     10
                     81     -1.526025248765623     0.3129951242823754                    0.1                    0.1     0.7155201296620468                     10
                     82     -1.330462928153872    -0.5064549614206361                    0.1                    0.1     0.8318219898463616                     10
                     83     -1.731706091039558      1.024561747963436                    0.1                    0.1     0.8105524363134301                     10
                     84    -0.7022374114339717      1.659673879702175                    0.1                    0.1     0.8771894821320929                     10
                     85      1.218652543171547     -1.172546186587911                    0.1                    0.1      0.888888888888889                     10
                     86     0.4751580385168501    -0.7624841503064828                    0.1                    0.1      0.888888888888889                     10
                     87     -0.587913393463904    -0.8107074615068518                    0.1                    0.1      0.888888888888889                     10
                     88      -2.17149960272059       1.31737636862191                    0.1                    0.1     0.7881498033095169                     10
                     89     -1.368035651595424      1.556966463021829                    0.1                    0.1     0.8852514811263794                     10
                     90     -1.517082122268024       1.40689334801041                    0.1                    0.1     0.8387189611086795                     10
                     91     -2.160602522817202      1.143959819400194                    0.1                    0.1     0.6486295933160975                     10
                     92     -1.755671307722909   -0.09975614567583665                    0.1                    0.1     0.8032281425340139                     10
                     93     -1.265751740494865     -0.188859117586696                    0.1                    0.1     0.8845423746726455                     10
                     94    -0.6540250635737705    -0.6988295488530751                    0.1                    0.1     0.8554936665303862                     10
                     95      0.176783739174385      -1.38207972769151                    0.1                    0.1      0.888888888888889                     10
                     96      1.515769917141757    -0.9888154751671238                    0.1                    0.1     0.8887934408751839                     10
                     97     -1.008336080458315    -0.7698838841031562                    0.1                    0.1     0.8888476568149476                     10
                     98     -2.110461772929793     0.6195620904495672                    0.1                    0.1     0.8829527278013417                     10
                     99     -0.617546095275894     0.9426064836788753                    0.1                    0.1     0.8695862760670467                     10
                    100     -1.593686130770606    0.03628818624869354                    0.1                    0.1     0.7001979229326164                     10
                    101    -0.9867828005806513     0.0680412721361292                    0.1                    0.1     0.7447007409475513                     10
                    102     -1.242441454974182      1.326613152807371                    0.1                    0.1     0.6873834770335924                     10
                    103     -1.153291437628556       1.08664385817108                    0.1                    0.1     0.7715790794312627                     10
                    104     -1.278857311632989    -0.4742088498978548                    0.1                    0.1     0.7600347814400614                     10
                    105     -1.620327106747023     0.6462049788804445                    0.1                    0.1      0.807872386573198                     10
                    106     -0.117391189683705     -1.321720564351972                    0.1                    0.1     0.8880175707072975                     10
                    107      1.924987265398926    0.01748383203358514                    0.1                    0.1      0.888888888888889                     10
                    108      1.071212217293639     0.1430543782014361                    0.1                    0.1      0.888888888888889                     10
                    109      1.486026252424597    -0.3671458729400177                    0.1                    0.1      0.888888888888889                     10
                    110     0.9339196769410134    -0.1887836229868907                    0.1                    0.1     0.8888215507653523                     10
                    111      1.425841713372884    -0.2475129045248045                    0.1                    0.1     0.8571655183646897                     10
                    112      1.132636826298075    -0.4494995732494264                    0.1                    0.1      0.888461517878064                     10
                    113      1.072961594370716    -0.2779316253637191                    0.1                    0.1     0.8540386069971782                     10
                    114       1.66566940834841      -0.72733068133003                    0.1                    0.1     0.8880460111943896                     10
                    115      2.232685183436685     -1.172504272241371                    0.1                    0.1      0.888888888888889                     10
                    116      1.920966114959477    -0.7014776422193845                    0.1                    0.1     0.8859529495231969                     10
                    117     0.9873698244289311    -0.1330299058116029                    0.1                    0.1      0.813657682221971                     10
                    118      1.258668210907089    -0.2072063760160903                    0.1                    0.1      0.856183360016282                     10
                    119      1.275002732353387     -1.104673238412707                    0.1                    0.1     0.8347205658657452                     10
                    120       1.11673862425822     -1.100037313479732                    0.1                    0.1     0.8332512236003358                     10
                    121      1.746071174542338    -0.5240606413060014                    0.1                    0.1      0.877380956903868                     10
                    122     0.8452190765870676     -0.758410136868869                    0.1                    0.1      0.888888888888889                     10
                    123      2.031106792804661    -0.2511799749212477                    0.1                    0.1     0.8876686244627013                     10
                    124     0.8199342504114222    -0.3567328543142203                    0.1                    0.1     0.8747889459493714                     10
                    125      1.883724781395356   -0.02537593482213477                    0.1                    0.1     0.8230259095835972                     10
                    126     0.7534616366349849    -0.3719712044454146                    0.1                    0.1     0.8259900603205569                     10
                    127      1.866941121066066    -0.5540571986045782                    0.1                    0.1     0.8294189541237033                     10
                    128     0.6006721017117624    -0.6936655917799561                    0.1                    0.1     0.8577512989104541                     10
                    129      1.942207116055052    -0.4527808319937806                    0.1                    0.1     0.8377455392507525                     10
                    130      1.388782444434118    -0.4036959685862753                    0.1                    0.1      0.817076164304934                     10
                    131      1.016161915168048    -0.4660298878776871                    0.1                    0.1     0.8306151929456836                     10
                    132       1.97831962250743    -0.2037634956425968                    0.1                    0.1     0.8122526556620313                     10
                    133      1.376437550368199    -0.1860031836645547                    0.1                    0.1     0.7863527604569608                     10
                    134      1.034751645019933    -0.3000075253288549                    0.1                    0.1     0.7450887341526106                     10
                    135      1.565508950004548     -0.377799519698929                    0.1                    0.1     0.8015497535078154                     10
                    136       1.79545178554944    -0.3903386666687306                    0.1                    0.1     0.8174876679058037                     10
                    137      1.415664961517858    -0.9422388081682456                    0.1                    0.1     0.8385466830027229                     10
                    138      1.186625784353796     -1.036814561452049                    0.1                    0.1     0.7754849404915071                     10
                    139       1.68376334812257     -1.231321043011049                    0.1                    0.1     0.8878690412968397                     10
                    140     0.5162210116295214    -0.8001336404001982                    0.1                    0.1     0.7956653093960326                     10
                    141       1.75667470637383     0.1803610648943281                    0.1                    0.1     0.8798950908972717                     10
                    142     0.6777445468654449    -0.2342402487894797                    0.1                    0.1     0.8518440685887489                     10
                    143      1.817094788989853    -0.6701014141799627                    0.1                    0.1     0.7731604040813035                     10
                    144      1.230644780202879     0.2412137272353575                    0.1                    0.1     0.8752696212974402                     10
                    145      1.634521430082615    0.05875704411113702                    0.1                    0.1     0.8679812853197374                     10
                    146       1.92289123220471    -0.6999082216310432                    0.1                    0.1     0.7522414032370479                     10
                    147      1.429979435686204     -1.075853741851266                    0.1                    0.1     0.7948618187138036                     10
                    148      1.246311027950468     -1.438198653875654                    0.1                    0.1     0.8863780473966127                     10
                    149      2.082068808646349     -1.106636111317565                    0.1                    0.1     0.8686184302428246                     10
                    150      1.126125376381733     -1.319148690188041                    0.1                    0.1     0.8433579103879505                     10
                    151      2.333067409663983     -1.066093024471608                    0.1                    0.1     0.8591783553485954                     10
                    152     0.8980160395933652     -1.620633860568504                    0.1                    0.1      0.888888888888889                     10
                    153     0.4724383485766963     -1.704133006680518                    0.1                    0.1      0.888888888888889                     10
                    154       1.13441994915086     -1.298497555333598                    0.1                    0.1     0.7673146601846424                     10
                    155     0.8217667128901502     -1.422444304497547                    0.1                    0.1     0.8799569254113785                     10
                    156    -0.5670492756842186    -0.9374961727703711                    0.1                    0.1     0.8519661229877954                     10
                    157      2.330370224179509    -0.3585038303434494                    0.1                    0.1     0.8883841725719149                     10
                    158     -0.823057597782602     -1.850397155453351                    0.1                    0.1      0.888888888888889                     10
                    159      2.542527886629969    -0.9470710980357999                    0.1                    0.1     0.8846954098168013                     10
                    160    -0.6469920639373056     -2.064581075995009                    0.1                    0.1     0.8871946167698315                     10
                    161      1.791441042374355    -0.4965532446458252                    0.1                    0.1     0.7045295876930583                     10
                    162    -0.3092481186856224    -0.4971505606995454                    0.1                    0.1      0.888888888888889                     10
                    163       -1.5935427631007      1.462420716285015                    0.1                    0.1     0.7910982545481534                     10
                    164     0.5188473816930802     -1.744028647718682                    0.1                    0.1     0.8255889450406124                     10
                    165      1.034429074012643     -1.665521704637323                    0.1                    0.1      0.859988246836939                     10
                    166      -1.93974285237002      1.073602427817532                    0.1                    0.1     0.7195071883540481                     10
                    167    -0.2254549084339947     -1.501843451445063                    0.1                    0.1     0.8802185993261554                     10
                    168       1.77308473954799   -0.04723998439938723                    0.1                    0.1     0.8079052368628458                     10
                    169     0.8538998498586677     -0.232687107949091                    0.1                    0.1     0.7464090043111258                     10
                    170      1.999740341958022     -0.262831860884243                    0.1                    0.1     0.7477631876058187                     10
                    171     0.2210261062489595     -1.179479084682302                    0.1                    0.1     0.8797140248308234                     10
                    172    -0.3788730756284547     -1.701450697189418                    0.1                    0.1     0.8855978340822956                     10
                    173      1.176867467911926    -0.8319215896259842                    0.1                    0.1     0.8749035935064349                     10
                    174     0.5982289947065779     -1.076043054714604                    0.1                    0.1     0.8874920717574519                     10
                    175    -0.6810151759662149     -1.297974071892079                    0.1                    0.1      0.888888888888889                     10
                    176      1.065090985545543     -1.441482579488318                    0.1                    0.1     0.8134299729443367                     10
                    177     0.6533328533774316     -1.418969058878594                    0.1                    0.1     0.8690243290506969                     10
                    178    -0.3180835001140084     -1.043008570363653                    0.1                    0.1     0.8865832080591199                     10
                    179      1.856001245604021    -0.5739921685112361                    0.1                    0.1     0.6483564713940455                     10
                    180    -0.5873011861974953     -1.609735306106173                    0.1                    0.1      0.882341808510989                     10
                    181      2.460686019001488    -0.7202576792456573                    0.1                    0.1     0.8845931859682961                     10
                    182   -0.04940782573098525     -1.725822382447732                    0.1                    0.1     0.8871983316506363                     10
                    183     0.1922362785682699     -1.143154421533476                    0.1                    0.1     0.8170099520921389                     10
                    184      1.882702428919127    -0.6677082110316911                    0.1                    0.1     0.6401696580268831                     10
                    185    -0.7847517489230267     -1.487774878274043                    0.1                    0.1     0.8759837571770978                     10
                    186      1.649215526816531    -0.9032701982431627                    0.1                    0.1     0.8428653308163241                     10
                    187   0.007315461660077269      -1.43316406077382                    0.1                    0.1     0.8482902142721671                     10
                    188    -0.4364599516538316    -0.2735004883927085                    0.1                    0.1     0.8860020991878573                     10
                    189     -1.708900494622124      1.422878275515396                    0.1                    0.1     0.7437723476925437                     10
                    190    -0.5443884417880664      0.773099286494673                    0.1                    0.1     0.8551673879593658                     10
                    191     -2.238192172384212     0.2990893378479798                    0.1                    0.1     0.8349380990252291                     10
                    192     0.2776087121771579     0.8945099146601072                    0.1                    0.1      0.888888888888889                     10
                    193    -0.4499484123885947      1.527962770904526                    0.1                    0.1     0.8314454683439385                     10
                    194     -1.049723726863603      1.224677961355465                    0.1                    0.1     0.7258926531976794                     10
                    195     0.7454433112114947     0.8605080091475705                    0.1                    0.1      0.888888888888889                     10
                    196     -1.373556119439866      1.206702652590996                    0.1                    0.1     0.8066611433205571                     10
                    197    -0.5821950048123695      1.399143417305403                    0.1                    0.1     0.8339576516901847                     10
                    198     -2.545203468994532      1.066814125370947                    0.1                    0.1      0.811121260582348                     10
                    199     -1.565760522245938   -0.07453340827748477                    0.1                    0.1     0.7487605615438693                     10
                    200     -1.274501872044108     0.1307749725570835                    0.1                    0.1     0.6711076187053751                     10
                    201     -1.628676461556793      1.413597879496596                    0.1                    0.1     0.6683473513577098                     10
                    202     -1.565178874575985      1.414332042488401                    0.1                    0.1     0.6547715923386196                     10
                    203      -2.14769092082381      1.232976624292976                    0.1                    0.1     0.6362698032096642                     10
                    204     -1.144859095460139     0.1732227902950949                    0.1                    0.1     0.6526784382486404                     10
                    205     -1.274532148798737      0.171903990069368                    0.1                    0.1     0.5953510570352213                     10
                    206     -2.249313397170315      1.102910246389794                    0.1                    0.1     0.6451611990735939                     10
                    207     -1.774177942703653      1.222138428066608                    0.1                    0.1     0.6973773601921692                     10
                    208     -1.415585409588509      1.028599467153798                    0.1                    0.1     0.7931109816362452                     10
                    209     -1.214559808226195     0.7097938863747428                    0.1                    0.1     0.8473768370908968                     10
                    210     -1.349885579855959     0.3960667986356277                    0.1                    0.1     0.7615446450101853                     10
                    211     -1.591170077053552     0.5534294821818457                    0.1                    0.1     0.7321538295560309                     10
                    212     -2.213526668230779     0.4505196104137137                    0.1                    0.1     0.7929180371393492                     10
                    213      -2.26926758731369     0.7684704017238868                    0.1                    0.1     0.8009657592289542                     10
                    214      -1.87600207786587       1.14231358106368                    0.1                    0.1     0.6293015773114182                     10
                    215      -1.73885296389635       1.03065185837023                    0.1                    0.1     0.7238112884839983                     10
                    216     -1.803326693819258     0.3980625621355844                    0.1                    0.1     0.8195779498779215                     10
                    217     -1.814361704946355     0.4173069532241289                    0.1                    0.1     0.7586114054540424                     10
                    218     -1.833545129516667      0.559178593708468                    0.1                    0.1     0.7557862033112951                     10
                    219     -1.831415093791048     0.6394235163693026                    0.1                    0.1      0.728958581567104                     10
                    220      -1.54421644672507      1.195306601420367                    0.1                    0.1     0.7939845211905753                     10
                    221     -1.963982153299416      1.049268378593247                    0.1                    0.1     0.6658484585327733                     10
                    222     -1.989226833903332     0.5662629327521648                    0.1                    0.1     0.7946499633645813                     10
                    223     -2.093544843907069     0.4440330480564622                    0.1                    0.1     0.7676628738437509                     10
                    224     -1.865097428562816     0.5374545083265847                    0.1                    0.1     0.6641594921230592                     10
                    225     -1.446691171245795     0.5602442855743872                    0.1                    0.1     0.7995465755971701                     10
                    226      -1.24235991499385     0.8363899965475117                    0.1                    0.1     0.7226683687623134                     10
                    227     -1.660643650838282       1.04384473674505                    0.1                    0.1     0.7223374393202758                     10
                    228     -2.228256146552083     0.9899711381376428                    0.1                    0.1     0.6884175018924095                     10
                    229     -1.954257196985494     0.9728793067411317                    0.1                    0.1     0.7302172316527377                     10
                    230    -0.8756899572511676     0.8821909254571511                    0.1                    0.1     0.8559556542954575                     10
                    231     -1.617407494868773     0.7204477481156703                    0.1                    0.1     0.7652484542191957                     10
                    232     -2.201532879134063     0.7313474161429359                    0.1                    0.1     0.7770778658090111                     10
                    233     -1.730844229500937     0.8476772163699415                    0.1                    0.1      0.716854455088306                     10
                    234    -0.7667474919699068     0.8903079284237234                    0.1                    0.1     0.7733766780128458                     10
                    235      -2.32169951361167     0.8178672422788034                    0.1                    0.1     0.6898703113297219                     10
                    236     -1.934975822670197     0.7819890269718072                    0.1                    0.1     0.7944174253653731                     10
                    237      -1.06799569898433      0.845643946688344                    0.1                    0.1     0.7687198796374094                     10
                    238     -1.207347933585059      1.073936872223879                    0.1                    0.1     0.6738648004616175                     10
                    239     -2.367713409336403     0.5174872643422113                    0.1                    0.1     0.8472628224115957                     10
                    240     -1.371920319513743     0.4753335356946302                    0.1                    0.1      0.717678246780114                     10
                    241      -1.22029871916511     0.6028314761754011                    0.1                    0.1     0.7653951380568828                     10
                    242     -1.464689736843797      1.007319542826058                    0.1                    0.1     0.7390464634714425                     10
                    243     -1.815890991606191      0.871041588171655                    0.1                    0.1     0.6630759515422612                     10
                    244     -2.127454644502385      0.771445763120177                    0.1                    0.1     0.7540977598394334                     10
                    245     -1.728960194576069       1.09228989992194                    0.1                    0.1      0.633491598151099                     10
                    246     -2.128604949012811     0.8846442481571717                    0.1                    0.1     0.7296163457563887                     10
                    247      -1.95701029622998     0.9802718498447043                    0.1                    0.1     0.6422721612382577                     10
                    248     -1.517378516270758     0.7713180523468112                    0.1                    0.1     0.7659854821328259                     10
                    249     -1.696809764104768     0.4544266877688846                    0.1                    0.1     0.6625365346653166                     10
                    250     -1.276453650870763     0.6009530876375275                    0.1                    0.1     0.7223512926790262                     10
