#! FIELDS time p.x p.y sigma_p.x sigma_p.y height biasf
#! SET multivariate false
#! SET kerneltype gaussian
                      1     -2.061130589128988     0.8209492005892537                    0.1                    0.1      0.888888888888889                     10
                      2    -0.6251185504620442      1.303636607456041                    0.1                    0.1      0.888888888888889                     10
                      3     -2.206273223168357       1.13340116552103                    0.1                    0.1      0.888708934785029                     10
                      4      -1.90755482942619     0.6705111371816639                    0.1                    0.1     0.8810692095213943                     10
                      5    -0.8358193886744123     0.6464373883028675                    0.1                    0.1      0.888888888888889                     10
                      6     -1.032979578234202     0.6653741666952504                    0.1                    0.1      0.877820554560564                     10
                      7     -1.968664512209719     0.3101244746937741                    0.1                    0.1      0.888888888888889                     10
                      8     -0.480256686044157     0.5523227796444582                    0.1                    0.1     0.8888888200117219                     10
                      9     -1.541854759206223     0.5087665090882071                    0.1                    0.1      0.888888888888889                     10
                     10    -0.8093392782234946      1.400816095035313                    0.1                    0.1     0.8798841395996542                     10
                     11     -1.330892144857237      1.166193580235404                    0.1                    0.1      0.888888888888889                     10
                     12     -2.446708534871262     0.8760252216728942                    0.1                    0.1     0.8887731145609775                     10
                     13     -1.242748306535963     0.3979890422770597                    0.1                    0.1     0.8881577498158401                     10
                     14    -0.8113634603678546     0.3717514519351605                    0.1                    0.1     0.8871236489881792                     10
                     15     -1.781402609378384      0.487083523553379                    0.1                    0.1      0.875152909880586                     10
                     16     -2.405001840312505     0.8247390324621425                    0.1                    0.1     0.8272829544823183                     10
                     17     -1.494600677014781      1.339282226090047                    0.1                    0.1      0.884264830024588                     10
                     18     -1.193337995496211      1.378395694946786                    0.1                    0.1     0.8848820266705385                     10
                     19     -1.970175079936945       1.24412525695823                    0.1                    0.1     0.8862507388587971                     10
                     20     -2.243415244119278      1.037007566003139                    0.1                    0.1     0.8374928727769579                     10
                     21     -2.018139120108384     0.7714267450464387                    0.1                    0.1     0.8036786158566062                     10
                     22     -1.401909387583797     0.4940916086249544                    0.1                    0.1     0.8464524288814823                     10
                     23     -1.285483640524892     0.4411731635726812                    0.1                    0.1     0.7927988383610619                     10
                     24      -1.63693892114582      0.540325773370476                    0.1                    0.1     0.8151944746919116                     10
                     25     -2.074088543260939     0.5780467821915818                    0.1                    0.1     0.8610299615561207                     10
                     26    -0.9319829937106365      1.072011934730372                    0.1                    0.1      0.888769195417783                     10
                     27     -1.171397263274687      0.952979159240537                    0.1                    0.1     0.8839176289474017                     10
                     28     -2.379952344124704     0.5016111577102715                    0.1                    0.1     0.8879706197449647                     10
                     29     -1.877091363983402     0.7701742142689475                    0.1                    0.1     0.8052774943451196                     10
                     30     -1.017126364358582     0.2561270607665313                    0.1                    0.1      0.881426875344767                     10
                     31     -1.457440517168456     0.1657288420972979                    0.1                    0.1     0.8876604898506003                     10
                     32     -2.314771306958051     0.2849109441782437                    0.1                    0.1     0.8826055597568615                     10
                     33    -0.4372535035315074      1.303292851240096                    0.1                    0.1     0.8754307513797774                     10
                     34     -2.481363392946308     0.8828496760211816                    0.1                    0.1     0.7746797439488603                     10
                     35     -0.539852425874525      1.643925187202424                    0.1                    0.1     0.8886028162712507                     10
                     36     -2.420993472678613     0.8903449747352203                    0.1                    0.1     0.7117686642820599                     10
                     37    -0.9580987944942685     0.7102187160063027                    0.1                    0.1     0.8082615873634932                     10
                     38    -0.5885276973509729     0.7615416568101776                    0.1                    0.1     0.8820575757894796                     10
                     39    -0.1375516640877719      1.189897933739461                    0.1                    0.1     0.8884293964201103                     10
                     40     -2.043833870627714     0.6201301944526177                    0.1                    0.1     0.7643629409551245                     10
                     41     0.1765160019392168      1.620659707749511                    0.1                    0.1      0.888888888888889                     10
                     42     -1.551258479913017     0.9260352992181273                    0.1                    0.1     0.8884429518727935                     10
                     43    -0.7616209995183685      1.187336888355869                    0.1                    0.1      0.856705984736799                     10
                     44     -1.939719828638077      0.840880670468249                    0.1                    0.1     0.7539517096589999                     10
                     45     -2.364761136595174     0.7720274608901552                    0.1                    0.1     0.7575972730770572                     10
                     46    -0.8177018957713145      1.134066484580806                    0.1                    0.1     0.7980980284630301                     10
                     47     -1.113766226107959     0.9368194265380914                    0.1                    0.1     0.8164562860574598                     10
                     48     -2.282901564595174     0.3085812219450384                    0.1                    0.1     0.8113494422528006                     10
                     49     -1.453726893222973     0.2341565695971599                    0.1                    0.1     0.8212507002764048                     10
                     50     -1.091622264391541     0.1899081760328354                    0.1                    0.1     0.8389098300891115                     10
                     51     -1.359168312059271     0.5071237699301179                    0.1                    0.1     0.7497378485622715                     10
                     52     -1.999061653989537      1.441894898186413                    0.1                    0.1     0.8782393479946253                     10
                     53     -1.418004513283345     0.6213565794640068                    0.1                    0.1     0.7995412948710006                     10
                     54     -1.269315228164852     0.1447767601507326                    0.1                    0.1     0.8480750098157619                     10
                     55     -1.718959015610576      0.250490165827205                    0.1                    0.1      0.876816598889601                     10
                     56     -2.154650691430122     0.1772089558463836                    0.1                    0.1     0.8580126355578325                     10
                     57     -1.114700604571337     0.6655814067680784                    0.1                    0.1     0.8089160953438135                     10
                     58    -0.7891682416795969     0.7103857609210433                    0.1                    0.1     0.8044344770075477                     10
                     59     -2.308027555205522     0.3217181190611396                    0.1                    0.1      0.739515444627534                     10
                     60     -1.132498167406221      1.400839289140994                    0.1                    0.1     0.8261959825763062                     10
                     61     -1.180556251889727      1.215821671055956                    0.1                    0.1     0.8303783283723225                     10
                     62     -2.158815973357468      1.192257911408951                    0.1                    0.1     0.8053349494257234                     10
                     63      -2.05490117507907      1.271866403729611                    0.1                    0.1     0.7856341511055737                     10
                     64     -1.357836773524215      1.078625829692826                    0.1                    0.1     0.8208764145955327                     10
                     65     -1.309773606225392      1.252757943431018                    0.1                    0.1     0.7671062589273319                     10
                     66     -1.451213781073018      0.934197769055088                    0.1                    0.1      0.822011177763333                     10
                     67     -1.620881928334182     0.5699354288756101                    0.1                    0.1     0.7522709608100714                     10
                     68     -1.649545896476188     0.2309008358749871                    0.1                    0.1     0.8083319898154234                     10
                     69     -1.686024535708516     0.0411378192404533                    0.1                    0.1     0.8663452549757046                     10
                     70     -1.824412305368377   -0.06538436648311957                    0.1                    0.1      0.871784394277801                     10
                     71     -1.744797491134086    0.07924937373226748                    0.1                    0.1     0.7820423560397031                     10
                     72     -2.034230912312097      1.101066234056434                    0.1                    0.1     0.8048818682009337                     10
                     73     -1.815962712375914      1.230265290907126                    0.1                    0.1     0.8571066177629577                     10
                     74     -1.738488681034632      1.331395176129252                    0.1                    0.1      0.846497840466591                     10
                     75     -1.858241325773337      1.227268950545942                    0.1                    0.1     0.7487666525517372                     10
                     76     -2.140696207675183      1.153793818624585                    0.1                    0.1     0.6908399437825066                     10
                     77     -1.994444461458075      1.196769956990566                    0.1                    0.1     0.6747721172799706                     10
                     78     -1.985881213046068      1.168562912831718                    0.1                    0.1      0.645803719694194                     10
                     79     -2.104255521335397      1.056883891596479                    0.1                    0.1     0.6924902458388507                     10
                     80     -1.666651593633702      1.057018693306219                    0.1                    0.1     0.8579274750461129                     10
                     81       -2.1171934314629     0.6589604827741117                    0.1                    0.1     0.7455338501439379                     10
                     82     -1.790987156628488     0.6393684632088833                    0.1                    0.1     0.7761361227117498                     10
                     83     -1.522401696931189     0.8249975180476574                    0.1                    0.1     0.8050969142988783                     10
                     84     -1.188940840248186     0.7942340341379399                    0.1                    0.1     0.8103073527051327                     10
                     85     -1.453970556975853     0.7397786692501288                    0.1                    0.1     0.7850955793803552                     10
                     86      -2.28524891787891      0.768233984685269                    0.1                    0.1     0.7664441849014931                     10
                     87     -2.009803612726092     0.9130856062631036                    0.1                    0.1     0.7397846015759625                     10
                     88     -1.097995427318945       1.16636187602641                    0.1                    0.1     0.7997296468839258                     10
                     89      -1.71925350288725      1.106450094502702                    0.1                    0.1     0.7868025527623091                     10
                     90     -2.013847758341943     0.9289691632710597                    0.1                    0.1     0.6948873454127665                     10
                     91     -2.314940481429237     0.6867698732055366                    0.1                    0.1     0.7541042565045896                     10
                     92     -1.744111277879665      1.054595029609889                    0.1                    0.1     0.7491936341756084                     10
                     93     -1.226225465656035      1.107154927500485                    0.1                    0.1     0.7234985384277436                     10
                     94     -1.478208717292365      1.050566439941077                    0.1                    0.1     0.7579162437490155                     10
                     95     -2.019786617438393     0.8302798864647996                    0.1                    0.1     0.6148409321700852                     10
                     96     -2.303264231852269     0.9674856520017031                    0.1                    0.1     0.7396786988568037                     10
                     97     -1.924857724809416      0.856030003153489                    0.1                    0.1      0.631540826502708                     10
                     98     -1.300786677760279      0.645189031697441                    0.1                    0.1      0.769340619459286                     10
                     99     -1.554797545234887     0.3575307624774269                    0.1                    0.1     0.7774282678457567                     10
                    100     -1.859669842762086     0.3087016804753352                    0.1                    0.1     0.8025764151161827                     10
                    101     -1.636918498862169     0.4045193115098642                    0.1                    0.1     0.7211305601193904                     10
                    102     -1.344676099243089     0.3472539049741932                    0.1                    0.1      0.732970202544195                     10
                    103     -1.344961687526309     0.4466382948466208                    0.1                    0.1     0.6364472485943573                     10
                    104      -2.40679211279781      1.011877446277985                    0.1                    0.1     0.7417390458060503                     10
                    105     -1.277266550347998      1.054880734536154                    0.1                    0.1     0.6912526345546494                     10
                    106     -1.318181532998135     0.9320123488623895                    0.1                    0.1     0.7354764482557381                     10
                    107     -1.722024088166367     0.9228095206897433                    0.1                    0.1     0.7792100049849014                     10
                    108     -1.617643734954281     0.9765681766350872                    0.1                    0.1     0.6821073297677011                     10
                    109     -1.153455139114629      1.032838299700228                    0.1                    0.1     0.6779772183976353                     10
                    110     -1.688404489804772     0.3934266320955045                    0.1                    0.1     0.6903628933862547                     10
                    111     -1.927568207867244     0.1584140912744663                    0.1                    0.1     0.8218617623271627                     10
                    112     -1.768757100775111     0.2850631265137276                    0.1                    0.1      0.687332392137983                     10
                    113     -1.593119807225512     0.2685406582936194                    0.1                    0.1     0.6671690237722294                     10
                    114     -1.717593150353187      0.165154068650894                    0.1                    0.1     0.6639796399003414                     10
                    115     -1.785446922210894      1.244379048569082                    0.1                    0.1     0.6793427913835849                     10
                    116     -1.416854919615397       1.40081489161467                    0.1                    0.1     0.8180631007955346                     10
                    117      -1.49669214129649      1.281062220944013                    0.1                    0.1     0.7658823955137859                     10
                    118     -2.271189908913589     0.6744804607040735                    0.1                    0.1     0.7147434202887354                     10
                    119     -0.744253199675757      1.125716678115102                    0.1                    0.1     0.7614472373332372                     10
                    120     -1.874304956030633     0.6499537071012507                    0.1                    0.1     0.6804967125711513                     10
                    121     -1.368127151971411     0.9047179393691497                    0.1                    0.1     0.6904825179137437                     10
                    122    -0.7159773881013572     0.7635038979562344                    0.1                    0.1     0.7888505087889187                     10
                    123     -1.299349845236538     0.8716217336136451                    0.1                    0.1      0.678450397185158                     10
                    124      -1.04432304030834        1.3551528340618                    0.1                    0.1     0.7943882278888386                     10
                    125     -2.190769282118928       1.00360749560312                    0.1                    0.1     0.6653059606270157                     10
                    126     -1.394075316022637     0.4710191432050839                    0.1                    0.1     0.6008211633661991                     10
                    127    -0.7334669824533893     0.3697725610639647                    0.1                    0.1     0.8301131969693311                     10
                    128     -2.495657157057416     0.8745022270703591                    0.1                    0.1     0.6500614583440096                     10
                    129        0.1959294594488      1.319822130031824                    0.1                    0.1     0.8880284069572195                     10
                    130    -0.9276837578990289     0.9819501086166162                    0.1                    0.1     0.7951696261266261                     10
                    131    -0.7891360576459689     0.9120382784996086                    0.1                    0.1     0.8138772710851273                     10
                    132     -1.161670516713673     0.1167919801710334                    0.1                    0.1     0.7948080588738216                     10
                    133    -0.8839341731473516     0.3197674762591851                    0.1                    0.1     0.7900501777874572                     10
                    134    -0.2987384370813573     -1.246907113955362                    0.1                    0.1      0.888888888888889                     10
                    135      2.034520124804731    -0.5075099458705018                    0.1                    0.1      0.888888888888889                     10
                    136     -1.148344004093426     -1.043437367752835                    0.1                    0.1      0.888888888888889                     10
                    137     -1.841227880846097      1.047833546894849                    0.1                    0.1     0.7072292659843805                     10
                    138    -0.4142332441795434       1.09067704176593                    0.1                    0.1     0.8787514522119722                     10
                    139     0.2366181447187229     0.2614673205000568                    0.1                    0.1      0.888888888888889                     10
                    140     0.6562575929025283     -1.305790463789258                    0.1                    0.1      0.888888888888889                     10
                    141      2.058981330136187    -0.9990000408207614                    0.1                    0.1      0.888888888888889                     10
                    142     0.9528606956273877     0.3834123226706339                    0.1                    0.1      0.888888888888889                     10
                    143      1.957022684385488    -0.2419682287686069                    0.1                    0.1     0.8871643091271845                     10
                    144      1.074649932373712     -1.384280214607556                    0.1                    0.1      0.888888888888889                     10
                    145      1.421618970996682     -1.460172378411648                    0.1                    0.1      0.888888888888889                     10
                    146      1.943720152021261    -0.7565886256578438                    0.1                    0.1     0.8843837615671745                     10
                    147      1.263874054753698   -0.01776871303473187                    0.1                    0.1      0.888888888888889                     10
                    148      1.176914328532836     0.1595022696834096                    0.1                    0.1     0.8771674357812707                     10
                    149      1.750199633593795    -0.8593584528475612                    0.1                    0.1     0.8815223147589841                     10
                    150      0.825365381748412     -1.588879039636536                    0.1                    0.1     0.8881079109449067                     10
                    151    -0.2178733239062944    -0.3199776275119582                    0.1                    0.1      0.888888888888889                     10
                    152    0.05744676126449372     -1.714074434947146                    0.1                    0.1      0.888888888888889                     10
                    153      1.919028409906391     -1.081430695429946                    0.1                    0.1     0.8660183523506599                     10
                    154    -0.4621629615787943    -0.9403358438127885                    0.1                    0.1     0.8887043616846039                     10
                    155     0.2474841905593591     -1.203106104555146                    0.1                    0.1      0.888888888888889                     10
                    156      1.704120273540046    -0.9009443295149241                    0.1                    0.1     0.8235484015503133                     10
                    157     0.4254965609212663      -1.71863755980513                    0.1                    0.1      0.888888888888889                     10
                    158     0.7469147478522664     -1.295015714455133                    0.1                    0.1     0.8372251191921775                     10
                    159      1.469638291664166    -0.9700729975723259                    0.1                    0.1     0.8843725284254328                     10
                    160    0.07680988786865132    -0.7546152166546941                    0.1                    0.1      0.888888888888889                     10
                    161    -0.4977299756866886    -0.9968141271903486                    0.1                    0.1     0.8272822974380705                     10
                    162     -2.108380097061685      1.458337084932905                    0.1                    0.1     0.8304157747440789                     10
                    163    -0.7344258452308439     0.0163937701345368                    0.1                    0.1     0.8885250719305208                     10
                    164     -1.854362545863968     0.3338019149931714                    0.1                    0.1     0.6823036416286856                     10
                    165    -0.8177976066337005      1.372615971039076                    0.1                    0.1     0.7857851260463086                     10
                    166     -1.653419412602313     0.9714403517954029                    0.1                    0.1     0.6352831758924473                     10
                    167     -1.074804740651967    -0.8054703859210812                    0.1                    0.1     0.8853349608463538                     10
                    168     -1.877797428238544      1.407616363934152                    0.1                    0.1     0.7743381286641008                     10
                    169    -0.2312404263747342   -0.09906669664138357                    0.1                    0.1     0.8820747585366696                     10
                    170      2.477170676329436    -0.9966601286720144                    0.1                    0.1      0.888888888888889                     10
                    171     0.2877922708078753     -1.771263047652721                    0.1                    0.1     0.8579852470666989                     10
                    172     -1.231170019152925    -0.0170105674907241                    0.1                    0.1     0.8435543179835641                     10
                    173      -1.05564758264328    -0.5233890519514149                    0.1                    0.1     0.8874408977666507                     10
                    174      1.730925215473781    -0.9042721197871948                    0.1                    0.1     0.7523452852038892                     10
                    175     0.3207495430343181     -1.506666280769886                    0.1                    0.1      0.881009440523035                     10
                    176     -1.849488380342414      1.041167174320015                    0.1                    0.1     0.6591285006093239                     10
                    177    -0.9532516076140238     -0.587546448849225                    0.1                    0.1     0.8482419579690865                     10
                    178     0.3411243229968624     -1.865648502243736                    0.1                    0.1     0.8292341562982534                     10
                    179      2.319140151935984    -0.8972746296332074                    0.1                    0.1     0.8735577780734508                     10
                    180     0.3908829484151908    -0.1900207968495933                    0.1                    0.1      0.888888888888889                     10
                    181      2.107289063447123    -0.1775168267756272                    0.1                    0.1     0.8681157585835829                     10
                    182     0.2608089862246913     -1.212742298908973                    0.1                    0.1     0.8132975104978499                     10
                    183      1.494583664221554     -1.158530173505109                    0.1                    0.1     0.8749875906067627                     10
                    184     0.9838801914218739     -1.169525534810703                    0.1                    0.1     0.8815748283604227                     10
                    185      2.070607303326484    -0.4807855747493772                    0.1                    0.1     0.8165031354659246                     10
                    186      1.212104623266278    -0.2181875884478866                    0.1                    0.1     0.8796422973502166                     10
                    187      1.236142640952542     -0.233315042803166                    0.1                    0.1     0.8098863613940083                     10
                    188      1.994631617783153    -0.3072861737620126                    0.1                    0.1     0.7951017046103015                     10
                    189     0.9993174860763837    -0.8124763874431434                    0.1                    0.1      0.888788849281393                     10
                    190      1.181016761015016    -0.6698816735907867                    0.1                    0.1     0.8834078453459326                     10
                    191      1.965259767396444     -1.100651535781586                    0.1                    0.1     0.7942188640887933                     10
                    192     0.3975945177264379     -0.656878386014295                    0.1                    0.1     0.8886026957344562                     10
                    193     0.7283135955737428     -0.398005647707122                    0.1                    0.1      0.888888888888889                     10
                    194      1.419667321403306    -0.4214161069621882                    0.1                    0.1     0.8852519277052006                     10
                    195      1.861288846361147     -1.212819658816599                    0.1                    0.1     0.8393571906909162                     10
                    196      1.387415028524302     -1.524109603448481                    0.1                    0.1     0.8298395051868224                     10
                    197      1.656613939509707     -1.388496992590453                    0.1                    0.1     0.8808107632060453                     10
                    198      1.134320600336885    -0.4452574328500415                    0.1                    0.1     0.8731177657823387                     10
                    199      1.482011574517335    -0.1867888133852855                    0.1                    0.1     0.8779536491497443                     10
                    200      1.113585156280268    -0.2364506495075676                    0.1                    0.1     0.8010168675973337                     10
                    201      1.739744562591006    -0.9198217591374201                    0.1                    0.1     0.7023148072133415                     10
                    202      1.928037475659388    -0.9985713345242769                    0.1                    0.1      0.741352286531694                     10
                    203      1.132494688233268   -0.02724882255474074                    0.1                    0.1     0.8236377307674967                     10
                    204       1.31763921224683    -0.2541736131492961                    0.1                    0.1     0.7621445070138529                     10
                    205     0.9326573153016947    -0.4931719264030724                    0.1                    0.1     0.8720741590653144                     10
                    206      1.779621797771651     -1.406989802771406                    0.1                    0.1     0.8454494927062007                     10
                    207      1.032008769468445     -1.344801203175451                    0.1                    0.1     0.8091404543205108                     10
                    208      1.104002991794941     0.2306982344781149                    0.1                    0.1     0.8328345680702296                     10
                    209      1.361155497178991    -0.2192789647180969                    0.1                    0.1     0.7324569734891255                     10
                    210    -0.1981660288104824      0.918316514349015                    0.1                    0.1     0.8855290969855872                     10
                    211     -1.034950095884145     0.8293376926242477                    0.1                    0.1     0.7471048327557513                     10
                    212     0.1714942026684032      1.151704189850084                    0.1                    0.1     0.8697884193604563                     10
                    213     -2.068138979515719      1.150785751017213                    0.1                    0.1     0.5612462401817442                     10
                    214      0.962079205853166     0.9482147342740819                    0.1                    0.1      0.888888888888889                     10
                    215     0.6994361584274226      -1.36743525018315                    0.1                    0.1     0.7814723428485282                     10
                    216    -0.1520057681861556     0.1360176456080526                    0.1                    0.1     0.8852742087169589                     10
                    217     -2.138181229544604   -0.01888920854519908                    0.1                    0.1     0.8756376275329458                     10
                    218   0.001704846978400711      1.967848771078422                    0.1                    0.1      0.888888888888889                     10
                    219      0.662101836367009    -0.5508734509519736                    0.1                    0.1      0.866351052417745                     10
                    220      1.752527825201246     0.3956188632631619                    0.1                    0.1      0.888888888888889                     10
                    221     0.2153961090738236    -0.3559697076875266                    0.1                    0.1     0.8844814056679069                     10
                    222     -2.072247469179508     0.8190182978287279                    0.1                    0.1     0.5897451105422653                     10
                    223     0.1757111672749493      1.191374288122099                    0.1                    0.1       0.78886144333759                     10
                    224    -0.6635230664096311     0.3925589163716829                    0.1                    0.1     0.8013964536223677                     10
                    225    -0.8124577107538716      1.251156929093346                    0.1                    0.1     0.7108799909148189                     10
                    226     0.5992333915447067    -0.7538831702405594                    0.1                    0.1     0.8744619588233358                     10
                    227      1.222087003639127    -0.1087985831515093                    0.1                    0.1     0.7026516348576672                     10
                    228    -0.2802529077307111     -0.996491086021103                    0.1                    0.1     0.8659517191709782                     10
                    229     -2.539783874648332      1.180685117745346                    0.1                    0.1     0.8792298579835522                     10
                    230     0.1646264321574998      -1.31803185189559                    0.1                    0.1     0.8316596745309669                     10
                    231       1.10230376887065   -0.07109038914262683                    0.1                    0.1     0.7439572737654419                     10
                    232      1.055896655194925    -0.3026978992469663                    0.1                    0.1      0.782795222394335                     10
                    233    -0.3442494740521809      1.518971114987421                    0.1                    0.1      0.878624871718849                     10
                    234     -1.380334077454384      1.086836630948776                    0.1                    0.1     0.6271874917593414                     10
                    235     0.1338014990416638    0.01183031221437703                    0.1                    0.1     0.8858315178412782                     10
                    236    -0.3694785841886684      -1.57869496772465                    0.1                    0.1     0.8886379771768317                     10
                    237    0.05561504709817913      1.057290544148745                    0.1                    0.1     0.8435929452519981                     10
                    238     -1.328999427636831    0.02910473613011826                    0.1                    0.1     0.7893068901384851                     10
                    239    -0.6832679166579996     0.9203491259719742                    0.1                    0.1      0.797724799662242                     10
                    240     -1.777557442487348     0.2359025666867143                    0.1                    0.1     0.6018542289611007                     10
                    241     -1.479747097055799    -0.1607212636149151                    0.1                    0.1     0.8823963618688242                     10
                    242     -1.577074019546649      0.836297148902116                    0.1                    0.1     0.6821521732407216                     10
                    243      -1.28737526349341      1.364694376386041                    0.1                    0.1     0.7228194354264925                     10
                    244     -2.144533683988687      1.031146164130589                    0.1                    0.1     0.5857183382727343                     10
                    245     -1.702283344315513     0.2437747008727124                    0.1                    0.1     0.5553418641138795                     10
                    246     -1.697723150038551    0.04108020933582707                    0.1                    0.1     0.6903472581620469                     10
                    247     -2.011178623798671     0.8441516715878011                    0.1                    0.1     0.5188302065230764                     10
                    248     -1.680363108183211      1.046813995157263                    0.1                    0.1     0.5817297301870238                     10
                    249      -1.64097528710821      1.260416237922207                    0.1                    0.1     0.7354671781653129                     10
                    250     -1.443132198648808      1.462032106377902                    0.1                    0.1     0.7744323893368605                     10
