#! FIELDS time p.x p.y sigma_p.x sigma_p.y height biasf
#! SET multivariate false
#! SET kerneltype gaussian
                      1     -1.762713305444098     0.4463632273195058                    0.1                    0.1     0.5555555555555556                     10
                      2     -2.125688027605808      1.238832245648649                    0.1                    0.1     0.5555555555555556                     10
                      3     -1.241094706588662     0.8066218584102727                    0.1                    0.1     0.5555555555555556                     10
                      4     -1.159509700131769     0.8185412295019225                    0.1                    0.1      0.533966181087721                     10
                      5     -1.920432895720024     0.8361519349816574                    0.1                    0.1     0.5555555555555556                     10
                      6     -2.246477372633856     0.5941232227257655                    0.1                    0.1     0.5555555555555556                     10
                      7      -1.91866845663682     0.4858570798361305                    0.1                    0.1     0.5470435950252192                     10
                      8     -1.340179807889703     0.3859623751290316                    0.1                    0.1     0.5555555555555556                     10
                      9     -1.168942452531677     0.4673628672882799                    0.1                    0.1     0.5503800600860977                     10
                     10     -2.016356629445493     0.3697629713800981                    0.1                    0.1     0.5449223290096158                     10
                     11      -1.41451045627321     0.4397639946480257                    0.1                    0.1     0.5341641065481523                     10
                     12    -0.7174750804136754     0.5341859236625028                    0.1                    0.1     0.5555555555555556                     10
                     13     -1.669944376907849     0.6838527563953232                    0.1                    0.1     0.5537134298283503                     10
                     14     -2.361961973877685      1.036927439241269                    0.1                    0.1     0.5553084405864014                     10
                     15    -0.9257989123354197      1.343085846271086                    0.1                    0.1     0.5555555555555556                     10
                     16     -1.362899191556006      1.306409573068182                    0.1                    0.1     0.5555555555555556                     10
                     17     -2.232713741040292     0.9534980642114513                    0.1                    0.1     0.5457410066290943                     10
                     18     -1.880985006203213     0.3776263529995763                    0.1                    0.1     0.5169333306194956                     10
                     19    -0.9934345952488823     0.3370210254471352                    0.1                    0.1     0.5526044923748284                     10
                     20     -1.105800966766648     0.1933750521951313                    0.1                    0.1     0.5488635447881264                     10
                     21     -2.330955486963296      0.700574627935574                    0.1                    0.1      0.542555637042572                     10
                     22     -1.824856450430357      1.227323693150547                    0.1                    0.1     0.5552227246924208                     10
                     23     -1.229856546021048      1.385815444835196                    0.1                    0.1       0.54604553938116                     10
                     24     -1.532577263751496      1.306156521794068                    0.1                    0.1       0.54773603155313                     10
                     25     -2.359298775686234      0.904401759256785                    0.1                    0.1     0.5275817838310711                     10
                     26     -1.845953816036592     0.4629828121216885                    0.1                    0.1     0.4912551541563522                     10
                     27     -1.245440929002946    -0.1403366850464203                    0.1                    0.1     0.5555555555555556                     10
                     28     -1.559071910629809    0.09173974257921665                    0.1                    0.1     0.5555553457224041                     10
                     29     -2.376305504466708      1.072705808290379                    0.1                    0.1     0.5156663913328726                     10
                     30     -1.397016637137256      1.293637233891721                    0.1                    0.1     0.5114636287126312                     10
                     31     -1.164348211899396      1.227995340877463                    0.1                    0.1     0.5430089669508636                     10
                     32     -2.219695705878211     0.6819934880809275                    0.1                    0.1     0.5187565591163855                     10
                     33     -1.326578509248664      0.574347225812521                    0.1                    0.1     0.5357279881428996                     10
                     34    -0.6652957715829568     0.6017658265754221                    0.1                    0.1     0.5344803129176875                     10
                     35     -2.221202995715946     0.2389733386308702                    0.1                    0.1     0.5539750925960445                     10
                     36     -1.332149449557405     0.4005716741430866                    0.1                    0.1     0.4955157888651836                     10
                     37     -1.163635668062913     0.5418644014804666                    0.1                    0.1     0.5187212191237872                     10
                     38       -1.4303729101639      1.029061634153454                    0.1                    0.1     0.5532070551162567                     10
                     39     -2.005627452710432      1.443015330981998                    0.1                    0.1     0.5531004716412036                     10
                     40     -1.305824885888597   0.009751472716678106                    0.1                    0.1      0.545626555369191                     10
                     41     -1.428371478397716    -0.1527572917101895                    0.1                    0.1     0.5453980015234764                     10
                     42     -1.994828286439059     0.2880240802253488                    0.1                    0.1     0.5177202656227263                     10
                     43     -1.822055500697943      0.573414633784634                    0.1                    0.1     0.5085111186557576                     10
                     44     -1.022425220145225      1.208859600013411                    0.1                    0.1      0.536426861483165                     10
                     45     -1.485699344018592      1.272579049095663                    0.1                    0.1     0.4981572320444593                     10
                     46     -2.388498090669369      1.014082038953186                    0.1                    0.1     0.4842736336486953                     10
                     47     -1.133610733317486     0.6759380669376496                    0.1                    0.1     0.5214773915855927                     10
                     48     -1.112042304227843     0.5286154204981567                    0.1                    0.1     0.4948573239683743                     10
                     49     -2.333264798309617     0.2970484409734644                    0.1                    0.1     0.5413281361653363                     10
                     50    -0.6452105758668314     0.5851543281211946                    0.1                    0.1     0.5080219362755218                     10
                     51     -1.281428816353543     0.5297127823462595                    0.1                    0.1     0.4716844311851012                     10
                     52     -1.694967290034404     0.5550965208144218                    0.1                    0.1     0.5094186873983224                     10
                     53     -1.099509164831875      0.650473591771414                    0.1                    0.1     0.4890514885359494                     10
                     54     -1.597494647397102      1.014098060155836                    0.1                    0.1     0.5468088833331658                     10
                     55     -1.881201658986345      1.292884144524916                    0.1                    0.1     0.5289196782867045                     10
                     56     -2.057865655567875      1.264329497187948                    0.1                    0.1     0.5196383811547552                     10
                     57     -1.735674471648259      0.892078844064532                    0.1                    0.1     0.5421271188144613                     10
                     58      -1.26464641431061     0.5335860626090639                    0.1                    0.1     0.4458528988097682                     10
                     59     -1.260777608860568     0.3388121211704361                    0.1                    0.1     0.4901722808365475                     10
                     60     -1.615489459273225      0.928664358071697                    0.1                    0.1     0.5175189286906885                     10
                     61      -1.45994134218054     0.6628598276718962                    0.1                    0.1     0.5348599740861617                     10
                     62     -1.494786808745605     0.4785583389999691                    0.1                    0.1     0.5071867212260185                     10
                     63     -1.661669702468425     0.2858302286678909                    0.1                    0.1     0.5422788424427768                     10
                     64      -1.69985544974242     0.3575723924709904                    0.1                    0.1     0.4993678260764898                     10
                     65     -1.797407899518688     0.2757589047761671                    0.1                    0.1     0.5024050599591707                     10
                     66     -1.884040372922976     0.4153586223773526                    0.1                    0.1     0.4431603644933587                     10
                     67     -1.914978582936555     0.4225967816742139                    0.1                    0.1     0.4310536145459447                     10
                     68     -1.770439115459804     0.6013195755340432                    0.1                    0.1     0.4750753039498711                     10
                     69      -1.72395946593741      1.036327395854969                    0.1                    0.1     0.5193135853393444                     10
                     70     -1.305720945402004      1.139273437344284                    0.1                    0.1     0.5243414354968908                     10
                     71      -1.39961359179296     0.8434351826877526                    0.1                    0.1     0.5316311128450727                     10
                     72     -1.836026715814116     0.5342428436706409                    0.1                    0.1     0.4272180902556382                     10
                     73     -1.851641628922827     0.4855415754579637                    0.1                    0.1     0.3952307352915965                     10
                     74    -0.8999546123071975     0.6450630258966041                    0.1                    0.1     0.5418256638073976                     10
                     75     -1.837917735440098     0.3288294384142219                    0.1                    0.1     0.4293830503597745                     10
                     76     -2.177984516009186     0.4005211049082288                    0.1                    0.1      0.526040638452035                     10
                     77     -1.658422893460015     0.2690621451736199                    0.1                    0.1     0.4855790661408218                     10
                     78     -1.762117221052401     0.5528780281925961                    0.1                    0.1     0.4141690700574118                     10
                     79      -2.31024503449699      1.036767974444826                    0.1                    0.1     0.4676283330377575                     10
                     80     -1.577320553785526     0.4553633164242502                    0.1                    0.1      0.487079614103574                     10
                     81     -1.527670111766511     0.1506943788611378                    0.1                    0.1     0.5180070106676283                     10
                     82     -1.642377306650901    0.05994046767578807                    0.1                    0.1     0.5192012410344542                     10
                     83     -1.717370528922063     0.6355016159855904                    0.1                    0.1     0.4471043184975503                     10
                     84     -1.494211760022315      1.356128651477136                    0.1                    0.1     0.4878508740369324                     10
                     85     -1.641036284506022      1.038449417062882                    0.1                    0.1     0.4852937381694944                     10
                     86     -1.700083580668427      1.189356487084768                    0.1                    0.1     0.5128709064278943                     10
                     87     -2.151734890896227     0.9480003363410572                    0.1                    0.1     0.5195092121149698                     10
                     88     -2.169154319138167     0.6819942678412366                    0.1                    0.1     0.5057873659224303                     10
                     89     -2.111551417039235     0.5849806907002593                    0.1                    0.1     0.5062063156104621                     10
                     90       -1.5198066769444     0.6539032285391715                    0.1                    0.1     0.4962294365941821                     10
                     91     -1.840193610983881      0.966241814440573                    0.1                    0.1     0.5139172928263327                     10
                     92     -1.893457910163503      1.043802876311189                    0.1                    0.1     0.5148430825022957                     10
                     93     -1.950081076469874     0.7569818961910517                    0.1                    0.1     0.5185259900049297                     10
                     94     -1.958084198040404     0.5820492909430961                    0.1                    0.1     0.4619826067220084                     10
                     95     -1.570424648838941     0.5822039108011168                    0.1                    0.1     0.4597949006096101                     10
                     96     -1.983000303334392      0.892417657456844                    0.1                    0.1     0.5017886893981721                     10
                     97     -1.967451820686036      1.020991957271957                    0.1                    0.1     0.4974552280390476                     10
                     98     -1.751087921664309     0.6328245813803013                    0.1                    0.1     0.4125721393695649                     10
                     99     -2.146426446410895      0.595444498243394                    0.1                    0.1     0.4675367776559665                     10
                    100     -1.534397793281546     0.6614536897433836                    0.1                    0.1     0.4564538766027529                     10
                    101     -1.795252780665471     0.8467606016736323                    0.1                    0.1     0.4769671656317015                     10
                    102      -1.83738574695075      1.034289017505553                    0.1                    0.1     0.4572650857241055                     10
                    103     -1.778250133296279     0.9208810654781819                    0.1                    0.1     0.4365866168469569                     10
                    104     -2.241913710679009     0.7750431941232209                    0.1                    0.1     0.4821012734352642                     10
                    105     -1.639010534514727     0.7821996976160832                    0.1                    0.1     0.4728502610793799                     10
                    106     -1.696037530274088     0.8472710734935003                    0.1                    0.1     0.4399160990125947                     10
                    107     -2.175798280366263     0.7842134806926474                    0.1                    0.1     0.4685478455364359                     10
                    108     -1.608841022155616      1.001169550642007                    0.1                    0.1     0.4428498315432872                     10
                    109     -1.568587675447153     0.8693292049753669                    0.1                    0.1     0.4576701997219392                     10
                    110     -2.136753585583655     0.7640913232111315                    0.1                    0.1     0.4523458468948943                     10
                    111     -1.618140844527436     0.6667677244800029                    0.1                    0.1     0.4120334725009155                     10
                    112     -1.545876223831411     0.4151270520589196                    0.1                    0.1     0.4597337106151622                     10
                    113     -2.014598657429091     0.7539928880945983                    0.1                    0.1     0.4639418746481253                     10
                    114     -1.648399243194563       0.97352260571514                    0.1                    0.1     0.4016890999506272                     10
                    115     -1.379417591589948      1.035248820449861                    0.1                    0.1     0.5011977762743726                     10
                    116      -2.07109034147725     0.5306897976735051                    0.1                    0.1     0.4569164985134475                     10
                    117     -1.958637304958692     0.5748659113860328                    0.1                    0.1     0.4189478150860236                     10
                    118     -1.373748529153304     0.6320003842523476                    0.1                    0.1     0.4579539841695243                     10
                    119     -1.437013764543678     0.8374096346106246                    0.1                    0.1     0.4789181230222871                     10
                    120     -2.182040597286249     0.8618219073747843                    0.1                    0.1     0.4460432229337394                     10
                    121     -1.664508517897332      0.915495052867945                    0.1                    0.1     0.3842316277126552                     10
                    122      -1.38721658681659     0.7743393528570172                    0.1                    0.1     0.4623717250308657                     10
                    123     -2.257983549259254     0.7733665238231889                    0.1                    0.1     0.4246009324314163                     10
                    124     -1.990999363195656     0.8965403616087491                    0.1                    0.1     0.4444416522300824                     10
                    125     -1.450587318895496      1.105774471008919                    0.1                    0.1     0.4738855572087579                     10
                    126     -1.788169483880667     0.9981415804396211                    0.1                    0.1     0.3961597485005885                     10
                    127     -1.606480816676173     0.3051431948988788                    0.1                    0.1     0.4531730419761358                     10
                    128     -1.938998170870296     0.2096313006284028                    0.1                    0.1     0.5029553816922399                     10
                    129     -1.881187087172182     0.9214210364673314                    0.1                    0.1     0.3988769477535228                     10
                    130     -1.994032408058964     0.9355661173704415                    0.1                    0.1     0.4221084792491549                     10
                    131     -1.907740351766147      1.062371357972183                    0.1                    0.1     0.4278301042688242                     10
                    132     -1.607942973932924      1.112428123596941                    0.1                    0.1     0.4430593026883056                     10
                    133     -1.691894614986874      0.588752921428756                    0.1                    0.1      0.375206398269725                     10
                    134     -1.426323697695436     0.9533701218894899                    0.1                    0.1     0.4493743093596849                     10
                    135     -1.811909401159586     0.9225952444821985                    0.1                    0.1     0.3623215916161127                     10
                    136     -1.924598402422818      1.142092567634435                    0.1                    0.1     0.4582885561527621                     10
                    137     -1.776517026236927      0.862597685873838                    0.1                    0.1     0.3692425211258052                     10
                    138     -1.992371116607951      1.188851915381673                    0.1                    0.1     0.4711118066433871                     10
                    139     -1.539634829464773     0.6614456639174088                    0.1                    0.1     0.3979908050791742                     10
                    140     -1.963024580853772     0.3050697273575212                    0.1                    0.1     0.4314918273728098                     10
                    141     -1.340354014844093     0.7451918178209922                    0.1                    0.1     0.4465853293079404                     10
                    142     -2.006920765725588      1.187837113313476                    0.1                    0.1     0.4528837059047127                     10
                    143     -2.097076979849139      1.051253958508727                    0.1                    0.1     0.4691360429832925                     10
                    144     -1.445901341569312       1.10114846697627                    0.1                    0.1     0.4395421610143212                     10
                    145     -1.626312143701079     0.3615763370038045                    0.1                    0.1     0.4199405706406398                     10
                    146       -2.1217269835299     0.3319788804034973                    0.1                    0.1     0.4770053692968417                     10
                    147      -1.53925945315938     0.4325901198801323                    0.1                    0.1     0.4151807677783101                     10
                    148     -1.676272825231703      1.253785687676904                    0.1                    0.1     0.4877290991067921                     10
                    149     -1.594917439831197     0.8392665683555958                    0.1                    0.1     0.3928307936889719                     10
                    150     -2.199336612776113      0.824636280981985                    0.1                    0.1     0.4017973110245908                     10
                    151     -1.556666792470604     0.7930676422628804                    0.1                    0.1     0.3922933751274999                     10
                    152     -1.654635343599007     0.8492707563988675                    0.1                    0.1     0.3525894036809638                     10
                    153     -2.193858999412047     0.6127630085964215                    0.1                    0.1     0.4115894935585077                     10
                    154     -1.422156343191816      1.022269753965186                    0.1                    0.1     0.4161879387810476                     10
                    155     -1.938257749782268      0.467606108286686                    0.1                    0.1     0.3663163477204597                     10
                    156     -2.269381816681646     0.4010557361317299                    0.1                    0.1     0.4965755749500471                     10
                    157     -1.063151526879281     0.4641133086253394                    0.1                    0.1     0.4826751898385094                     10
                    158     -1.936031648176525      1.205374970903216                    0.1                    0.1     0.4267886009075968                     10
                    159     -1.434764448856186      1.123458122229958                    0.1                    0.1     0.4153150563397183                     10
                    160     -1.336932472229307      0.330347534468614                    0.1                    0.1     0.4618488385696105                     10
                    161     -2.174576550613686     0.5010862522774782                    0.1                    0.1     0.4348138832386078                     10
                    162     -1.638397549423505      1.086891582673937                    0.1                    0.1     0.3903539114086647                     10
                    163     -1.468793757658794      0.264414188467291                    0.1                    0.1     0.4762448294153321                     10
                    164     -1.873169897735623     0.3878093918898385                    0.1                    0.1     0.3517705970460067                     10
                    165     -1.751081560461886      1.191084005189803                    0.1                    0.1     0.4343891811630321                     10
                    166     -1.586482801237763       1.31515878402399                    0.1                    0.1     0.4634195996889051                     10
                    167     -2.119951492184118     0.8208174739498787                    0.1                    0.1     0.3935292025522296                     10
                    168     -1.423720920242371     0.1062891924237784                    0.1                    0.1     0.5057586646512073                     10
                    169     -1.284389686590399     0.7350707758307359                    0.1                    0.1     0.4404761565015316                     10
                    170      -1.65971332695388      1.346646923081712                    0.1                    0.1     0.4782363035951193                     10
                    171     -1.332684966976945     0.7244906534598915                    0.1                    0.1     0.4101835134135348                     10
                    172     -1.398935233724753     0.1515827991523015                    0.1                    0.1     0.4843970218628174                     10
                    173     -1.219679333724143      0.713066683704319                    0.1                    0.1     0.4252882465147781                     10
                    174     -2.210501605252316      1.150916456708915                    0.1                    0.1     0.4947429200905628                     10
                    175      -1.56959124667041    0.09241955821573383                    0.1                    0.1     0.4600710156781387                     10
                    176     -1.383669840272355    -0.1709614651650626                    0.1                    0.1     0.5133524395564698                     10
                    177     -1.585849923278622      1.520409198511548                    0.1                    0.1     0.5389103005429332                     10
                    178     -1.031204816515477      1.181896632023983                    0.1                    0.1     0.5114799649303611                     10
                    179     -1.757667306727164     0.2320208839539578                    0.1                    0.1     0.4449069912048073                     10
                    180    -0.7882926927559191     0.6170593301947824                    0.1                    0.1     0.5016967921447789                     10
                    181     -2.299640937735341      1.042438866361924                    0.1                    0.1     0.4298883866172946                     10
                    182     -1.441967990412212     0.4177743612931779                    0.1                    0.1     0.4046117736996328                     10
                    183     -1.169689290073877    0.09488227505057005                    0.1                    0.1     0.5264044797410853                     10
                    184     -2.347223712505116      1.163861975464251                    0.1                    0.1     0.4828777307157643                     10
                    185     -1.129827492281209     0.5462494819654711                    0.1                    0.1     0.4200340005700126                     10
                    186     -1.591241276019989     0.2397252943413566                    0.1                    0.1     0.4132240042075624                     10
                    187     -1.419919559181093     0.9545125381604388                    0.1                    0.1     0.3995327692888411                     10
                    188     -1.801963043715068      1.023739431126399                    0.1                    0.1     0.3480620014922079                     10
                    189     -1.598459227985865     0.8525929914276257                    0.1                    0.1     0.3478188017411941                     10
                    190     -1.731078976567793     0.2894492747107099                    0.1                    0.1     0.3875304381953587                     10
                    191     -1.686974430864921      0.203583306439112                    0.1                    0.1     0.4098328031453459                     10
                    192     -1.615634864858915     0.8926552990903803                    0.1                    0.1     0.3248653843702901                     10
                    193      -1.82287660682273     0.9594513228531635                    0.1                    0.1     0.3233326750518108                     10
                    194     -1.107203137410727     0.3015425314607096                    0.1                    0.1     0.4931807371441403                     10
                    195     -2.309543729522297     0.4226767817501526                    0.1                    0.1     0.4831321326338711                     10
                    196     -1.106604332259406     0.7588222488599194                    0.1                    0.1     0.4647837342981067                     10
                    197     -1.713103817608942      1.102551580985107                    0.1                    0.1     0.3672074890277707                     10
                    198     -1.028805217381951     0.6187954806541462                    0.1                    0.1     0.4574063056393372                     10
                    199     -1.912695119337053     0.1578848701387583                    0.1                    0.1     0.4888117137363492                     10
                    200     -1.409846037428338      1.141358156723017                    0.1                    0.1     0.4026324660469792                     10
                    201     -1.891121935881874     0.9152626414171054                    0.1                    0.1     0.3380035044752781                     10
                    202     -1.972265590333735     0.1967007819802373                    0.1                    0.1     0.4529221621608763                     10
                    203     -1.460318580217851     0.6427293464606734                    0.1                    0.1     0.3807589096956979                     10
                    204     -1.916666243314327      1.259098234959935                    0.1                    0.1     0.4265443090113688                     10
                    205     -1.285327058515271      1.172961133258875                    0.1                    0.1     0.4580940547150111                     10
                    206     -1.397629741459411      0.856277559389461                    0.1                    0.1     0.3891098718712898                     10
                    207     -1.452674764551356     0.8923514486537093                    0.1                    0.1     0.3622223864976888                     10
                    208     -1.354109185182472      1.125362618716264                    0.1                    0.1     0.3940496253940562                     10
                    209      -1.96122207489675      1.087681228928541                    0.1                    0.1     0.3767415027066225                     10
                    210    -0.8631861996182587      1.071674082825467                    0.1                    0.1     0.5478129153800138                     10
                    211     -2.320021313738317     0.7551788672560944                    0.1                    0.1     0.4293721574204647                     10
                    212     -1.642152323612116     0.8801458319090305                    0.1                    0.1     0.3062353849843414                     10
                    213     -1.462772666408229     0.5963612965193601                    0.1                    0.1     0.3734916918670713                     10
                    214     -2.072774580850281      1.092318115225574                    0.1                    0.1     0.4199278046367402                     10
                    215     -1.051853552686492      1.016420416463726                    0.1                    0.1     0.5331322166651098                     10
                    216     -2.099011425373957     0.3747678565745205                    0.1                    0.1     0.4236706846128378                     10
                    217     -1.728578320830983     0.5520758451734655                    0.1                    0.1      0.347189716539696                     10
                    218     -2.103499392603967      0.969018957191257                    0.1                    0.1     0.4035334865189806                     10
                    219     -1.120171427558681      1.077293219156472                    0.1                    0.1     0.4966993586942514                     10
                    220     -2.228493885428279     0.7297405586054739                    0.1                    0.1     0.3597883424558733                     10
                    221     -2.035531918887188      0.812935024971971                    0.1                    0.1     0.3848456380080091                     10
                    222     -2.123070110699366     0.8493866345125276                    0.1                    0.1     0.3589236672900186                     10
                    223      -2.05661646339057     0.7578915115964373                    0.1                    0.1     0.3719681788851803                     10
                    224      -1.11576625134239     0.9697905548801806                    0.1                    0.1     0.4955512507189653                     10
                    225     -2.078734365835274     0.4134149551022219                    0.1                    0.1     0.3979219622457171                     10
                    226     -1.679057102606693     0.4252187078538973                    0.1                    0.1     0.3638524922001443                     10
                    227     -1.449477794229632      1.067894137494573                    0.1                    0.1     0.3476071768386796                     10
                    228     -2.038786602522818     0.6964394623842892                    0.1                    0.1     0.3849561152743771                     10
                    229     -1.829996203975846     0.1503713317434414                    0.1                    0.1     0.4567426275075525                     10
                    230     -1.562772753453088       1.06381605277424                    0.1                    0.1     0.3432936560395221                     10
                    231     -2.027821503123258     0.5153383496105965                    0.1                    0.1     0.3761285337797955                     10
                    232     -1.733240180195317      0.142698113174903                    0.1                    0.1     0.4319715189155552                     10
                    233     -1.846843418484695      1.248906665362306                    0.1                    0.1     0.4081349913747209                     10
                    234     -1.691062604179263      0.507385881937484                    0.1                    0.1     0.3424214143270929                     10
                    235     -2.265720178417951     0.4305002568806446                    0.1                    0.1     0.4345685975733051                     10
                    236     -1.360999476390859    0.08600235320744126                    0.1                    0.1     0.4712631165470035                     10
                    237     -1.931979906601378       1.02384194476391                    0.1                    0.1     0.3299961202360997                     10
                    238     -1.244100425842405      1.023796002620545                    0.1                    0.1     0.4548478640619424                     10
                    239     -2.049710791014051     0.2700710919070836                    0.1                    0.1     0.4132685482995926                     10
                    240    -0.9803871940943035      0.971981725750293                    0.1                    0.1     0.5021617347388364                     10
                    241     -2.187120425671004     0.6778719778685449                    0.1                    0.1     0.3379709942015914                     10
                    242     -1.195130022529939     0.0651463770577454                    0.1                    0.1     0.4924514095961091                     10
                    243     -2.205611785398858     0.4909529405019591                    0.1                    0.1     0.3883215081716894                     10
                    244      -1.40028740973097      1.356197308056335                    0.1                    0.1     0.4494480566438291                     10
                    245     -2.297734423856899      1.009899376654294                    0.1                    0.1     0.3961908738432301                     10
                    246     -1.100600256755274      1.016568511032022                    0.1                    0.1      0.448464221418605                     10
                    247     -1.492162963724049       1.24992880617508                    0.1                    0.1     0.3908998984505339                     10
                    248     -1.121555642217753      1.219543708847886                    0.1                    0.1     0.4615807556664237                     10
                    249      -1.28010619479457      1.037710548089147                    0.1                    0.1     0.4069558333267053                     10
                    250     -1.165011180011301      1.194760132599705                    0.1                    0.1     0.4317478850654242                     10
                    251     -1.556028025661938      1.335991971399116                    0.1                    0.1      0.410034404284802                     10
                    252    -0.8175512366324377      1.137685872657112                    0.1                    0.1     0.5233027534921707                     10
                    253      -1.66470269761958     0.1262449750847645                    0.1                    0.1     0.4112377085869566                     10
                    254    -0.8019791212418306      1.268214435614195                    0.1                    0.1     0.5257278595771505                     10
                    255      -2.42635079401869      1.055146181780975                    0.1                    0.1     0.4401518631678188                     10
                    256      -1.62486365763971     0.5113846937729891                    0.1                    0.1     0.3470589218659147                     10
                    257     -1.249125970407523     0.1885560159909586                    0.1                    0.1     0.4709783808033197                     10
                    258     -2.168635388675356     0.5384449401054816                    0.1                    0.1     0.3578387292913064                     10
                    259     -0.955655530191577     0.6893076954248143                    0.1                    0.1     0.4841064799892941                     10
                    260     -1.622519101515965      0.739385640364033                    0.1                    0.1     0.3402227135800308                     10
                    261     -1.453646088262704     0.8737566218049579                    0.1                    0.1     0.3417157435006998                     10
                    262     -1.632712421646219     0.4281814857160763                    0.1                    0.1     0.3416638821557809                     10
                    263     -2.044534234886615     0.8970561915627591                    0.1                    0.1     0.3437327153444809                     10
                    264    -0.7066965599396661      1.002092546839769                    0.1                    0.1      0.541173996521921                     10
                    265     -1.322047004702156        1.2583852763405                    0.1                    0.1     0.4066755998485332                     10
                    266      -1.51627950529368      1.440215805670213                    0.1                    0.1     0.4587486792199951                     10
                    267      -1.57468902946286    -0.1480796322157892                    0.1                    0.1     0.5336280476288625                     10
                    268     -1.165679673909486     0.2457160924182039                    0.1                    0.1      0.458677512901517                     10
                    269     -1.696821839764772     0.7199569167010588                    0.1                    0.1     0.3474495341716141                     10
                    270     -1.007136260030673    -0.1044777585333414                    0.1                    0.1     0.5512877544010932                     10
                    271     -2.207451829185945      1.209267455960608                    0.1                    0.1     0.4661535576065375                     10
                    272    -0.8254958900614878     0.9556939811788099                    0.1                    0.1     0.5113966111466089                     10
                    273     -2.057807345842851     0.4352004739991093                    0.1                    0.1     0.3528233855727187                     10
                    274    -0.2110334867130089     0.3650686594760262                    0.1                    0.1     0.5555555555555556                     10
                    275     -1.885553171955823      0.361166636506881                    0.1                    0.1     0.3260275811888335                     10
                    276     -1.215504637627439     -0.326651218481007                    0.1                    0.1     0.5472859601947356                     10
                    277     -1.436361568548424     0.7478723737091996                    0.1                    0.1     0.3442560101814372                     10
                    278     -1.464857486990324   -0.08822595989207868                    0.1                    0.1     0.4823625163145414                     10
                    279      -2.03978343485392       0.26464294668619                    0.1                    0.1     0.3894779242490847                     10
                    280     -1.830791320476201      1.339675965914213                    0.1                    0.1     0.4548713365087598                     10
                    281     -1.285076236318746      0.455793805056826                    0.1                    0.1      0.391376858102485                     10
                    282     -1.347094489277617     0.5445298853625756                    0.1                    0.1     0.3731497534261282                     10
                    283     -1.561829573807475       1.12601166611846                    0.1                    0.1     0.3525969857122838                     10
                    284     -1.808724234940208     0.4713615130039919                    0.1                    0.1     0.3032649257957751                     10
                    285      -1.37052627139044    0.09039330858543448                    0.1                    0.1     0.4321852706533544                     10
                    286     -1.803020661694284      1.231071302566376                    0.1                    0.1     0.3800046722939296                     10
                    287     -2.023952859719409      0.179583434100689                    0.1                    0.1     0.4307319139807408                     10
                    288     -1.351869694919924     0.4658514624253166                    0.1                    0.1     0.3621183681386294                     10
                    289     -1.687600533753814      1.258102144774182                    0.1                    0.1     0.3885799814479029                     10
                    290      -1.00311091536029     0.4672891694229894                    0.1                    0.1     0.4668041139615969                     10
                    291     -2.013493570058563     0.4635703052721211                    0.1                    0.1      0.328464991827121                     10
                    292     -1.252073816705363      1.449958616394545                    0.1                    0.1     0.5094324734428749                     10
                    293     -2.247524300953944     0.6420889997838087                    0.1                    0.1     0.3509061125072574                     10
                    294    -0.9228227119390504     0.5965490027332182                    0.1                    0.1     0.4615870187698022                     10
                    295     -1.269437500798145     0.5601629516031036                    0.1                    0.1     0.3596598893801456                     10
                    296     -1.898330948351027      1.164609081102101                    0.1                    0.1      0.341860549284098                     10
                    297     -1.539530807053535     0.2150061203331826                    0.1                    0.1     0.3883334598198256                     10
                    298     -1.656327439017038    0.02316886977606313                    0.1                    0.1     0.4555378954915482                     10
                    299     -2.082921610048054     0.9497566263884683                    0.1                    0.1     0.3509281777725493                     10
                    300    -0.8996220303391786     0.5590507367768385                    0.1                    0.1     0.4554405228364137                     10
                    301     -2.343044327240751     0.4378844675322695                    0.1                    0.1     0.4516449955413656                     10
                    302    -0.5219253296064247     0.8436207609475203                    0.1                    0.1     0.5527560587864913                     10
                    303     -1.898632673170247     0.9893514751181146                    0.1                    0.1     0.2990898405791638                     10
                    304    -0.1836625662025936      1.288054972510312                    0.1                    0.1     0.5555555555555556                     10
                    305      -2.51269454795554     0.5797472009852364                    0.1                    0.1     0.5457591812118622                     10
                    306    -0.4362149808352208     0.8192175439319604                    0.1                    0.1     0.5347103627624001                     10
                    307     -2.277914095759893     0.2503058797076575                    0.1                    0.1     0.4692720966189592                     10
                    308    -0.2602986479886578      1.567672514330626                    0.1                    0.1     0.5550932685843881                     10
                    309    -0.1916624550637258      1.496810519537994                    0.1                    0.1     0.5335165807924749                     10
                    310     -2.503233239106604     0.6451384960883908                    0.1                    0.1     0.5183402852340531                     10
                    311    -0.3866874192885599     0.5514890417233443                    0.1                    0.1     0.5518845250299164                     10
                    312     -2.021065960627491     0.4915786570645202                    0.1                    0.1     0.3244046271207256                     10
                    313     0.2167408358819132       1.37465314351342                    0.1                    0.1     0.5555555555555556                     10
                    314     -2.005044310900702     0.7315759798010589                    0.1                    0.1     0.3633007711464342                     10
                    315    -0.7015118477422743       1.02160356130536                    0.1                    0.1     0.5006635698490496                     10
                    316     -1.549520744275761     0.9725454306135372                    0.1                    0.1     0.3044164720507126                     10
                    317      -1.32201619635486       1.12969385065052                    0.1                    0.1     0.3562224415407463                     10
                    318       -2.5413242415978     0.8472393156408505                    0.1                    0.1     0.5375084265934029                     10
                    319    -0.9843253852046558      1.415434233831021                    0.1                    0.1     0.5243169785322603                     10
                    320     -1.914780790026227    0.05175395137446549                    0.1                    0.1      0.497400739173581                     10
                    321     -1.610282251724918     0.1264465271643608                    0.1                    0.1     0.3720093830461435                     10
                    322     -2.154597185543243      1.280065865321714                    0.1                    0.1     0.4635171335533375                     10
                    323    -0.9907914790676341     0.2321438338684954                    0.1                    0.1     0.5012919213152534                     10
                    324     -2.137777821870048     0.5420451680426378                    0.1                    0.1     0.3240258732252884                     10
                    325     -1.561818508641057      1.265336862678063                    0.1                    0.1     0.3620864516806777                     10
                    326     -1.557226939833899     0.4986423790376608                    0.1                    0.1     0.3385129372635072                     10
                    327     -1.326924225549696      1.073668336205808                    0.1                    0.1      0.341813335903116                     10
                    328     -2.057619273308832     0.7808335602262262                    0.1                    0.1     0.3192366027797876                     10
                    329     -1.296743209783434     0.2275199415961701                    0.1                    0.1     0.4276985401247553                     10
                    330      -1.55185021233177     0.5144741313227761                    0.1                    0.1     0.3274008858274339                     10
                    331     -2.430111567650926     0.7104201156860646                    0.1                    0.1     0.4689801018348606                     10
                    332    -0.8757114107009651     0.7989110934366818                    0.1                    0.1      0.509562567519622                     10
                    333     -2.131666470471781      1.060376533765123                    0.1                    0.1     0.3858528674569832                     10
                    334     -1.367610852660055      1.082969623500506                    0.1                    0.1     0.3119005578079053                     10
                    335     -1.947108867980845      1.134865018139986                    0.1                    0.1     0.3263915067397359                     10
                    336     -1.734153466545802     0.5762627893882702                    0.1                    0.1     0.3035303689288526                     10
                    337     -1.214534822332888     0.8867649892636085                    0.1                    0.1       0.42948004939157                     10
                    338     -1.467576470041188     0.5370896992380588                    0.1                    0.1     0.3305704899371358                     10
                    339     -1.759248557610374     0.3964630127593331                    0.1                    0.1     0.3084359626620605                     10
                    340     -1.254295837275045      1.096202739857937                    0.1                    0.1     0.3597629093228194                     10
                    341     -1.998738177962795     0.8011810193281337                    0.1                    0.1     0.3224041310921863                     10
                    342     -1.384382355924648     0.3122038746447972                    0.1                    0.1     0.3907705297470901                     10
                    343     -1.463100896402688     0.8122943909665199                    0.1                    0.1      0.322203372922201                     10
                    344     -1.506310897757706     0.1101500610192327                    0.1                    0.1     0.3796202430779594                     10
                    345     -1.507959309503824     0.5180077758839287                    0.1                    0.1      0.313638728923239                     10
                    346     -1.279486895793771     0.7862197576912943                    0.1                    0.1     0.3690015632265269                     10
                    347      -2.10074940260199      1.236654900044956                    0.1                    0.1     0.4016606374167132                     10
                    348     -1.115553669156575     0.6658082260431774                    0.1                    0.1     0.3885471221368555                     10
                    349      -1.36040719091804     0.3211861909273124                    0.1                    0.1     0.3714984808783272                     10
                    350     -1.519788783419369      1.238945103121525                    0.1                    0.1     0.3417049104269266                     10
                    351     -2.040860819379836      0.799685250675208                    0.1                    0.1     0.3014273539173382                     10
                    352     -1.401267346189369    0.03991186012977178                    0.1                    0.1     0.4109876189264796                     10
                    353     -1.560409342396011      1.381514969275561                    0.1                    0.1     0.3881133456301404                     10
                    354     -1.110906084386054    0.05455915746475258                    0.1                    0.1     0.4806918750473657                     10
                    355     -2.269126202971492     0.8001858948231932                    0.1                    0.1     0.3455862735392282                     10
                    356     -1.351173503148164   -0.09033353431390057                    0.1                    0.1     0.4495949203980273                     10
                    357     -2.281074028780393     0.9038745969990701                    0.1                    0.1     0.3668752429032483                     10
                    358     -0.878977368531193      1.399558381978816                    0.1                    0.1      0.504674342735584                     10
                    359     -1.570620276203642     0.1217215793907337                    0.1                    0.1      0.348797660504275                     10
                    360     -1.053058030582384     0.6177830683420962                    0.1                    0.1     0.3817926326413657                     10
                    361     -1.983328406688989     0.8310774385627601                    0.1                    0.1     0.3017333685683403                     10
                    362    -0.7527517626058297     0.1387052824975009                    0.1                    0.1     0.5541707943817709                     10
                    363     -2.545773634556035     0.7179906771666749                    0.1                    0.1     0.4942922240001011                     10
                    364    0.01795237602292236      1.531741423917648                    0.1                    0.1     0.5504122185797772                     10
                    365    -0.3608746712235061      1.326700401921227                    0.1                    0.1     0.5469592529574028                     10
                    366     -1.718968613346033      1.183760724407833                    0.1                    0.1     0.3458011756152274                     10
                    367     0.3605569135756393      1.146998582232175                    0.1                    0.1     0.5547321893042734                     10
                    368     -1.218014573525114     0.8855122701285535                    0.1                    0.1     0.3998785759832813                     10
                    369    -0.4318626308625281     0.9062233873143435                    0.1                    0.1       0.51873679668475                     10
                    370    0.04617129858364193      1.743634791828916                    0.1                    0.1     0.5523166774949999                     10
                    371     -2.161230830073162     0.2845295729964258                    0.1                    0.1     0.3991115515699831                     10
                    372   -0.02143504942550805     0.8485129711959747                    0.1                    0.1     0.5555555555555556                     10
                    373     -0.586963379485022      1.597971631245234                    0.1                    0.1       0.55534694392279                     10
                    374     -2.020269656493533     0.5743157372738948                    0.1                    0.1     0.3301766970607853                     10
                    375    -0.1872920954826089     0.8817032157453465                    0.1                    0.1     0.5456264276552855                     10
                    376     -2.095250204705975     0.4460107897106911                    0.1                    0.1     0.3113970828263355                     10
                    377    -0.9228020246816371      1.573438120014667                    0.1                    0.1     0.5407521920148105                     10
                    378     -2.297851992658473     0.6854987898411129                    0.1                    0.1     0.3478725834672061                     10
                    379     -1.353589736876161     0.4021515241294253                    0.1                    0.1     0.3333482200194538                     10
                    380     -1.096479697876292     0.9413274165578956                    0.1                    0.1      0.420894826214964                     10
                    381     -2.261346054277675     0.6493112319129863                    0.1                    0.1     0.3207532623115456                     10
                    382    -0.5874214589547734       1.41240792981734                    0.1                    0.1       0.54696178553778                     10
                    383     -2.528853219974815     0.8399335874477006                    0.1                    0.1     0.4868098795512392                     10
                    384    -0.4457925387243611      1.367648058652897                    0.1                    0.1     0.5240611120613187                     10
                    385      -1.53047599779973     0.1179434631255192                    0.1                    0.1     0.3416066777478376                     10
                    386    -0.8386205424523608      1.201718140381375                    0.1                    0.1     0.4741783619921951                     10
                    387     -2.196676201118892     0.5427130556681043                    0.1                    0.1     0.3108542206713393                     10
                    388    -0.6863162248075469      0.774484305886631                    0.1                    0.1     0.5188769435658892                     10
                    389     -2.063471582169511     0.2411951215578338                    0.1                    0.1     0.3727551635474254                     10
                    390     -1.037553898505538      1.513937675417817                    0.1                    0.1     0.5150116104888623                     10
                    391     -1.890916705985417      0.102926402059084                    0.1                    0.1     0.4337719715506833                     10
                    392     -1.003256626757581     0.3055153772257005                    0.1                    0.1     0.4598922925935844                     10
                    393     -2.055206040444301     0.7323282745371562                    0.1                    0.1     0.2951874259850095                     10
                    394     -1.532610799537962     -0.288707354750065                    0.1                    0.1     0.5303056257223193                     10
                    395     -2.051370051877309     0.8043724494602795                    0.1                    0.1     0.2746199792727166                     10
                    396    -0.9886769195329124    0.07931183969645174                    0.1                    0.1     0.5064564786908893                     10
                    397      -2.30758163058544     0.5350479176678894                    0.1                    0.1     0.3796028975793473                     10
                    398     -1.011102160748104      1.346609976638029                    0.1                    0.1     0.4608507934242469                     10
                    399      -2.15161113544363      0.285303053775227                    0.1                    0.1     0.3678409087729383                     10
                    400    -0.9553172798213972      0.788571778080377                    0.1                    0.1     0.4632285684443742                     10
                    401     -1.900907081386928     0.9302713337186681                    0.1                    0.1     0.2839961593847232                     10
                    402     -1.522394809393028     0.8838722739292865                    0.1                    0.1     0.2963272370171837                     10
                    403     -1.553529000481751      1.120160885704824                    0.1                    0.1     0.3154728573635032                     10
                    404     -2.351912436756139     0.5656091325602832                    0.1                    0.1     0.3979452296235018                     10
                    405     -1.379952426935318     0.5098258437736427                    0.1                    0.1     0.3155610985769037                     10
                    406     -1.784196131682443      1.248271844640691                    0.1                    0.1      0.349062220009713                     10
                    407     -1.927999856215279     0.9045310609489147                    0.1                    0.1     0.2791232246703536                     10
                    408     -2.130333278727936     0.8192034416701465                    0.1                    0.1     0.2703771503121528                     10
                    409     -1.814829268631527     0.4098819988453943                    0.1                    0.1     0.2882546513324045                     10
                    410     -2.413158497284778     0.7589436473294318                    0.1                    0.1     0.4090485574833786                     10
                    411    -0.9883654775583587     0.7501305772127933                    0.1                    0.1     0.4202689434016011                     10
                    412    -0.9985794124880417     0.7531850489035938                    0.1                    0.1     0.4019044317904225                     10
                    413     -2.180278626130174      0.829818851639139                    0.1                    0.1     0.2781688458078163                     10
                    414     -1.144797953931905      1.295182930256634                    0.1                    0.1     0.4354269020689573                     10
                    415      -1.68419501606405     0.3318307303333298                    0.1                    0.1     0.3118764526798779                     10
                    416     -1.092443100833388     0.8483571030465168                    0.1                    0.1     0.3992549983080811                     10
                    417     -1.731223625770467     0.7393489804719976                    0.1                    0.1     0.3440622126477228                     10
                    418     -2.243196516262504      1.054685775607622                    0.1                    0.1     0.3692492393966106                     10
                    419     -1.418709020063834     0.4353770392119536                    0.1                    0.1     0.3085567532021785                     10
                    420     -1.432482310478733     0.4439563416689598                    0.1                    0.1     0.2981715088179159                     10
                    421     -2.113499184779974      0.923183659516178                    0.1                    0.1     0.2945226360856874                     10
                    422     -1.261328668410619     0.5092326706702831                    0.1                    0.1      0.325505598808813                     10
                    423     -2.097604312560178     0.3776852755934787                    0.1                    0.1     0.3047307867267152                     10
                    424     -1.996648807706955     0.4662329513637438                    0.1                    0.1     0.2823333940618728                     10
                    425     -1.398292730357818     0.9841527266336763                    0.1                    0.1     0.3026112934791013                     10
                    426      -1.36163257086905     0.7324069892743575                    0.1                    0.1     0.3241958612062821                     10
                    427     -1.359620580656213     0.7289675807960727                    0.1                    0.1     0.3144187146252585                     10
                    428     -1.525067452310731       1.08146085423602                    0.1                    0.1     0.2914313135120473                     10
                    429     -2.168565289099365     0.6154489951201985                    0.1                    0.1     0.2738642440808471                     10
                    430     -1.850289144720944     0.8212253745197406                    0.1                    0.1     0.3244822367006212                     10
                    431     -1.749668102406511       1.15985541071128                    0.1                    0.1     0.3196234596778856                     10
                    432     -1.372536104523296     0.5528844903699215                    0.1                    0.1     0.2949656261695344                     10
                    433     -1.798274315881739      1.180299391500906                    0.1                    0.1      0.309684174810217                     10
                    434     -1.370034758160133     0.9007606378509837                    0.1                    0.1      0.314415831976781                     10
                    435     -2.158993969950449      0.752092803433046                    0.1                    0.1     0.2503105017253537                     10
                    436      -1.82710935802066      0.167624580497737                    0.1                    0.1     0.3776223401829605                     10
                    437     -2.093562801892569     0.9156767238231179                    0.1                    0.1     0.2766704870446082                     10
                    438     -1.718496810979327     0.7740541101785912                    0.1                    0.1     0.3172127140578584                     10
                    439     -1.858151311305883     0.7427243930519015                    0.1                    0.1     0.3557723584835938                     10
                    440     -1.881064493270976     0.8895758279874706                    0.1                    0.1     0.2670985303366525                     10
                    441     -1.942188762662904     0.7993987542962294                    0.1                    0.1     0.2791886176538613                     10
                    442      -1.88547372968407     0.8138052630047075                    0.1                    0.1     0.2857163950707842                     10
                    443     -1.810506641226926     0.6758511589512327                    0.1                    0.1      0.335796637602486                     10
                    444     -1.902455707805735     0.8479246813032115                    0.1                    0.1      0.256153446869562                     10
                    445     -1.668141576446343     0.5196833589992416                    0.1                    0.1     0.2824438863461496                     10
                    446     -2.167421835519812     0.9963592678542589                    0.1                    0.1     0.3256856603880132                     10
                    447     -1.710079515883099     0.5961181690073115                    0.1                    0.1     0.2767971805348458                     10
                    448     -1.776823393040385      1.005655981256362                    0.1                    0.1     0.2720638403451967                     10
                    449     -1.597626609947923     0.7665841637436583                    0.1                    0.1     0.2897241370031043                     10
                    450      -1.90847209400487     0.9431694280188547                    0.1                    0.1     0.2419435228385632                     10
                    451     -2.070819283135116     0.7531653124193661                    0.1                    0.1      0.244625996721561                     10
                    452     -2.098018626811118      0.613050379127779                    0.1                    0.1     0.2748456762344688                     10
                    453     -1.246159994228262     0.9077978797332854                    0.1                    0.1      0.359316143231224                     10
                    454     -1.598029964238176     0.8646738859569584                    0.1                    0.1     0.2660166085632679                     10
                    455     -1.307752926166436     0.9204303233894915                    0.1                    0.1     0.3254973854966687                     10
                    456     -2.222624877365334     0.8132689938932337                    0.1                    0.1     0.2662268618508186                     10
                    457     -1.298102428207883     0.5729991344959823                    0.1                    0.1     0.3050564634044937                     10
                    458     -2.423192576499893     0.6356356439637139                    0.1                    0.1     0.4062747448738569                     10
                    459     -1.853958664306513     0.9325439968799151                    0.1                    0.1       0.23692902598876                     10
                    460     -1.529732824118922     0.4643987740679248                    0.1                    0.1     0.2850632663012556                     10
                    461     -1.885918235984063     0.2392198316586261                    0.1                    0.1     0.3333456250732907                     10
                    462     -1.016032710238564     0.4418600545961953                    0.1                    0.1     0.4195885745278142                     10
                    463     -2.034360166741071      1.325579980365359                    0.1                    0.1     0.4276923064636652                     10
                    464     -1.237291437491611    -0.2490032598972858                    0.1                    0.1     0.5021543172173603                     10
                    465     -1.985823552115161      1.358593015821678                    0.1                    0.1      0.429012217999691                     10
                    466     -1.142890189830208     0.4347287432655599                    0.1                    0.1     0.3738180660617745                     10
                    467     -1.551560723468803     0.3776581571725425                    0.1                    0.1     0.3059798813005157                     10
                    468     -1.537302150929354      1.542274215251809                    0.1                    0.1     0.4950447788705192                     10
                    469     -1.131164747152083    -0.3101767575722898                    0.1                    0.1      0.516443356957031                     10
                    470     -1.901642904986443      1.279023032054281                    0.1                    0.1     0.3415917388095723                     10
                    471     -1.078862827634019    -0.3809138205040009                    0.1                    0.1     0.5224274690027875                     10
                    472     -1.493335221947523      1.536798649095538                    0.1                    0.1     0.4760037200932988                     10
                    473     -1.232392979611976    -0.6246664254075733                    0.1                    0.1     0.5546207515873287                     10
                    474     -1.422783228647659      1.571301657500068                    0.1                    0.1     0.4983016660556424                     10
                    475     -1.144577598567675      0.891608912640556                    0.1                    0.1     0.3646982545694711                     10
                    476    -0.8536175602656287    -0.1483260593874144                    0.1                    0.1     0.5454718157814962                     10
                    477     -1.772962090779765      1.561064762950138                    0.1                    0.1     0.5412315975485673                     10
                    478    -0.9243566572743548     0.1284309965782684                    0.1                    0.1     0.4973706527658571                     10
                    479     -1.835129130606496     0.3268712617987714                    0.1                    0.1     0.2939403392569707                     10
                    480    -0.5123118816806566      1.660264533354591                    0.1                    0.1     0.5344444539683613                     10
                    481    -0.2913215065712106      1.195698452340877                    0.1                    0.1     0.5321118859168582                     10
                    482       -1.9980543234837     0.7169293459257438                    0.1                    0.1     0.2745860544988123                     10
                    483     0.4113333112747727      1.715640687493472                    0.1                    0.1     0.5555555555555556                     10
                    484     -1.813606309664703     0.6971401016097297                    0.1                    0.1      0.318011018618804                     10
                    485    -0.5175164703378847      1.179238223668506                    0.1                    0.1     0.5410969549774785                     10
                    486    -0.1815678692912937       1.52334078807392                    0.1                    0.1     0.5017199200491868                     10
                    487     -1.562457997154419    0.07994997421669862                    0.1                    0.1      0.342120901115252                     10
                    488    -0.5871087243735117      1.301045567392001                    0.1                    0.1     0.5133262943915323                     10
                    489     -1.012010358323396      1.031346607557765                    0.1                    0.1     0.4160164739378569                     10
                    490     -1.210192808644221     0.8230865905774083                    0.1                    0.1     0.3304733788085437                     10
                    491     0.2345458013234208      1.450018206900307                    0.1                    0.1     0.5307266881847182                     10
                    492    -0.1476587816137436      1.416048044901804                    0.1                    0.1     0.4990507316979158                     10
                    493     -2.124219630016985     0.7943120272559616                    0.1                    0.1     0.2242114408809003                     10
                    494     0.5286408128593745      1.131761055612798                    0.1                    0.1     0.5481702634228566                     10
                    495     -0.744869569060805      1.530260736361425                    0.1                    0.1     0.5293763094799407                     10
                    496     -1.450882105235429      1.461441257436281                    0.1                    0.1     0.4167235674240387                     10
                    497   -0.04521947337904075     0.2568580420735946                    0.1                    0.1     0.5512159946404066                     10
                    498     -2.397677576811291      1.125675873185453                    0.1                    0.1     0.4250374627731804                     10
                    499    -0.3287071526718165    0.06993771086566189                    0.1                    0.1     0.5552755181919347                     10
                    500     -2.626941738669365      1.007781898816359                    0.1                    0.1     0.5373491998321899                     10
