#! FIELDS time p.x p.y sigma_p.x sigma_p.y height biasf
#! SET multivariate false
#! SET kerneltype gaussian
                      1     -2.188072638955159     0.6921107332833157                    0.1                    0.1     0.5555555555555556                     10
                      2      -1.78350934865339     0.7923211373264621                    0.1                    0.1     0.5555555555555556                     10
                      3    -0.8489318290473232     0.8912133395556133                    0.1                    0.1     0.5555555555555556                     10
                      4     -1.316425411082669     0.8285063220930766                    0.1                    0.1     0.5555555555555556                     10
                      5     -2.290609711298961     0.6717043573163468                    0.1                    0.1     0.5379313511032209                     10
                      6     -1.911619903730758     0.7668303151576443                    0.1                    0.1      0.542030334349707                     10
                      7     -1.191866834440165      1.081621886085149                    0.1                    0.1     0.5549773121263648                     10
                      8     -1.185023583742524      1.175619330283057                    0.1                    0.1     0.5360838861471198                     10
                      9     -2.234545336762483      0.891869052377455                    0.1                    0.1     0.5495045946586435                     10
                     10     -2.255917996737953     0.7318277881443331                    0.1                    0.1     0.5035195985225277                     10
                     11     -1.468413172924739     0.5733811869869206                    0.1                    0.1     0.5551794670663079                     10
                     12     -1.020781352370144     0.5673022874205987                    0.1                    0.1     0.5555555555555556                     10
                     13     -1.377877268427237     0.4866141680150303                    0.1                    0.1     0.5416231649687854                     10
                     14     -2.235780792359623     0.5371766775221333                    0.1                    0.1     0.5330946299471966                     10
                     15     -1.503408702219158      1.024497591817563                    0.1                    0.1      0.554501857540726                     10
                     16      -1.06114364796996      1.246182082244355                    0.1                    0.1     0.5415360530885455                     10
                     17     -1.838181302431057      1.238790739089532                    0.1                    0.1     0.5555555555555556                     10
                     18     -2.377687708147897     0.8124214510491011                    0.1                    0.1     0.5282360273051868                     10
                     19     -1.482027132230715     0.4838173588165498                    0.1                    0.1     0.5187953505163023                     10
                     20     -1.009783401240062    0.09131021989215016                    0.1                    0.1     0.5555555555555556                     10
                     21     -1.300528940295047     0.2909414163744205                    0.1                    0.1      0.551240211936076                     10
                     22     -2.112527594044465      1.196497746379174                    0.1                    0.1     0.5547589558789695                     10
                     23     -1.728564111280774     0.7832353446814171                    0.1                    0.1      0.524164866155162                     10
                     24     -1.170747593352676     0.3798688248558221                    0.1                    0.1     0.5427695434759118                     10
                     25     -1.389316001690114     0.3438904237680783                    0.1                    0.1     0.5168753762692563                     10
                     26     -1.927250712540464     0.3137223603883965                    0.1                    0.1     0.5555555555555556                     10
                     27     -1.955032629148306    0.06836169292473966                    0.1                    0.1     0.5540905746184711                     10
                     28     -1.584327855896219     0.2382488239091435                    0.1                    0.1      0.551568699525986                     10
                     29     -1.566821308069761     0.4476883578107633                    0.1                    0.1     0.5175791872762444                     10
                     30     -1.232020780147463     0.5566893602419472                    0.1                    0.1     0.5342832023794266                     10
                     31     -1.432325350526505     0.6190059149481675                    0.1                    0.1     0.5026076985037929                     10
                     32     -2.288865695469293     0.4601750818857316                    0.1                    0.1     0.5317870295970296                     10
                     33    -0.9084908466002731      0.990992839987309                    0.1                    0.1     0.5392024798453035                     10
                     34      -1.07025773917209     0.9426011833059936                    0.1                    0.1     0.5385489122250836                     10
                     35     -2.346519488186028     0.9146159247599553                    0.1                    0.1      0.518705131886176                     10
                     36     -1.908857493041636      1.128462983478462                    0.1                    0.1     0.5395476358427961                     10
                     37     -1.381816252841052      1.332756936694077                    0.1                    0.1     0.5538397433610864                     10
                     38     -1.100520978350233      1.488696254557735                    0.1                    0.1     0.5537540044161731                     10
                     39     -2.256051691973583     0.6043289076198296                    0.1                    0.1     0.4750187869704535                     10
                     40     -1.120929473889423    -0.1888730332286824                    0.1                    0.1     0.5552264274508822                     10
                     41     -1.488991550197288     0.1938628930029321                    0.1                    0.1     0.5281564002369495                     10
                     42     -1.996606582829096      1.385934468703585                    0.1                    0.1     0.5492389569430699                     10
                     43     -1.335475359862109     0.9201787697785385                    0.1                    0.1     0.5275382285921469                     10
                     44     -1.281657011006617     0.5735031802981576                    0.1                    0.1     0.4971530529643239                     10
                     45     -1.547712966758217     0.4765501793303281                    0.1                    0.1     0.4782344212621998                     10
                     46     -1.787837444715402     0.3104893738465781                    0.1                    0.1     0.5391465903004243                     10
                     47     -1.946672599470651     0.2244819866397019                    0.1                    0.1      0.521304858116291                     10
                     48     -1.998459284003147     0.1681803080388972                    0.1                    0.1      0.509355289599698                     10
                     49     -1.685378467940978     0.1340553036937583                    0.1                    0.1     0.5359538656272935                     10
                     50     -1.328510601446491    0.08331634122028907                    0.1                    0.1     0.5462507970166969                     10
                     51     -1.818466526199151     0.4555609622909733                    0.1                    0.1     0.5361061521416131                     10
                     52     -1.929048874197534      1.230047349358947                    0.1                    0.1     0.5071803687429413                     10
                     53     -1.644250309717325      1.396785045752911                    0.1                    0.1     0.5532725328874546                     10
                     54      -1.53279843506511      1.348580975295919                    0.1                    0.1     0.5313041295670675                     10
                     55     -1.662388131985436      1.321008619068582                    0.1                    0.1     0.5157482913526297                     10
                     56     -1.825839891400003     0.5002910716543468                    0.1                    0.1     0.5188624573715042                     10
                     57     -1.643173704643386     0.1215858750086169                    0.1                    0.1     0.5080030524428333                     10
                     58     -1.579332772762482    -0.2717540571092652                    0.1                    0.1     0.5555555555555556                     10
                     59     -1.799796144157987     0.2226325774174654                    0.1                    0.1      0.492647461668083                     10
                     60     -1.355139479399301       1.39382117117098                    0.1                    0.1     0.5240295457801981                     10
                     61     -1.157779118093635      1.305787517500648                    0.1                    0.1     0.5163332247515768                     10
                     62     -2.364996378131032        1.0389730414247                    0.1                    0.1     0.5356406362013054                     10
                     63     -1.488738072969534     0.5714659063887176                    0.1                    0.1     0.4532517538163045                     10
                     64     -1.062611035495558     0.4767602092709625                    0.1                    0.1     0.5201348324210662                     10
                     65     -1.687509938480613     0.3921690507354691                    0.1                    0.1     0.4938706125572221                     10
                     66     -1.988549174083372     0.3541268391232598                    0.1                    0.1     0.5043221190809346                     10
                     67     -1.840240739889101     0.1591841859361738                    0.1                    0.1     0.4782901756749405                     10
                     68     -1.557417599703483    -0.1077534277532208                    0.1                    0.1     0.5450103760976904                     10
                     69     -1.972670470121047     0.2627349568909702                    0.1                    0.1     0.4554061099506381                     10
                     70      -1.79649419958327     0.8819338775508986                    0.1                    0.1     0.5135216341206003                     10
                     71     -1.172914262264733      0.718650638891705                    0.1                    0.1     0.5304950942540273                     10
                     72     -1.655510150870574       1.23992666813682                    0.1                    0.1     0.5114385171552795                     10
                     73     -1.930283544395361      1.015746501651064                    0.1                    0.1     0.5276533601956479                     10
                     74     -1.202274215019963     0.3749651742080654                    0.1                    0.1     0.4924235840039697                     10
                     75     -1.890459633070795     0.1798065568252162                    0.1                    0.1     0.4374216091097581                     10
                     76     -1.966301766233311    0.08774662439176489                    0.1                    0.1     0.4686844829739325                     10
                     77     -1.319216975978928     0.2163086796059761                    0.1                    0.1     0.4979128020981286                     10
                     78     -1.645973083314224     0.7297290194879648                    0.1                    0.1      0.517503489025937                     10
                     79     -1.935002465959947      1.305792154651898                    0.1                    0.1     0.4929622386805651                     10
                     80     -1.136497555696128      1.174462868184969                    0.1                    0.1     0.4842812105407893                     10
                     81     -1.636554340198655      1.300763260573604                    0.1                    0.1     0.4714915112237932                     10
                     82     -2.143724041818758     0.6314880840176713                    0.1                    0.1     0.4877389665859153                     10
                     83     -1.471443446398353    -0.2069843266588981                    0.1                    0.1     0.5291767339941394                     10
                     84     -1.457990018428669   -0.08246576505439435                    0.1                    0.1     0.5180319131876764                     10
                     85     -1.396969962227753      1.458066952817395                    0.1                    0.1      0.512278657677176                     10
                     86     -1.335308036556045      1.449669709761554                    0.1                    0.1     0.4905125311258159                     10
                     87     -2.051239527998647     0.4737977800335064                    0.1                    0.1     0.5197034382447042                     10
                     88     -1.315942353686708    -0.2283205584215395                    0.1                    0.1     0.5374514224220661                     10
                     89     -1.979118663371168     0.2394704840667717                    0.1                    0.1      0.418985232237693                     10
                     90     -1.914157065691377       1.07981707509435                    0.1                    0.1     0.4869605807582398                     10
                     91     -1.334109320549704     0.9204378161384814                    0.1                    0.1     0.4992140773295713                     10
                     92     -1.288389981459877     0.5009655469955754                    0.1                    0.1      0.455625343874615                     10
                     93      -2.16442553765223      1.061932023188381                    0.1                    0.1     0.5293559741244387                     10
                     94     -1.663858885618696     0.6640981047583837                    0.1                    0.1     0.4983528240514331                     10
                     95     -1.031398319814334     0.4243238539478622                    0.1                    0.1     0.5036135446715408                     10
                     96     -2.089699346978511     0.2728661623255205                    0.1                    0.1     0.4841146925758336                     10
                     97     -2.186653613171349     0.5025920616999439                    0.1                    0.1     0.4733708673753674                     10
                     98     -1.348172622235122     0.8975327313103106                    0.1                    0.1     0.4750570361321174                     10
                     99     -1.411955286207033      1.098880541136838                    0.1                    0.1     0.5205548579956385                     10
                    100     -1.650540835699352      1.083007881225274                    0.1                    0.1     0.5268610665043332                     10
                    101     -1.790721952980355      1.059348468136696                    0.1                    0.1     0.4945956149439291                     10
                    102      -1.95713255541573     0.5708228891789567                    0.1                    0.1     0.5130614174680854                     10
                    103     -2.032720683237119     0.4856227716886177                    0.1                    0.1     0.4717948918159509                     10
                    104     -2.050835990410256     0.7468509030581517                    0.1                    0.1     0.5102350115343675                     10
                    105     -1.801864022382003     0.9453465900188502                    0.1                    0.1     0.4798972566969736                     10
                    106     -1.584688921521279      1.078406417350028                    0.1                    0.1     0.4934875714908118                     10
                    107     -1.575283953067244      1.002954696904023                    0.1                    0.1     0.4833822439312354                     10
                    108     -1.984994972062379     0.6782488198163157                    0.1                    0.1     0.4850127169349625                     10
                    109      -1.58333770810798      0.742367485567007                    0.1                    0.1     0.4900220531192246                     10
                    110     -1.159103494400758     0.8560505474282855                    0.1                    0.1     0.5058569148138266                     10
                    111     -1.937724978811732     0.5377041224626495                    0.1                    0.1     0.4592543006914606                     10
                    112    -0.9575840489695394      0.896156278891053                    0.1                    0.1     0.5050377848407899                     10
                    113     -1.320245378157478     0.7227334819610867                    0.1                    0.1     0.4833287838929017                     10
                    114     -2.335368309339053     0.7621207395745606                    0.1                    0.1     0.4665948684978061                     10
                    115    -0.7180917382272493      1.202447469172674                    0.1                    0.1     0.5548533980246183                     10
                    116     -1.864453217098974     0.8846416308503945                    0.1                    0.1      0.463032325989361                     10
                    117    -0.6466595642969998      1.430380066263369                    0.1                    0.1     0.5537762758935707                     10
                    118     -1.805973914362367      1.151415031590145                    0.1                    0.1     0.4545929982843332                     10
                    119     -2.400283653506117      1.020526326234503                    0.1                    0.1     0.5066680201643575                     10
                    120    -0.9563555073356806      1.338877879712641                    0.1                    0.1     0.5345375056779731                     10
                    121     -1.981544861274487     0.8562302467831506                    0.1                    0.1     0.4865621945372679                     10
                    122     -2.043081536678707     0.6750725438305298                    0.1                    0.1     0.4464855231690953                     10
                    123     -1.267353248028565     0.1107888821363152                    0.1                    0.1     0.5078167256109223                     10
                    124     -1.669384260545677     0.3907499349477966                    0.1                    0.1     0.4683518312075811                     10
                    125     -2.149658857188903      1.091827473363169                    0.1                    0.1     0.4995982103874863                     10
                    126     -1.360845241472384      1.251235568033837                    0.1                    0.1     0.4932854001631675                     10
                    127     -1.395186651423902     0.9798400662490032                    0.1                    0.1      0.457363987429941                     10
                    128     -2.379624721731157      0.699026585480422                    0.1                    0.1     0.4724325500015993                     10
                    129     -1.533464980579824      0.748440019027362                    0.1                    0.1     0.4779397912126518                     10
                    130      -1.44389420589133     0.6251731785789604                    0.1                    0.1     0.4294239396828328                     10
                    131     -1.416206651989204     0.5244952420613572                    0.1                    0.1     0.4036167422738296                     10
                    132      -1.94207470750663     0.6710251993956652                    0.1                    0.1     0.4415480586393137                     10
                    133      -1.96700327963074     0.6115739114625369                    0.1                    0.1     0.4176598798660753                     10
                    134     -1.382012075527675     0.6577888604205567                    0.1                    0.1     0.4242138980382726                     10
                    135     -1.348365044280817     0.5519287088124646                    0.1                    0.1     0.3939213836249896                     10
                    136     -2.002791251538315      0.984967401492608                    0.1                    0.1     0.4753784712315943                     10
                    137     -2.035315044501901       1.10187801596734                    0.1                    0.1      0.457224076715325                     10
                    138     -1.567601847626538      1.100008815502635                    0.1                    0.1     0.4522862254353247                     10
                    139     -1.484183308868654      1.137630955706425                    0.1                    0.1      0.456157526638453                     10
                    140     -1.438966372928675     0.9125962465370185                    0.1                    0.1       0.44446323693388                     10
                    141     -1.790510249409884       1.35561894037927                    0.1                    0.1     0.4883164589518201                     10
                    142     -1.473380574822563     0.5779494509762113                    0.1                    0.1      0.374856512719689                     10
                    143     -1.291175063590738     0.4717970272251596                    0.1                    0.1     0.4123660813698012                     10
                    144     -2.281755856674431     0.4742223284464934                    0.1                    0.1     0.4686831640588989                     10
                    145     -1.732431028568891     0.5571657398646476                    0.1                    0.1     0.4753408649697963                     10
                    146     -1.008297320680763     0.5814259622535083                    0.1                    0.1     0.4973351813155784                     10
                    147     -2.187333744040616       1.16945080669371                    0.1                    0.1     0.4874261394459788                     10
                    148     -1.576673190504506     0.3987361503438574                    0.1                    0.1     0.4379957532515099                     10
                    149     -1.131379062386545     0.1434768357272176                    0.1                    0.1     0.5196041734735419                     10
                    150     -2.210068434977365     0.6855319012219727                    0.1                    0.1     0.4085905312552059                     10
                    151     -1.459973380723463      1.260876501936222                    0.1                    0.1     0.4589013692055973                     10
                    152     -1.437334830801373      1.245245993732599                    0.1                    0.1      0.440203127130808                     10
                    153     -2.146505493337764     0.7543044884677576                    0.1                    0.1      0.427784740384382                     10
                    154     -1.606657344739832     0.1644396816049798                    0.1                    0.1     0.4658000882757944                     10
                    155     -1.652223547212357    0.05444613190871701                    0.1                    0.1     0.4833059247019217                     10
                    156     -1.820118664223354      1.152864586885822                    0.1                    0.1     0.4256816004451124                     10
                    157     -1.266817034054686      1.440664701515237                    0.1                    0.1      0.480846473248891                     10
                    158     -2.098822473071616     0.7636755080476596                    0.1                    0.1     0.4188956977597657                     10
                    159     -1.668317248861989  -0.004923813447257792                    0.1                    0.1     0.4901784953515698                     10
                    160     -1.757792032385445     0.1029053996374913                    0.1                    0.1     0.4445377311036405                     10
                    161     -1.752821088977732      1.032873902145536                    0.1                    0.1     0.4348744995922567                     10
                    162     -1.849477192919926      1.316948220160564                    0.1                    0.1     0.4486166929742645                     10
                    163     -1.521355605265891     0.4506925363952482                    0.1                    0.1     0.3925242265928897                     10
                    164     -1.783502192283992     0.5184831424192131                    0.1                    0.1     0.4419665222202181                     10
                    165      -2.16720338166472     0.3431343753115171                    0.1                    0.1      0.492736339833378                     10
                    166     -1.805588214185284     0.5798500960346562                    0.1                    0.1     0.4318324166147457                     10
                    167     -1.645979507202625     0.3685400561890421                    0.1                    0.1     0.4201723329718549                     10
                    168     -1.691856207803812     0.3249908300908061                    0.1                    0.1     0.4156875124839312                     10
                    169      -1.72085684900385     0.2751543761319265                    0.1                    0.1     0.4063790373022907                     10
                    170     -1.661015103787211      0.427684713692525                    0.1                    0.1     0.3839288457978423                     10
                    171     -1.633538331453975     0.4758528585074042                    0.1                    0.1     0.3774930642329825                     10
                    172     -1.573847456176164     0.6776052388479554                    0.1                    0.1     0.4154136611443862                     10
                    173     -1.607192973198032     0.5549959950847079                    0.1                    0.1     0.3808932738645741                     10
                    174     -1.644097045991136     0.8386795989743302                    0.1                    0.1     0.4524751276977905                     10
                    175     -1.943767927360438     0.9546196048576265                    0.1                    0.1     0.4279701664524945                     10
                    176     -1.701055875538236      1.110077484060147                    0.1                    0.1     0.4168187787000507                     10
                    177     -2.030637027498154      1.059347909679018                    0.1                    0.1     0.4242736755559809                     10
                    178     -2.206100031912348     0.9419998147700404                    0.1                    0.1     0.4661110861860298                     10
                    179     -2.151182701907838     0.5721156022337524                    0.1                    0.1     0.3975235641302386                     10
                    180     -1.864315202962469     0.5828082933020978                    0.1                    0.1     0.4018621889843767                     10
                    181     -1.803306246602306     0.6119017041731282                    0.1                    0.1     0.4015344337809145                     10
                    182     -1.671920717283299     0.6074608894440382                    0.1                    0.1     0.3898995003701238                     10
                    183     -1.445477702786205     0.9163441329375784                    0.1                    0.1     0.4235848082701895                     10
                    184     -1.275025364170136     0.7774970240759482                    0.1                    0.1     0.4412934019113058                     10
                    185     -2.126488253423142     0.4231109353499716                    0.1                    0.1     0.4347165939113872                     10
                    186     -1.243662624951112     0.8571513865534457                    0.1                    0.1     0.4301962245928933                     10
                    187     -2.345101506780178     0.9253571510392926                    0.1                    0.1     0.4488274197797931                     10
                    188     -1.939011228278554       0.76645059844008                    0.1                    0.1     0.4050180401705958                     10
                    189     -1.823256554728312      1.094969201629072                    0.1                    0.1     0.3836760399550248                     10
                    190     -1.738782229795631      1.127655486919848                    0.1                    0.1     0.3865027558105431                     10
                    191     -1.991933613908869     0.9920807311047681                    0.1                    0.1      0.401259825219928                     10
                    192     -1.701508730228482     0.6752912718617492                    0.1                    0.1     0.3895162480902811                     10
                    193       -1.7058719789528     0.6593221304204608                    0.1                    0.1     0.3727393980396865                     10
                    194     -2.022918557844742     0.5127689416523458                    0.1                    0.1     0.3912220962172285                     10
                    195      -2.12543721190052     0.8928177153207896                    0.1                    0.1     0.4386990107242432                     10
                    196     -1.823510143711187      1.082298401784568                    0.1                    0.1     0.3584842391642752                     10
                    197     -1.718214632871917     0.7495420496140438                    0.1                    0.1     0.3806796195090892                     10
                    198     -1.215987623861937     0.3429340671133182                    0.1                    0.1     0.4477659453058301                     10
                    199     -1.967129584130107     0.3145424985357314                    0.1                    0.1      0.392869050857901                     10
                    200      -1.42418588638249     0.6863144240836864                    0.1                    0.1     0.3856420474404095                     10
                    201     -1.503397072671562     0.7433856343524818                    0.1                    0.1     0.3956706378195111                     10
                    202     -2.412440890638518     0.8501509737384833                    0.1                    0.1     0.4561312606710979                     10
                    203     -1.182583890851498      1.285198174315109                    0.1                    0.1     0.4624876537630377                     10
                    204     -1.622353396362769     0.9297917046980761                    0.1                    0.1      0.433037932417549                     10
                    205     -1.879305274544187      1.021057667224575                    0.1                    0.1     0.3556920740696783                     10
                    206     -1.152872519523116      1.035098625984652                    0.1                    0.1     0.4743949355293031                     10
                    207     -2.115555785513288     0.8168567923684275                    0.1                    0.1      0.401911924443699                     10
                    208     -1.406701465867212     0.7520780389988619                    0.1                    0.1     0.3882557975790361                     10
                    209     -1.563760597846269     0.8974097657821939                    0.1                    0.1      0.414988113085114                     10
                    210     -1.903175477776978     0.6676482025930905                    0.1                    0.1     0.3684586911284692                     10
                    211     -2.162082655368425     0.6127467956878556                    0.1                    0.1      0.362659781956806                     10
                    212     -1.880114869430018     0.8102503010163664                    0.1                    0.1       0.38231496282618                     10
                    213     -1.548341786628025     0.9802751190045906                    0.1                    0.1     0.3894690946854271                     10
                    214      -1.42880991907314      1.028006719941927                    0.1                    0.1     0.3948686858921789                     10
                    215     -2.459559228602105     0.7272592024277896                    0.1                    0.1     0.4854890069655257                     10
                    216     -1.128119904204825     0.9258722384909409                    0.1                    0.1     0.4566198828495363                     10
                    217     -2.031518771003831     0.5151302039036476                    0.1                    0.1     0.3689153053005692                     10
                    218     -1.306555353988923     0.4174366852185392                    0.1                    0.1     0.4006909721438154                     10
                    219     -2.022188821362583     0.8677327281665645                    0.1                    0.1     0.3881374939796432                     10
                    220     -1.161113734025214      1.028798678965997                    0.1                    0.1     0.4396333849991288                     10
                    221     -1.910596005449158     0.5207267444307434                    0.1                    0.1     0.3569481092075076                     10
                    222     -2.101001980304702       0.46216288268714                    0.1                    0.1     0.3763754953964201                     10
                    223     -1.177171095228973     0.6186307811562335                    0.1                    0.1     0.4487293756577442                     10
                    224     -2.156187497711797     0.3782000520014972                    0.1                    0.1     0.4180566039732873                     10
                    225     -1.304334364428755     0.8025253804647365                    0.1                    0.1     0.3810376467199378                     10
                    226      -2.06093636174821      1.269842707902188                    0.1                    0.1     0.4714453128894553                     10
                    227     -1.768989116025002      1.160848108905708                    0.1                    0.1     0.3595431292751386                     10
                    228     -1.517969074975883     0.7323848826895552                    0.1                    0.1     0.3594194498537819                     10
                    229     -2.232853614069479     0.6642688494859558                    0.1                    0.1     0.3533033945460067                     10
                    230    -0.9836026082988989     0.8652788176746115                    0.1                    0.1     0.4774138829600985                     10
                    231     -2.308201604618281     0.4262339552648635                    0.1                    0.1     0.4570676159871264                     10
                    232     -1.063418115857179     0.7534702909052062                    0.1                    0.1     0.4801322770277298                     10
                    233     -2.269252618157865     0.6987457850519023                    0.1                    0.1      0.354842694327864                     10
                    234    -0.8160713145465222      1.106248905420168                    0.1                    0.1     0.5279060109662106                     10
                    235     -2.271950799676449      1.021156297857485                    0.1                    0.1     0.4380257742080196                     10
                    236    -0.7296878818936681     0.9680935162016001                    0.1                    0.1     0.5270021226412726                     10
                    237    -0.8858417288512889     0.8714711547018038                    0.1                    0.1     0.4667414012944442                     10
                    238     -1.544108360119999      1.156745399827585                    0.1                    0.1     0.3977918248564392                     10
                    239     -1.596267996761809     0.7713471526221979                    0.1                    0.1     0.3560233760009437                     10
                    240     -1.026547657315409      1.056086198891326                    0.1                    0.1     0.4653732558503899                     10
                    241     -2.124055139080045     0.7228690146126644                    0.1                    0.1     0.3385703802587244                     10
                    242    -0.6742592621564347     0.6194950061813751                    0.1                    0.1     0.5550711453973276                     10
                    243     -2.227609793867563     0.7424496362500139                    0.1                    0.1     0.3364099213149518                     10
                    244     -1.065716151749646      1.138643807288216                    0.1                    0.1     0.4454201265550863                     10
                    245     -1.351834041349853     0.8259093011540005                    0.1                    0.1     0.3570466381236311                     10
                    246     -2.241924778936117     0.8512594293009463                    0.1                    0.1     0.3745567670940378                     10
                    247    -0.5900176992812426      1.241346189764915                    0.1                    0.1     0.5376553661624807                     10
                    248    -0.6827664176177827      1.196883014577335                    0.1                    0.1      0.499531073286806                     10
                    249     -1.620992393319302     0.9330681093299599                    0.1                    0.1      0.381524926049092                     10
                    250     -1.413070811822642      1.073215966169601                    0.1                    0.1     0.3930722359891104                     10
                    251     -1.129902194591049      1.338568544958757                    0.1                    0.1     0.4567771519108147                     10
                    252     -0.737552864686227      1.077333540267027                    0.1                    0.1      0.485390103366854                     10
                    253     -1.641257089472096     0.8388879983210038                    0.1                    0.1     0.3600994752702975                     10
                    254     -0.470875177031244      1.206327396054288                    0.1                    0.1     0.5367246590529027                     10
                    255     -1.842139956644996     0.4968883803069703                    0.1                    0.1     0.3542778799019362                     10
                    256    -0.7482469190032696     0.9638077200923011                    0.1                    0.1     0.4743460036700545                     10
                    257     -2.088581514976364      0.891231538865878                    0.1                    0.1     0.3791809381743967                     10
                    258     -0.761919857739197      1.380298721041739                    0.1                    0.1     0.5250476353621383                     10
                    259     -2.460099735304267     0.6726531862188784                    0.1                    0.1     0.4743356448332401                     10
                    260     -1.304645642197863     0.5933669079642641                    0.1                    0.1     0.3620182463195564                     10
                    261     -1.333759988865899     0.5243054902964343                    0.1                    0.1     0.3398010914228258                     10
                    262     -2.138342402282216     0.4648873692370512                    0.1                    0.1      0.353466748454128                     10
                    263     -1.038102314998973     0.7011934498167725                    0.1                    0.1     0.4686717448335618                     10
                    264     -2.379751753955447     0.9734889205243801                    0.1                    0.1     0.4226717775024478                     10
                    265    -0.8461833990809772       1.28931310381993                    0.1                    0.1     0.5016315400692705                     10
                    266     -2.070253797248376     0.9018904410555308                    0.1                    0.1     0.3659577811550222                     10
                    267     -0.776744982726388     0.8790937036656575                    0.1                    0.1     0.4673608650921769                     10
                    268     -2.287061029068443      1.014206076550111                    0.1                    0.1     0.4021317660975639                     10
                    269     -1.309510517412161     0.1794340964465043                    0.1                    0.1     0.4557463978249254                     10
                    270     -1.103352912171645     0.5313253429723989                    0.1                    0.1     0.4285865816431494                     10
                    271     -1.755147990305663      1.332090190984541                    0.1                    0.1      0.426171483548666                     10
                    272    -0.7845887475108255      1.420665183656387                    0.1                    0.1     0.5005914615141618                     10
                    273     -1.103301476393445     0.6450382749675884                    0.1                    0.1     0.4215656841689858                     10
                    274      -0.81179201721801     0.2532109948032558                    0.1                    0.1     0.5536109041739428                     10
                    275    -0.8520568226174983    -0.4380526019695427                    0.1                    0.1     0.5555546273506649                     10
                    276     -1.805555166707794      1.045343150854973                    0.1                    0.1     0.3342284951251299                     10
                    277     0.6794185487551853     -1.809725322384129                    0.1                    0.1     0.5555555555555556                     10
                    278      1.051047452367142     -1.678701945476015                    0.1                    0.1     0.5555555555555556                     10
                    279     -1.628230698851961     0.7545239989183382                    0.1                    0.1     0.3274294493809366                     10
                    280    -0.9648256409711193    -0.5285264635082363                    0.1                    0.1     0.5447831920544428                     10
                    281      2.119750236778766     -1.190912457099057                    0.1                    0.1     0.5555555555555556                     10
                    282    0.04493550656027553     -1.184806268191643                    0.1                    0.1     0.5555555555555556                     10
                    283   0.008973267588577359    -0.4897540505441589                    0.1                    0.1     0.5555555555555556                     10
                    284      1.997433134400851    -0.9693077284018251                    0.1                    0.1     0.5543004240686232                     10
                    285      1.268307760587165     -1.133062278607504                    0.1                    0.1     0.5555555555555556                     10
                    286     0.7517286079890846     -1.252902891171521                    0.1                    0.1     0.5555555555555556                     10
                    287    -0.7403409645614274      -1.12489333459494                    0.1                    0.1     0.5555555555555556                     10
                    288     0.8499617008497418     -1.080965421652239                    0.1                    0.1     0.5512178556509245                     10
                    289      1.077674974196404    -0.9627638395950672                    0.1                    0.1     0.5532389846856122                     10
                    290      2.401742483296221     -1.029550855552261                    0.1                    0.1     0.5553977073264391                     10
                    291     0.7013123660704176     -1.593326725887664                    0.1                    0.1     0.5525746342603458                     10
                    292      1.427405574893799    -0.6440249230510728                    0.1                    0.1     0.5555555555555556                     10
                    293     0.6723101460208789    -0.6827678348249775                    0.1                    0.1     0.5555555555555556                     10
                    294      1.679207074990362    -0.2611176575575437                    0.1                    0.1     0.5555555555555556                     10
                    295      1.042501010573036    -0.3686065102458478                    0.1                    0.1     0.5555555555555556                     10
                    296       1.31020796765002    -0.5195698525854898                    0.1                    0.1     0.5481547576963557                     10
                    297      2.043233994203013    -0.5764729677992583                    0.1                    0.1     0.5555555555555556                     10
                    298      1.521536107569256     -1.054389048743925                    0.1                    0.1     0.5546367381734135                     10
                    299      1.319744586133992     -1.156855998089708                    0.1                    0.1     0.5273183742333624                     10
                    300      1.793236207745911     -1.216489380713335                    0.1                    0.1     0.5550231414679117                     10
                    301      2.158066568465456      -1.14171762944775                    0.1                    0.1     0.5280239438844118                     10
                    302      1.479721088018808     -1.171532913550785                    0.1                    0.1     0.5305294596951283                     10
                    303        1.3792857950553     -1.214487717423384                    0.1                    0.1     0.5057244642552929                     10
                    304      1.705900933889586    -0.9596826644273098                    0.1                    0.1     0.5505123592495427                     10
                    305      1.956319924780246    -0.6506604768968325                    0.1                    0.1     0.5395122137743495                     10
                    306      1.782406457697331    -0.5188941696826919                    0.1                    0.1     0.5512638484972509                     10
                    307      1.324950407363851    -0.1357083092134326                    0.1                    0.1     0.5555555555555556                     10
                    308      1.336190980345305    -0.1958127645332444                    0.1                    0.1     0.5301794492732685                     10
                    309      2.032513051733056    -0.3289272648325811                    0.1                    0.1      0.553754880299294                     10
                    310      1.007410730309955    -0.7687715445159145                    0.1                    0.1     0.5518102593012738                     10
                    311      1.516909567397374    -0.6469135239229439                    0.1                    0.1     0.5332854855636049                     10
                    312      2.172837010540462     -1.150008013405192                    0.1                    0.1     0.5022143097618202                     10
                    313      1.112291106417203     -1.444807940162331                    0.1                    0.1     0.5537628233439207                     10
                    314      1.920857076917942     -1.157329851786856                    0.1                    0.1     0.5332118171057847                     10
                    315      1.900916464246913    -0.8221493485694219                    0.1                    0.1     0.5406890407845677                     10
                    316      1.186296886087081    -0.9404387616560502                    0.1                    0.1     0.5332043375727313                     10
                    317      1.519543570901289    -0.6461505602705091                    0.1                    0.1     0.5060178308449345                     10
                    318      1.962500215553096    -0.4284361063187266                    0.1                    0.1     0.5274136853958232                     10
                    319      1.568875704210899    -0.2611679818872891                    0.1                    0.1     0.5366315629443321                     10
                    320      1.080445088100506    -0.3618257297425228                    0.1                    0.1     0.5265871340660141                     10
                    321      1.649742735084206    -0.3246735678549234                    0.1                    0.1     0.5132043583551261                     10
                    322      1.907668074992067     -0.490505652262711                    0.1                    0.1     0.5035461341719024                     10
                    323      1.734942204728015    -0.6440438558116288                    0.1                    0.1     0.5309546772191911                     10
                    324      1.606761016537337    -0.8886124750202392                    0.1                    0.1     0.5324384778134527                     10
                    325      1.535066597190814     -1.224582046187487                    0.1                    0.1     0.5152913000351673                     10
                    326      1.349234239712772     -1.290227429481867                    0.1                    0.1     0.5081182201896741                     10
                    327      1.952077770832982    -0.9094793173074711                    0.1                    0.1     0.5116335760252774                     10
                    328      1.164238333113599     -1.210871707681604                    0.1                    0.1     0.5252766073186708                     10
                    329      2.269047678984601    -0.8385067087380618                    0.1                    0.1     0.5526736493812437                     10
                    330     0.5595743738470577     -1.197153891074782                    0.1                    0.1     0.5511624561064351                     10
                    331    -0.3620365907027004     -1.572471033124121                    0.1                    0.1     0.5555555555555556                     10
                    332     0.7769500939919072     -1.416443261598703                    0.1                    0.1     0.5425525377528148                     10
                    333      1.366153167589765     -1.128124641239863                    0.1                    0.1     0.4635652147761929                     10
                    334     0.6349454173880742     -1.601821537068744                    0.1                    0.1     0.5265396279025463                     10
                    335      1.268329249037993     -1.290384155318974                    0.1                    0.1     0.4870686976970595                     10
                    336      1.220120440638724     -1.021380599677512                    0.1                    0.1     0.4953906210942928                     10
                    337       1.42013926588861    -0.5726869310196913                    0.1                    0.1     0.4933421621295674                     10
                    338     0.9503504334189491     -0.758753896941707                    0.1                    0.1     0.5276517867172348                     10
                    339      1.541883119705317    -0.5893393874171066                    0.1                    0.1     0.4790187624707584                     10
                    340      1.176191417227707    -0.5265559660252169                    0.1                    0.1      0.532734980086075                     10
                    341      1.615847172340721     -0.478349967036568                    0.1                    0.1     0.5093061607081784                     10
                    342      2.104108268702895    -0.6650108424696727                    0.1                    0.1     0.5239901998596489                     10
                    343      1.048134873986446     -1.321840417857205                    0.1                    0.1     0.5318868613774299                     10
                    344      2.241160031069917    -0.9174059905539803                    0.1                    0.1     0.5243770981611834                     10
                    345      1.094867506840489     -1.115063828442426                    0.1                    0.1     0.5054331786176643                     10
                    346      1.922395609645221     -1.178916956136181                    0.1                    0.1     0.5056060460195402                     10
                    347      2.092361178997594    -0.9834997620236134                    0.1                    0.1     0.5012769205411435                     10
                    348      1.499778634622234    -0.8787255436180985                    0.1                    0.1     0.5232468008551006                     10
                    349      1.225554658127603    -0.8343819227233229                    0.1                    0.1     0.5259527885974077                     10
                    350      1.858691628962257    -0.5835920284691545                    0.1                    0.1      0.484416421759898                     10
                    351       2.02060609119759    -0.5322209694315571                    0.1                    0.1     0.4736912647912112                     10
                    352      1.875325382970094    -0.7568171384639851                    0.1                    0.1     0.4960777245556276                     10
                    353      1.729383209768109    -0.9623190975226452                    0.1                    0.1     0.5045070587856336                     10
                    354      1.559160535944048     -1.073967827771736                    0.1                    0.1     0.4843973629537555                     10
                    355       1.58226707641347     -1.194416583070492                    0.1                    0.1     0.4835084477297499                     10
                    356      1.985937637160554      -1.17109320419164                    0.1                    0.1     0.4789251733301678                     10
                    357      1.473599295398977     -1.119498010627358                    0.1                    0.1     0.4348997470186683                     10
                    358      1.821706412306694    -0.5823070223942327                    0.1                    0.1     0.4582302393336528                     10
                    359      1.923413645504786    -0.3764533691835156                    0.1                    0.1     0.4886660674737364                     10
                    360      1.356720081211323    -0.4038812016934875                    0.1                    0.1     0.5241225657951752                     10
                    361      1.478635906319676    -0.4546460629297352                    0.1                    0.1     0.4898811332437372                     10
                    362      1.832671657455662    -0.6163295322178305                    0.1                    0.1     0.4393040930266421                     10
                    363      1.906650316983485     -1.210399527899343                    0.1                    0.1      0.469598258665143                     10
                    364      1.062714357660518      -1.42618638937368                    0.1                    0.1     0.5086187634583269                     10
                    365      1.350672971708619     -1.181981212687856                    0.1                    0.1     0.4133872140381036                     10
                    366      1.223438060702386     -1.133763045667518                    0.1                    0.1     0.4338603804076533                     10
                    367      1.080970928027972    -0.9945726851045209                    0.1                    0.1     0.4786206853533343                     10
                    368     0.8649973574407243    -0.8691872144057121                    0.1                    0.1     0.5307417359795825                     10
                    369    0.07253055940235904     -1.523656530029153                    0.1                    0.1     0.5554657628375935                     10
                    370    -0.1678205143679969     -1.597224731378852                    0.1                    0.1      0.549721791923893                     10
                    371      1.767034593966698    -0.5916285982447043                    0.1                    0.1       0.43552654128093                     10
                    372     0.9228419204215806    -0.4986416413898142                    0.1                    0.1     0.5429702263054699                     10
                    373      1.829728528761801     -0.374835246211499                    0.1                    0.1      0.484544632214951                     10
                    374      1.852686265822177    -0.3247914126525762                    0.1                    0.1     0.4801915082387748                     10
                    375      1.728968317075314    -0.5812282510262429                    0.1                    0.1     0.4295848729385325                     10
                    376      1.752827316465921     -1.156452509574406                    0.1                    0.1     0.4911988928879622                     10
                    377      1.518437731181982       -1.2217916529791                    0.1                    0.1     0.4342439395362576                     10
                    378      1.541571255202672    -0.7139805802153848                    0.1                    0.1     0.4665983694754568                     10
                    379       2.21181936450631    -0.5304151908313794                    0.1                    0.1     0.5355840538710932                     10
                    380      1.416277087149474     -0.501568079206169                    0.1                    0.1      0.453208434810888                     10
                    381      1.304118403990419    -0.3657300328681489                    0.1                    0.1     0.4978813186184642                     10
                    382      1.987581851501536    -0.5516293604699379                    0.1                    0.1     0.4237858461537244                     10
                    383      1.904528795391949    -0.5924216556400097                    0.1                    0.1     0.3916810066215139                     10
                    384      1.095068956409065     -0.606403793443797                    0.1                    0.1     0.5216619937242688                     10
                    385      1.560939476318703    -0.7080221907714331                    0.1                    0.1     0.4452978921851218                     10
                    386     0.1839827259619206     -1.319578616380037                    0.1                    0.1     0.5487811507806827                     10
                    387      1.391343216755167    -0.7339514135708373                    0.1                    0.1     0.4830085440099447                     10
                    388     0.7991630093242212     -1.314830525619501                    0.1                    0.1     0.5119061225570549                     10
                    389    -0.6058294590246659     -1.243220731824083                    0.1                    0.1     0.5493740858290491                     10
                    390      1.649401365615954      -0.56838527210192                    0.1                    0.1     0.4279787364034501                     10
                    391     0.9167595730005429    -0.7661731210541809                    0.1                    0.1     0.4905128639225285                     10
                    392      2.109943073744459     -1.123550016436608                    0.1                    0.1     0.4534648602940181                     10
                    393      1.296186977756831     -1.117246508195073                    0.1                    0.1      0.401853309379253                     10
                    394      1.547376365629851    -0.4017104912808038                    0.1                    0.1     0.4674417675592352                     10
                    395      1.870532357649984    -0.4930685137587105                    0.1                    0.1     0.3851231051522711                     10
                    396      1.153451597804045      -1.48329656026538                    0.1                    0.1     0.5048324245000231                     10
                    397      2.213363499119335    -0.7808676788757453                    0.1                    0.1     0.5097805681418115                     10
                    398     0.6867987994671784    -0.1895315944020149                    0.1                    0.1     0.5555555555555556                     10
                    399      1.706007110594225    -0.5505848214004229                    0.1                    0.1     0.3971096799737614                     10
                    400      1.847332207015504      -1.11565743919833                    0.1                    0.1     0.4555949322098435                     10
                    401     0.7427233835410182      -1.20482176389007                    0.1                    0.1     0.5008044155185931                     10
                    402     0.4547584633320466     -1.641485233644821                    0.1                    0.1     0.5483437662108122                     10
                    403      1.588509514004051     -1.027587313605816                    0.1                    0.1     0.4476098548799153                     10
                    404     0.7169539644252563     -1.081865823717863                    0.1                    0.1     0.5177748344966295                     10
                    405     0.4381662254620233     -1.695805038608261                    0.1                    0.1     0.5262044325487532                     10
                    406      1.252787758698019    -0.8905699460072228                    0.1                    0.1     0.4826851787145727                     10
                    407     0.7247895954202876     -1.359795546164509                    0.1                    0.1      0.486874233348565                     10
                    408    -0.5780868256436145       -1.5374795483274                    0.1                    0.1     0.5523563964998381                     10
                    409      1.746965375048206    -0.3310630616863159                    0.1                    0.1     0.4591089454326677                     10
                    410     0.3309164139677706     -1.014819617068718                    0.1                    0.1     0.5549140763625422                     10
                    411    -0.0308453007017075     -1.793106781598672                    0.1                    0.1     0.5533205120218606                     10
                    412      2.237330000288846     -0.865784352901855                    0.1                    0.1     0.4770215596805074                     10
                    413     0.3877712842510929      -1.18691697293297                    0.1                    0.1     0.5410538575464751                     10
                    414     0.4141638257259923     -1.232646153361918                    0.1                    0.1     0.5168338949967565                     10
                    415      1.985187152966748     -1.008286891539231                    0.1                    0.1     0.4558194424952891                     10
                    416     0.6746742137240123     -1.061239002743231                    0.1                    0.1     0.5057213366877286                     10
                    417      1.609958009669716    -0.4149968051610565                    0.1                    0.1     0.4344939672785678                     10
                    418     -0.230184826351389     -1.240412353183307                    0.1                    0.1     0.5549536169182862                     10
                    419     0.1226732668117878     -1.293235137418529                    0.1                    0.1     0.5169857892092585                     10
                    420      2.222836087587406    -0.3392610018720135                    0.1                    0.1     0.5437589361642698                     10
                    421      1.137543448320604     -0.423002869061123                    0.1                    0.1     0.4856106128643783                     10
                    422      1.550389796808737    -0.3989927760008655                    0.1                    0.1      0.426919008291161                     10
                    423      1.490756449756901     -1.239822408489692                    0.1                    0.1     0.4160872718847816                     10
                    424       1.15577140532744    -0.7818008554659186                    0.1                    0.1     0.4905259418963329                     10
                    425      1.984282325959102     -0.724501548138709                    0.1                    0.1     0.4531303079698639                     10
                    426      1.816510841957575     -1.091657583773284                    0.1                    0.1     0.4440352162766711                     10
                    427      1.466122832496037     -1.357765320541089                    0.1                    0.1     0.4924472179707738                     10
                    428      1.864328734364792    -0.3798766653944987                    0.1                    0.1     0.4109887117447047                     10
                    429      1.879962648357332    -0.4877755090525095                    0.1                    0.1     0.3581488413101147                     10
                    430      1.088379996724244    -0.6566534841195638                    0.1                    0.1     0.4846459906702955                     10
                    431      1.735015793894813    -0.8149396359407515                    0.1                    0.1     0.4837130023497112                     10
                    432     0.9611989524752081     -1.013152098973519                    0.1                    0.1     0.4953101620231846                     10
                    433       1.58702521297587    -0.9131391605204203                    0.1                    0.1     0.4493554103724758                     10
                    434       1.34985319786447     -1.270156980744487                    0.1                    0.1     0.4043246174229617                     10
                    435      1.607414928140238    -0.7173758102647849                    0.1                    0.1     0.4226934700964155                     10
                    436      1.549178652194324    -0.4822154425136798                    0.1                    0.1     0.3938974446039878                     10
                    437      1.636096714886672    -0.4647162792971536                    0.1                    0.1     0.3831062660529679                     10
                    438      1.703365562252373     -1.135526296124922                    0.1                    0.1     0.4427183377700144                     10
                    439      1.703576122913949    -0.9312786239284859                    0.1                    0.1     0.4344034703902491                     10
                    440      1.656620620713594      -1.25651558901941                    0.1                    0.1     0.4646241416126111                     10
                    441       1.85687186320031    -0.7114407789306155                    0.1                    0.1     0.4080978858521336                     10
                    442      1.951937961816252    -0.9459167504453141                    0.1                    0.1     0.4415283487102314                     10
                    443      1.689395695496487    -0.9556005184930764                    0.1                    0.1     0.4100110927879833                     10
                    444       1.55210756522362    -0.8563628806229252                    0.1                    0.1     0.4272382878265863                     10
                    445      2.104210266005142    -0.8540005520657413                    0.1                    0.1     0.4666580175689516                     10
                    446      1.898085572419094    -0.7503449501749848                    0.1                    0.1     0.4080590502941976                     10
                    447      1.241892921820284     -1.026990139769971                    0.1                    0.1     0.4198686349756136                     10
                    448      1.833679541826078    -0.7945585884339678                    0.1                    0.1     0.4123070929622508                     10
                    449       1.96464171634341    -0.8703544379322196                    0.1                    0.1     0.4135858586254193                     10
                    450      1.697513679417901     -1.023504971313607                    0.1                    0.1     0.3961842531211623                     10
                    451      1.815395602951432    -0.9624406908379298                    0.1                    0.1     0.4097660847240649                     10
                    452      1.903119680667117    -0.6783942768043599                    0.1                    0.1     0.3575332771710955                     10
                    453      1.400761561730181     -1.153464188878653                    0.1                    0.1     0.3590241398745463                     10
                    454      1.360883867944672     -1.042046319586521                    0.1                    0.1     0.4111207014845299                     10
                    455      1.919675430480345    -0.3711220584889784                    0.1                    0.1     0.3984933584503115                     10
                    456      1.159382466895312    -0.5421554874452512                    0.1                    0.1     0.4638432481475153                     10
                    457      1.750737330620448    -0.7864695135185324                    0.1                    0.1     0.4032752744486272                     10
                    458      1.394758892469175     -1.057412537975834                    0.1                    0.1     0.3866406192715442                     10
                    459       2.17498273528333     -0.441253925546762                    0.1                    0.1     0.4968832301481778                     10
                    460     0.7886805468724655    -0.9708453646191455                    0.1                    0.1     0.4979703605392197                     10
                    461      2.321678753547972    -0.9868146035576068                    0.1                    0.1     0.4929498477064927                     10
                    462     0.8341473593491336     -1.404237508799641                    0.1                    0.1     0.4858946940702435                     10
                    463      1.838832185571275    -0.5413393124216693                    0.1                    0.1     0.3249437689177199                     10
                    464      1.148370929592678     -0.711245642680859                    0.1                    0.1     0.4616384915286151                     10
                    465      1.528020568384916    -0.6153298962098824                    0.1                    0.1     0.3673748818776045                     10
                    466      1.183932564455236    -0.7393647438365205                    0.1                    0.1     0.4476009852195139                     10
                    467      1.203548255369043    -0.7298881192670491                    0.1                    0.1     0.4340493291847136                     10
                    468      1.749583752068068     -0.862089253135245                    0.1                    0.1     0.3827320696471953                     10
                    469     0.9293392829476135     -1.394493517926343                    0.1                    0.1     0.4882339849152136                     10
                    470      1.546122336425088    -0.3418439628862319                    0.1                    0.1     0.4171088026331819                     10
                    471     0.7057558398025204    -0.9531645062885539                    0.1                    0.1      0.497051401822037                     10
                    472      2.310495510919714    -0.9970604107013057                    0.1                    0.1     0.4686958871186792                     10
                    473     0.3998787198699059     -1.206807692764475                    0.1                    0.1     0.4883196035700012                     10
                    474    -0.2607545673862277     -1.155903322643349                    0.1                    0.1     0.5350318833839581                     10
                    475   -0.05548443771005492     -1.737367232846218                    0.1                    0.1     0.5233782255574501                     10
                    476       1.71652351475038     -0.792558111662698                    0.1                    0.1     0.3816810562201723                     10
                    477     0.7150385409138462     -1.206564147780824                    0.1                    0.1     0.4494647906182795                     10
                    478    -0.6208587155155241     -1.165363971239094                    0.1                    0.1     0.5204164469641854                     10
                    479     0.4990226941684024     -1.387842086795651                    0.1                    0.1     0.5330792169567299                     10
                    480       2.45446816151689     -1.150091142704218                    0.1                    0.1     0.5357420918262538                     10
                    481     0.2196024570910867     -1.036752789055441                    0.1                    0.1     0.5321143611166991                     10
                    482    -0.2697375230840288    -0.7572655393261881                    0.1                    0.1     0.5555555555555556                     10
                    483     -1.080563834406224    -0.7512142194579574                    0.1                    0.1     0.5542562053393182                     10
                    484     0.4220358584302897      -1.54615907324242                    0.1                    0.1     0.5190465519657246                     10
                    485      1.911190921602605    -0.2171133080731785                    0.1                    0.1     0.5015605861482593                     10
                    486     0.8287007552206875    -0.2683807285876826                    0.1                    0.1     0.5432895954431153                     10
                    487      1.902735463023224     -1.019791220997184                    0.1                    0.1     0.3982528645846542                     10
                    488      1.695212805798763     -0.716995853471381                    0.1                    0.1     0.3724599193227222                     10
                    489       1.34258032119408    -0.2716757130591572                    0.1                    0.1     0.4826209123728039                     10
                    490     0.1668442299402373    -0.6814318579845241                    0.1                    0.1     0.5541389205675757                     10
                    491      1.973215198328042     -1.096142253816049                    0.1                    0.1     0.3949768874791768                     10
                    492     0.4174290641178458     -1.550716088498246                    0.1                    0.1     0.4926899568073703                     10
                    493    -0.4342182781511246     -1.424525092470825                    0.1                    0.1     0.5394248479870932                     10
                    494      2.172025231716175    -0.1249996953022442                    0.1                    0.1     0.5505926639504088                     10
                    495     0.6195951827699988    -0.3872485776258052                    0.1                    0.1     0.5499067285265132                     10
                    496       2.12979550374744     -1.270474313766049                    0.1                    0.1     0.4899137458646345                     10
                    497     0.9794743209597863    -0.3844179825632393                    0.1                    0.1     0.4874545607066462                     10
                    498      1.617329593840847    -0.1715905103421045                    0.1                    0.1     0.5001824694756852                     10
                    499     0.8283754468572664      -1.45807716457727                    0.1                    0.1     0.4677389480356612                     10
                    500    -0.4653525120411849     -1.329139679775608                    0.1                    0.1     0.5232125660964672                     10
