#! FIELDS time p.x p.y sigma_p.x sigma_p.y height biasf
#! SET multivariate false
#! SET kerneltype gaussian
                      1      1.953296653045274    -0.5343243096198705                    0.1                    0.1      0.888888888888889                     10
                      2     0.5254560822708199     -1.746956587145616                    0.1                    0.1      0.888888888888889                     10
                      3     -1.274926245140867    -0.3103334034441851                    0.1                    0.1      0.888888888888889                     10
                      4     -1.278123612188462     -0.256576458271233                    0.1                    0.1     0.8229596678945249                     10
                      5      -1.24278783031262    0.05847369153317113                    0.1                    0.1     0.8884052552934109                     10
                      6     -0.802159595848645    -0.1866265861478195                    0.1                    0.1      0.888888888888889                     10
                      7   -0.03289291770142225      -1.73909225612693                    0.1                    0.1      0.888888888888889                     10
                      8    -0.7405523980837468    -0.3026140277929939                    0.1                    0.1     0.8560799131595129                     10
                      9     -1.263360586713394    0.04563453121319258                    0.1                    0.1     0.8144620208066552                     10
                     10     -1.107885614209585     0.9265081293225843                    0.1                    0.1      0.888888888888889                     10
                     11    -0.6698392569178013     0.8120539908139031                    0.1                    0.1      0.888888888888889                     10
                     12     -1.824497900695903    0.07364741824962195                    0.1                    0.1      0.888888888888889                     10
                     13    -0.8998995094466663    0.09551653742955324                    0.1                    0.1     0.8877652790205466                     10
                     14      -1.61121886189531     0.5515038660616739                    0.1                    0.1      0.888888888888889                     10
                     15     -2.030991011302311      1.202374722741707                    0.1                    0.1      0.888888888888889                     10
                     16        -1.614699579933      1.207709685618537                    0.1                    0.1      0.888888888888889                     10
                     17    -0.9395507376282276      1.219310952778836                    0.1                    0.1     0.8886248833487106                     10
                     18     -2.175557011226575     0.7269048113808956                    0.1                    0.1      0.888888888888889                     10
                     19     -1.722352612183545     0.3821758366842937                    0.1                    0.1     0.8783646291622619                     10
                     20    -0.7799337203184346     0.1577300416830929                    0.1                    0.1     0.8575132337163269                     10
                     21     -1.455259834553036      0.232014142677944                    0.1                    0.1     0.8842359479976929                     10
                     22     -2.349856014454037     0.4556774318355107                    0.1                    0.1     0.8884509156865246                     10
                     23    -0.7494957787372198      1.169815446063989                    0.1                    0.1     0.8774549031406761                     10
                     24     -1.460051139653923      1.085064656204617                    0.1                    0.1     0.8776695566301661                     10
                     25     -1.534846657176587    0.04165256915953001                    0.1                    0.1     0.8755655191950767                     10
                     26    -0.9616214436319769    0.01097030104319981                    0.1                    0.1     0.8346600586654666                     10
                     27     -1.611733888559107     0.6849209519229397                    0.1                    0.1     0.8565386674940981                     10
                     28     -2.114934774227395     0.7902591542108429                    0.1                    0.1     0.8365755879735759                     10
                     29     -1.604120562332417     0.1533278128192778                    0.1                    0.1     0.8309333815497053                     10
                     30     -1.064232064398273    -0.1752812032770352                    0.1                    0.1     0.8674397326285649                     10
                     31     -2.319103710126195     0.4606123030937867                    0.1                    0.1     0.8158449016663376                     10
                     32    -0.9654289179985831      1.279975691003397                    0.1                    0.1     0.8235791494654129                     10
                     33      -1.08414371687499      1.293731289315708                    0.1                    0.1     0.8336235915216476                     10
                     34     -2.191306922736557      1.131468863374384                    0.1                    0.1      0.871936530913675                     10
                     35     -2.105349983758185      1.152696681851276                    0.1                    0.1     0.7893068974436639                     10
                     36     -1.159956353178717      1.221746952163072                    0.1                    0.1     0.8303661339043009                     10
                     37     -1.214385173403306      1.202755623728013                    0.1                    0.1     0.8025562649621651                     10
                     38     -1.383022339643435       1.25724537841757                    0.1                    0.1     0.8503337170762553                     10
                     39     -1.966552854492623     0.9452528089796094                    0.1                    0.1     0.8741530461046049                     10
                     40     -1.805212413911345     0.2841648031587728                    0.1                    0.1      0.842673935412692                     10
                     41     -0.917429056022649     0.1845980963179111                    0.1                    0.1     0.7977889612853724                     10
                     42     -1.126558334757215     0.1580740808824393                    0.1                    0.1     0.8313601312385898                     10
                     43     -1.721050446281363     0.1884872729980213                    0.1                    0.1     0.7843435381381773                     10
                     44     -1.098036987298909     0.3910681856165473                    0.1                    0.1     0.8824270050778197                     10
                     45     -1.376453569959214      1.456978049906598                    0.1                    0.1     0.8770092804025212                     10
                     46     -1.624507370745905      1.300860256761309                    0.1                    0.1      0.832891791177179                     10
                     47     -1.340881741069546     0.8208845479706652                    0.1                    0.1     0.8839533005721437                     10
                     48     -1.981004767474922   -0.03660347057272188                    0.1                    0.1     0.8761116825309573                     10
                     49     -1.701007651516057    -0.1934429616342553                    0.1                    0.1     0.8861234085294489                     10
                     50     -1.193398636672039   -0.07956488038416645                    0.1                    0.1     0.7979311789113007                     10
                     51     -1.704825614824337      1.464640610448715                    0.1                    0.1     0.8726821205365631                     10
                     52     -1.104441728003746      1.648662245921697                    0.1                    0.1     0.8884902256307302                     10
                     53     -2.239451212863898       1.05743357695673                    0.1                    0.1     0.8158896218529149                     10
                     54     -1.510311744369103    -0.3568548201420642                    0.1                    0.1     0.8781367179656686                     10
                     55     -1.692304522277896    -0.1610081963452812                    0.1                    0.1     0.8097577414692312                     10
                     56      -2.01324752798226     0.1465378226960527                    0.1                    0.1     0.8610202383065395                     10
                     57     -1.418159231694329     0.9333750248664954                    0.1                    0.1     0.8348544817858993                     10
                     58     -1.534179826484334      1.275560173938126                    0.1                    0.1     0.7641114092793686                     10
                     59     -1.817999221586105      1.346625125950889                    0.1                    0.1      0.851183867229086                     10
                     60     -1.707656861423129      1.404961189568696                    0.1                    0.1     0.7554102752892734                     10
                     61     -1.371865706459235      1.361128113383844                    0.1                    0.1     0.7757713929631633                     10
                     62     -2.095048211287162      1.092483519078674                    0.1                    0.1     0.7297727480441762                     10
                     63     -2.016538228568733      1.211019115808028                    0.1                    0.1     0.7406952896684168                     10
                     64     -1.812568061557552      1.144675185031258                    0.1                    0.1     0.8468821735956139                     10
                     65     -1.648728474403516      1.033709517400308                    0.1                    0.1     0.8437278722775648                     10
                     66     -1.480663765122791     0.9949604784505646                    0.1                    0.1     0.7663181847160915                     10
                     67     -1.830739187831565     0.3083458716438847                    0.1                    0.1     0.7650305744972757                     10
                     68     -1.858302526578111     0.3333843335062286                    0.1                    0.1     0.7374750143948313                     10
                     69     -1.842494153215084     0.4854969626278094                    0.1                    0.1     0.8201329204309469                     10
                     70     -1.892244792992348     0.6011023524535311                    0.1                    0.1     0.8480375886961342                     10
                     71     -1.494085215998873      0.288484337273381                    0.1                    0.1     0.8019885957989943                     10
                     72     -1.804446139016782     0.1765072579357452                    0.1                    0.1     0.7024170788183626                     10
                     73      -1.45315823759699    0.01365042780183978                    0.1                    0.1     0.7993100047118058                     10
                     74     -1.784393312163353     0.6142201895877819                    0.1                    0.1     0.7916736677360356                     10
                     75      -2.31153001995747     0.5837175989054867                    0.1                    0.1     0.8133688062034702                     10
                     76      -1.17536322645483     0.9422228194405933                    0.1                    0.1     0.8119121080603232                     10
                     77    -0.9602842496656003     0.8022071512934315                    0.1                    0.1     0.8728827217528351                     10
                     78     -2.527963204956786     0.8357404015164964                    0.1                    0.1     0.8885980592774724                     10
                     79    -0.9281574657484301      1.516588683810732                    0.1                    0.1     0.8750498340033428                     10
                     80     -1.211308351199984        1.2150595528356                    0.1                    0.1     0.7156627444665631                     10
                     81     -1.825670980166195      1.002310068949017                    0.1                    0.1      0.819557027048827                     10
                     82      -0.27436888335672      1.152370584866433                    0.1                    0.1      0.888888888888889                     10
                     83    -0.4985038746183518      1.203369710953915                    0.1                    0.1     0.8801243538292096                     10
                     84    -0.8228033188960582     0.8983151760561301                    0.1                    0.1     0.8506991003775318                     10
                     85     0.1389957005900647      1.548533733574617                    0.1                    0.1      0.888888888888889                     10
                     86     -1.531856670867124      1.248782758139753                    0.1                    0.1     0.6878593921440063                     10
                     87     0.7105352382168113     0.8681036541212434                    0.1                    0.1      0.888888888888889                     10
                     88     -2.631937395113456     0.9960770626647507                    0.1                    0.1     0.8762285431031567                     10
                     89    0.02211075054811681      1.000101987168066                    0.1                    0.1     0.8885824116723184                     10
                     90     -1.621360978708875     0.1389483925988572                    0.1                    0.1     0.7066570722566263                     10
                     91     -0.232483775219335     0.7477443609159277                    0.1                    0.1       0.88887006531819                     10
                     92     0.4937701257083628     -1.261633374201853                    0.1                    0.1      0.888888888888889                     10
                     93      1.547788560805461     0.4694364187225851                    0.1                    0.1      0.888888888888889                     10
                     94     0.9964543021400279   -0.03500593290857019                    0.1                    0.1      0.888888888888889                     10
                     95       1.60921525695874     -1.431807877711011                    0.1                    0.1      0.888888888888889                     10
                     96     0.7099269536742002    -0.7206417213220904                    0.1                    0.1      0.888888888888889                     10
                     97     -1.018618256661562    -0.2386814278019327                    0.1                    0.1     0.8152661650043339                     10
                     98    -0.7509081884143164    -0.1133154024907191                    0.1                    0.1     0.8161720323389076                     10
                     99      2.078713572383692    -0.8006543551092037                    0.1                    0.1     0.8878499168341928                     10
                    100     0.4219022879501992     -1.602126738385725                    0.1                    0.1     0.8726266567815948                     10
                    101     -1.637172257039972    -0.2071725039525603                    0.1                    0.1      0.764040281488923                     10
                    102     -1.247900858544206    -0.5374119831116153                    0.1                    0.1     0.8812784492899587                     10
                    103     0.7529068284519972     -1.585057373894109                    0.1                    0.1       0.88696360160892                     10
                    104      1.578097646985865     -1.437769288289736                    0.1                    0.1     0.8166765751710574                     10
                    105      1.277417886833557    0.09534913161786819                    0.1                    0.1     0.8882352179580932                     10
                    106     0.9740926181673192     0.2796211298025805                    0.1                    0.1     0.8882196859551773                     10
                    107     -1.382013099261859      1.519211905205282                    0.1                    0.1     0.8034557009989435                     10
                    108    -0.2252248071390688      1.478824894903668                    0.1                    0.1     0.8885485162943904                     10
                    109    0.01345637230600162      0.189004988426424                    0.1                    0.1      0.888888888888889                     10
                    110    -0.2353639419953752    -0.6889635064426012                    0.1                    0.1      0.888888888888889                     10
                    111      1.422481345339431    -0.5889842364733392                    0.1                    0.1      0.888888888888889                     10
                    112    -0.5602770773402596     -1.722409197234547                    0.1                    0.1      0.888888888888889                     10
                    113      1.745242949094238     -1.153686409157539                    0.1                    0.1     0.8879147406230745                     10
                    114   -0.03469038737185996     -1.780860432944505                    0.1                    0.1     0.8192075075325644                     10
                    115     0.4958310113612647    -0.7646697914788361                    0.1                    0.1     0.8816533028165068                     10
                    116     0.8734515841308328    -0.6648683193192546                    0.1                    0.1     0.8712634816766057                     10
                    117    -0.3641252189329765    -0.9757413336492751                    0.1                    0.1     0.8883230967885204                     10
                    118     -1.096714381756211    -0.3268487270712851                    0.1                    0.1     0.8016742414944805                     10
                    119     -1.825048389333619   -0.02156945229891408                    0.1                    0.1     0.7794998394733359                     10
                    120    -0.8314689881429546      1.648236542340453                    0.1                    0.1     0.8667252503065538                     10
                    121     -1.883937449504263     0.9771704334205847                    0.1                    0.1     0.7587023433826621                     10
                    122     -2.012038700976452     0.1716480029442545                    0.1                    0.1     0.7794111602146191                     10
                    123     -1.427236002118894    -0.2812100309652933                    0.1                    0.1     0.7948173505439856                     10
                    124     -1.936606745276269   0.001870188235170517                    0.1                    0.1     0.7284284205991693                     10
                    125     -1.327501381220458      1.042329296217327                    0.1                    0.1     0.7675953149721575                     10
                    126     -1.314759557359958      1.117959486227648                    0.1                    0.1     0.7100778968862542                     10
                    127     -1.484933683700017      0.256685665539536                    0.1                    0.1     0.7155224452976835                     10
                    128     -1.743716645396824   -0.07494230510324559                    0.1                    0.1     0.7225605127869751                     10
                    129     -1.530888522529084    0.05862160832237465                    0.1                    0.1     0.6831781919774617                     10
                    130     -1.995612153384989      1.267237794135768                    0.1                    0.1     0.7349773809360136                     10
                    131    -0.5647884715453233      1.288606282801482                    0.1                    0.1     0.8390913632343042                     10
                    132     -2.049367890369391     0.2200996180988103                    0.1                    0.1     0.7622204391462072                     10
                    133     -1.347737045945784    -0.2184766074141989                    0.1                    0.1     0.7401759218227476                     10
                    134     -1.573844640451354    0.09570960546525215                    0.1                    0.1     0.6223070992813963                     10
                    135     -2.268289162727615     0.7694730398022644                    0.1                    0.1     0.8071822814040227                     10
                    136     -1.166138993194737      1.347823135462955                    0.1                    0.1     0.7437021568928771                     10
                    137     -1.535645926863747      1.327767228924431                    0.1                    0.1     0.6675809214676655                     10
                    138     -2.043327847931927      0.472685944741027                    0.1                    0.1     0.8522118062071332                     10
                    139     -1.036175455687658    -0.1088372632998973                    0.1                    0.1     0.7423007478702425                     10
                    140     -1.685313164537916   0.004881587697495658                    0.1                    0.1     0.6698986945329454                     10
                    141     -1.706278833973035      1.406069881179871                    0.1                    0.1     0.6878440211540342                     10
                    142    -0.9267861986967438      1.428341953912158                    0.1                    0.1     0.7918495177655303                     10
                    143     -1.934237314656611     0.5352319955316617                    0.1                    0.1     0.7385484258452703                     10
                    144    -0.8105738597075509     0.5562857925197822                    0.1                    0.1      0.886017422036796                     10
                    145      -1.22658865042829     0.8643190582835751                    0.1                    0.1      0.759679056108898                     10
                    146     -1.473857720318176      1.045799640065914                    0.1                    0.1     0.6709606376047952                     10
                    147    -0.8147011939476944      1.374018193102331                    0.1                    0.1     0.8060982081176913                     10
                    148     -2.315327795396571     0.8268658244677022                    0.1                    0.1     0.7957169797909892                     10
                    149    -0.5591084518993982     0.5822003295210832                    0.1                    0.1     0.8826220343412517                     10
                    150     -1.854071999013131     0.7325463124590375                    0.1                    0.1     0.8086119420714469                     10
                    151     -1.939085054033349     0.4573729300782673                    0.1                    0.1     0.6947440854883354                     10
                    152     -1.241681424871953     0.3735414969503586                    0.1                    0.1     0.8508249625819586                     10
                    153     -1.008479555800473     0.6700986490148029                    0.1                    0.1     0.8497205599261332                     10
                    154      -1.84518512109026     0.7478764379709588                    0.1                    0.1     0.7546525353282597                     10
                    155     -2.464351579644524     0.8186276393336926                    0.1                    0.1     0.7916204342171825                     10
                    156       -2.1236977270797     0.9811775293424618                    0.1                    0.1     0.7493851054113119                     10
                    157     -1.351148323549435     0.7182114629518379                    0.1                    0.1     0.8226213389477905                     10
                    158     -1.018945098133243     0.4617307638026059                    0.1                    0.1     0.8262414919772676                     10
                    159     -2.091620060865526     0.6178362805328355                    0.1                    0.1     0.7771407916469169                     10
                    160     -2.074174726547219      0.490094807884234                    0.1                    0.1     0.7277298419517112                     10
                    161     -1.623093592133552     0.6851480163164277                    0.1                    0.1      0.761052304606987                     10
                    162     -1.568382169486062     0.4434990508007995                    0.1                    0.1     0.7902842373171376                     10
                    163     -1.802462742330221      0.442395137847188                    0.1                    0.1     0.6450568845143598                     10
                    164     -1.904743958512362     0.9927288696016022                    0.1                    0.1     0.6906567897878521                     10
                    165     -1.301319036229611     0.9448461345390702                    0.1                    0.1     0.6745882064931712                     10
                    166     -1.989578440937172      1.179171321421322                    0.1                    0.1     0.6407097312019218                     10
                    167     -1.362519702834841       1.32999877906562                    0.1                    0.1      0.665455242772388                     10
                    168     -1.501208111860636       1.12513867138779                    0.1                    0.1     0.6336885032671079                     10
                    169     -1.851548225818259     0.9079566574421377                    0.1                    0.1     0.6944912500128584                     10
                    170     -1.859430919934704      1.024581433590541                    0.1                    0.1     0.6276145533359636                     10
                    171     -2.044192281437742      1.196667685629372                    0.1                    0.1     0.5874049861505014                     10
                    172     -1.850299234541643     0.9544027406700686                    0.1                    0.1     0.5970001437273003                     10
                    173     -2.192397360305441     0.5289492416144128                    0.1                    0.1     0.7303447510794302                     10
                    174     -1.931050292042573     0.5189124545528293                    0.1                    0.1     0.6003018592408098                     10
                    175      -1.84484767335357     0.4537896631261739                    0.1                    0.1      0.574109970400369                     10
                    176     -1.501213249847065     0.3745112985400807                    0.1                    0.1     0.7265009249663634                     10
                    177     -1.678401985379903     0.2876623244407521                    0.1                    0.1      0.645753557117255                     10
                    178      -2.01429832484975     0.2779183778863126                    0.1                    0.1     0.7027963734478042                     10
                    179     -1.841605908879437     0.3819234407305229                    0.1                    0.1      0.546214846835326                     10
                    180     -1.303067278276607     0.3758645281825888                    0.1                    0.1     0.7863858986054304                     10
                    181     -1.615060708820531     0.2549424850344278                    0.1                    0.1     0.6028408816132974                     10
                    182     -1.694168726063372     0.3294858271911868                    0.1                    0.1     0.5779691764432364                     10
                    183     -2.226174697075508     0.3549411023275706                    0.1                    0.1     0.7974992487590779                     10
                    184     -0.890846032001429      1.026435150301503                    0.1                    0.1      0.829298851460593                     10
                    185      -1.61978823728995     0.8812451553379084                    0.1                    0.1     0.7968480808357967                     10
                    186     -2.028370193642516      1.223123969296186                    0.1                    0.1     0.5703884559967128                     10
                    187     -1.580139566913216     0.9632953350664343                    0.1                    0.1     0.6874097906377166                     10
                    188     -1.279612583072517     0.3478501628155904                    0.1                    0.1     0.7256095360970166                     10
                    189     -1.398794972290839     0.4209252604979558                    0.1                    0.1     0.7220797948029087                     10
                    190      -1.45594322782077     0.7074765469885783                    0.1                    0.1      0.771609822649986                     10
                    191     -1.424293977736042     0.7578670978733524                    0.1                    0.1     0.6988651571940284                     10
                    192     -1.934582217476315     0.3380336749644664                    0.1                    0.1     0.5850367542828847                     10
                    193     -1.192520670366408     0.1759046424355312                    0.1                    0.1     0.7433973464614994                     10
                    194     -1.498222910794184     0.4908344804416894                    0.1                    0.1     0.7077740313504109                     10
                    195     -0.628442498491105      1.080169547476844                    0.1                    0.1     0.8359330706398248                     10
                    196     -1.653927815692884     0.6337253768003024                    0.1                    0.1     0.6649545820660087                     10
                    197      -2.27044887095001     0.9771616911952281                    0.1                    0.1     0.7572856604111683                     10
                    198     -0.937504302273606     0.9079676883310679                    0.1                    0.1     0.7555887798313049                     10
                    199     -1.818907627857476     0.5392231877217889                    0.1                    0.1      0.556279449988403                     10
                    200     -2.094220771148266     0.7152009180811016                    0.1                    0.1     0.6976534042671796                     10
                    201      -1.83580346254429     0.5886815662373256                    0.1                    0.1     0.5519038792543673                     10
                    202     -2.045112827889486     0.8134956649837675                    0.1                    0.1     0.7005548906335839                     10
                    203      -1.35912192507771      1.302818041691173                    0.1                    0.1     0.6170213807000311                     10
                    204     -1.780810898902904      1.245636478935623                    0.1                    0.1     0.7095751633037789                     10
                    205      -1.46340184046112     0.6599676008724795                    0.1                    0.1     0.6826144661218898                     10
                    206     -1.244755409103547     0.4911242175546526                    0.1                    0.1     0.7598366694961827                     10
                    207     -2.280588664995864     0.3815092912660193                    0.1                    0.1     0.7175011753716916                     10
                    208      -1.55814819152497     0.3111299629553174                    0.1                    0.1     0.5686305357578038                     10
                    209     -1.616841013784305     0.5027887815533786                    0.1                    0.1     0.6163871306528522                     10
                    210     -1.697012726042038      0.395989994773877                    0.1                    0.1     0.5375990273792335                     10
                    211     -1.506064995504114     0.5255831879607598                    0.1                    0.1     0.6214099780674586                     10
                    212     -2.070971492452768     0.5063654579987176                    0.1                    0.1     0.6082123808183703                     10
                    213     -1.158942663224215     0.3580904130948878                    0.1                    0.1     0.6836382537808445                     10
                    214     -2.104925481371185     0.5165259913268252                    0.1                    0.1     0.5918737300979795                     10
                    215     -1.820143107084167     0.6161315174296209                    0.1                    0.1     0.5422764308313527                     10
                    216     -1.024418510515536      1.033010484129971                    0.1                    0.1     0.7622575222793238                     10
                    217     -1.620902063851631     0.1593462042564818                    0.1                    0.1     0.5335183796686577                     10
                    218     -1.088659889331723     0.3956512549554968                    0.1                    0.1     0.6844220915143091                     10
                    219      -2.29218384025638       0.94297368450901                    0.1                    0.1     0.7142825455960732                     10
                    220    -0.6070490021351936      1.391538866627319                    0.1                    0.1     0.8312568347935139                     10
                    221    -0.6824581336936585      1.580501104786898                    0.1                    0.1     0.8518034752094314                     10
                    222     -2.182193293208488       1.11985852477673                    0.1                    0.1     0.6108217103205245                     10
                    223    -0.5966125432147591     -0.713800455743498                    0.1                    0.1     0.8887334457588193                     10
                    224     0.6783541345250814     -1.036935666727477                    0.1                    0.1     0.8868644034990233                     10
                    225     0.8126561412982741     -1.049661593671524                    0.1                    0.1     0.8574978409286049                     10
                    226    -0.4777477858833191     -1.903454245216491                    0.1                    0.1     0.8780155724802182                     10
                    227      1.779246367183831    -0.5171760666856305                    0.1                    0.1     0.8718943349622763                     10
                    228     0.4859889405861482    -0.4241511895770022                    0.1                    0.1     0.8886487625308043                     10
                    229      2.059460077273797    -0.2807658378599384                    0.1                    0.1     0.8870796984592523                     10
                    230    -0.5404474467499776     -1.532028237373682                    0.1                    0.1      0.876299406462134                     10
                    231     -1.601989281561612      1.018864576380874                    0.1                    0.1     0.6365797398164476                     10
                    232    -0.9996158339270985     0.4071184776602969                    0.1                    0.1     0.7196217881309402                     10
                    233     0.0446254330970141      1.069384446222617                    0.1                    0.1     0.8298787877464047                     10
                    234     -2.494849738461645      1.108854829711304                    0.1                    0.1     0.8621334186035438                     10
                    235    -0.2010813715016743    -0.4904270525080866                    0.1                    0.1     0.8785445051172597                     10
                    236      1.395114997485884    -0.4471674010002386                    0.1                    0.1      0.861416512786238                     10
                    237     0.8564950208199588    -0.7654572856095365                    0.1                    0.1     0.8195078146270772                     10
                    238      2.158170464405455       -1.2087502041279                    0.1                    0.1      0.888888888888889                     10
                    239     0.5939696203172983     0.1356074566167942                    0.1                    0.1      0.888888888888889                     10
                    240       2.04327031675793    -0.2556330265466737                    0.1                    0.1     0.8154400197342736                     10
                    241     0.3946045204528277     -1.630629997482835                    0.1                    0.1     0.8041853534225184                     10
                    242     -1.181371594117232    -0.4319806321975894                    0.1                    0.1     0.7883643201939809                     10
                    243     -1.794267503224533     0.2766266555784381                    0.1                    0.1     0.5041972567061742                     10
                    244     -1.060630001062676      1.017411796689871                    0.1                    0.1     0.7004442170059062                     10
                    245     -1.271044153261271     0.4926270059329493                    0.1                    0.1     0.6809625867494666                     10
                    246     0.3345327674463936     0.9939277909894124                    0.1                    0.1     0.8874580415196328                     10
                    247    -0.2016052535933756      1.719222234664652                    0.1                    0.1     0.8846187675792139                     10
                    248     -2.537689173484077     0.6994407985626859                    0.1                    0.1     0.8248167275713406                     10
                    249    -0.2053512776092987     0.5276711191085492                    0.1                    0.1     0.8821082624553094                     10
                    250     -2.001250512511165     0.6771776992218594                    0.1                    0.1     0.6241211752269079                     10
