#! FIELDS time p.x p.y
 0.000000 0.028454 0.044256
 0.100000 -0.060055 0.034435
 0.200000 -0.175636 0.038919
 0.300000 -0.325025 0.062377
 0.400000 -0.521824 0.103009
 0.500000 -0.782663 0.158136
 0.600000 -1.140951 0.241998
 0.700000 -1.595089 0.421037
 0.800000 -2.064916 0.694466
 0.900000 -2.456984 0.992364
 1.000000 -2.575138 1.152682
 1.100000 -2.319069 1.043853
 1.200000 -1.859578 0.750688
 1.300000 -1.410236 0.457235
 1.400000 -1.067282 0.239041
 1.500000 -0.846733 0.092286
 1.600000 -0.732558 -0.004022
 1.700000 -0.721971 -0.062190
 1.800000 -0.804971 -0.073724
 1.900000 -0.957469 -0.025771
 2.000000 -1.180359 0.063466
 2.100000 -1.486755 0.235239
 2.200000 -1.845512 0.522529
 2.300000 -2.213914 0.892202
 2.400000 -2.425177 1.190319
 2.500000 -2.341202 1.207428
 2.600000 -2.032421 0.946421
 2.700000 -1.658801 0.596040
 2.800000 -1.329255 0.295219
 2.900000 -1.098315 0.086614
 3.000000 -0.908313 -0.054583
 3.100000 -0.776887 -0.156213
 3.200000 -0.693028 -0.247989
 3.300000 -0.665055 -0.323901
 3.400000 -0.688042 -0.390885
 3.500000 -0.763842 -0.467039
 3.600000 -0.868261 -0.538464
 3.700000 -0.987101 -0.578510
 3.800000 -1.113850 -0.585631
 3.900000 -1.215958 -0.540369
 4.000000 -1.303005 -0.422858
 4.100000 -1.386804 -0.179981
 4.200000 -1.492475 0.193264
 4.300000 -1.655240 0.663645
 4.400000 -1.876094 1.150368
 4.500000 -2.057770 1.440197
 4.600000 -2.096085 1.312309
 4.700000 -2.005139 0.874772
 4.800000 -1.873968 0.396676
 4.900000 -1.736455 0.057918
 5.000000 -1.577164 -0.089169
 5.100000 -1.395832 -0.061908
 5.200000 -1.235742 0.103515
 5.300000 -1.200065 0.366494
 5.400000 -1.298755 0.712056
 5.500000 -1.499419 1.101929
 5.600000 -1.747615 1.398794
 5.700000 -1.955685 1.380690
 5.800000 -2.064499 1.004896
 5.900000 -2.082557 0.511754
 6.000000 -1.986923 0.120149
 6.100000 -1.753268 -0.062623
 6.200000 -1.483085 -0.034270
 6.300000 -1.238657 0.145683
 6.400000 -1.075779 0.421140
 6.500000 -1.027448 0.780975
 6.600000 -1.093850 1.159113
 6.700000 -1.236022 1.464945
 6.800000 -1.380593 1.543442
 6.900000 -1.521097 1.314077
 7.000000 -1.716169 0.876537
 7.100000 -1.941148 0.403369
 7.200000 -2.117222 0.080183
 7.300000 -2.137939 0.033509
 7.400000 -1.985805 0.256762
 7.500000 -1.756232 0.698224
 7.600000 -1.543994 1.147390
 7.700000 -1.362097 1.469822
 7.800000 -1.191807 1.536542
 7.900000 -1.010551 1.357119
 8.000000 -0.890421 1.054530
 8.100000 -0.857703 0.734871
 8.200000 -0.936010 0.441069
 8.300000 -1.111180 0.214644
 8.400000 -1.382561 0.100070
 8.500000 -1.707649 0.109540
 8.600000 -2.012162 0.299586
 8.700000 -2.215562 0.682045
 8.800000 -2.260048 1.115848
 8.900000 -2.090805 1.332824
 9.000000 -1.775484 1.210361
 9.100000 -1.432107 0.883933
 9.200000 -1.169099 0.540604
 9.300000 -1.002281 0.248462
 9.400000 -0.950389 0.032378
 9.500000 -0.999940 -0.080527
 9.600000 -1.166502 -0.136835
 9.700000 -1.406844 -0.136221
 9.800000 -1.671230 -0.019140
 9.900000 -1.908335 0.286465
 10.000000 -2.071976 0.763101
 10.100000 -2.144774 1.254904
 10.200000 -2.073390 1.473453
 10.300000 -1.844952 1.240687
 10.400000 -1.584928 0.777347
 10.500000 -1.365225 0.310404
 10.600000 -1.238967 -0.076374
 10.700000 -1.213543 -0.372432
 10.800000 -1.177715 -0.574350
 10.900000 -1.090946 -0.721197
 11.000000 -0.958995 -0.827830
 11.100000 -0.765888 -0.931559
 11.200000 -0.521037 -1.055098
 11.300000 -0.249115 -1.216222
 11.400000 0.054728 -1.406471
 11.500000 0.369873 -1.601005
 11.600000 0.680622 -1.708999
 11.700000 0.955278 -1.625852
 11.800000 1.192809 -1.329573
 11.900000 1.436489 -0.896212
 12.000000 1.728637 -0.474378
 12.100000 2.017234 -0.182719
 12.200000 2.182277 -0.118683
 12.300000 2.111906 -0.328261
 12.400000 1.897056 -0.743384
 12.500000 1.642167 -1.197025
 12.600000 1.352667 -1.492615
 12.700000 1.035595 -1.538117
 12.800000 0.710537 -1.388983
 12.900000 0.400059 -1.174267
 13.000000 0.142059 -1.003778
 13.100000 -0.112970 -0.898027
 13.200000 -0.354288 -0.844816
 13.300000 -0.567881 -0.824294
 13.400000 -0.769324 -0.830510
 13.500000 -0.938550 -0.859017
 13.600000 -1.055048 -0.918970
 13.700000 -1.111682 -0.968565
 13.800000 -1.071984 -1.003157
 13.900000 -0.954316 -1.012536
 14.000000 -0.754400 -1.032069
 14.100000 -0.497151 -1.080154
 14.200000 -0.204765 -1.153162
 14.300000 0.091605 -1.269676
 14.400000 0.413438 -1.433742
 14.500000 0.749087 -1.551872
 14.600000 1.089706 -1.537515
 14.700000 1.396454 -1.301143
 14.800000 1.683648 -0.886283
 14.900000 1.984663 -0.491150
 15.000000 2.211243 -0.243490
 15.100000 2.211089 -0.227484
 15.200000 1.977834 -0.460023
 15.300000 1.676300 -0.856344
 15.400000 1.400606 -1.250486
 15.500000 1.133932 -1.506757
 15.600000 0.869599 -1.544102
 15.700000 0.605959 -1.409893
 15.800000 0.342652 -1.230162
 15.900000 0.124536 -1.084671
 16.000000 -0.085205 -1.032602
 16.100000 -0.313774 -1.062639
 16.200000 -0.549925 -1.182525
 16.300000 -0.752571 -1.356194
 16.400000 -0.878231 -1.538289
 16.500000 -0.863932 -1.677410
 16.600000 -0.679981 -1.751821
 16.700000 -0.385555 -1.762836
 16.800000 -0.053928 -1.711234
 16.900000 0.279732 -1.603261
 17.000000 0.590741 -1.435040
 17.100000 0.918728 -1.197926
 17.200000 1.300151 -0.916961
 17.300000 1.760096 -0.644989
 17.400000 2.204742 -0.458446
 17.500000 2.470584 -0.455707
 17.600000 2.395921 -0.668606
 17.700000 2.057990 -0.971176
 17.800000 1.617086 -1.192325
 17.900000 1.146935 -1.294170
 18.000000 0.706203 -1.276807
 18.100000 0.293489 -1.208334
 18.200000 -0.071010 -1.173002
 18.300000 -0.402625 -1.215059
 18.400000 -0.723663 -1.307160
 18.500000 -0.958208 -1.396951
 18.600000 -1.026172 -1.435951
 18.700000 -0.901891 -1.406127
 18.800000 -0.623151 -1.341311
 18.900000 -0.290437 -1.267711
 19.000000 0.043880 -1.220975
 19.100000 0.386394 -1.227603
 19.200000 0.754544 -1.236869
 19.300000 1.177910 -1.174123
 19.400000 1.634671 -1.038537
 19.500000 2.086971 -0.821524
 19.600000 2.408448 -0.622450
 19.700000 2.447191 -0.539182
 19.800000 2.175550 -0.632095
 19.900000 1.756740 -0.827512
 20.000000 1.334302 -1.028966
 20.100000 0.940545 -1.201134
 20.200000 0.604242 -1.336584
 20.300000 0.288425 -1.429724
 20.400000 -0.024079 -1.497443
 20.500000 -0.319287 -1.542492
 20.600000 -0.564878 -1.578636
 20.700000 -0.718187 -1.571784
 20.800000 -0.748751 -1.534111
 20.900000 -0.653731 -1.464546
 21.000000 -0.486270 -1.384169
 21.100000 -0.240443 -1.302438
 21.200000 0.039569 -1.267525
 21.300000 0.340402 -1.299768
 21.400000 0.630217 -1.344319
 21.500000 0.932795 -1.349643
 21.600000 1.280113 -1.278529
 21.700000 1.660947 -1.094098
 21.800000 2.028264 -0.830861
 21.900000 2.302147 -0.567408
 22.000000 2.346400 -0.442588
 22.100000 2.121916 -0.527025
 22.200000 1.759156 -0.763449
 22.300000 1.405212 -1.037672
 22.400000 1.123591 -1.273847
 22.500000 0.866274 -1.422739
 22.600000 0.637813 -1.473104
 22.700000 0.442887 -1.469795
 22.800000 0.264797 -1.447160
 22.900000 0.098578 -1.406377
 23.000000 -0.043783 -1.399418
 23.100000 -0.188454 -1.449621
 23.200000 -0.339710 -1.532150
 23.300000 -0.459722 -1.617258
 23.400000 -0.518807 -1.690937
 23.500000 -0.510031 -1.727022
 23.600000 -0.442161 -1.715753
 23.700000 -0.329092 -1.670631
 23.800000 -0.178253 -1.588417
 23.900000 -0.010090 -1.502307
 24.000000 0.186064 -1.469486
 24.100000 0.424645 -1.442412
 24.200000 0.664336 -1.368527
 24.300000 0.929514 -1.255954
 24.400000 1.259068 -1.091725
 24.500000 1.646491 -0.883803
 24.600000 2.050638 -0.653716
 24.700000 2.328311 -0.513140
 24.800000 2.357390 -0.581708
 24.900000 2.157795 -0.809526
 25.000000 1.818545 -1.046114
 25.100000 1.439165 -1.173535
 25.200000 1.097219 -1.209971
 25.300000 0.798163 -1.193497
 25.400000 0.575623 -1.137543
 25.500000 0.393734 -1.082752
 25.600000 0.255897 -1.075616
 25.700000 0.191979 -1.132076
 25.800000 0.210893 -1.255638
 25.900000 0.303119 -1.392939
 26.000000 0.432762 -1.487782
 26.100000 0.559746 -1.556949
 26.200000 0.691563 -1.580518
 26.300000 0.818809 -1.481809
 26.400000 0.954809 -1.255959
 26.500000 1.146983 -0.971089
 26.600000 1.402447 -0.688169
 26.700000 1.720292 -0.484517
 26.800000 2.050239 -0.408676
 26.900000 2.256284 -0.520963
 27.000000 2.258270 -0.810882
 27.100000 2.068300 -1.127808
 27.200000 1.762992 -1.284911
 27.300000 1.420162 -1.198533
 27.400000 1.105056 -1.002803
 27.500000 0.873220 -0.795758
 27.600000 0.747441 -0.639752
 27.700000 0.702213 -0.558135
 27.800000 0.744617 -0.539361
 27.900000 0.877962 -0.592757
 28.000000 1.121978 -0.708980
 28.100000 1.493732 -0.883154
 28.200000 1.924185 -1.054073
 28.300000 2.293001 -1.096712
 28.400000 2.448249 -0.986000
 28.500000 2.323560 -0.796456
 28.600000 2.006705 -0.625995
 28.700000 1.624965 -0.527263
 28.800000 1.253957 -0.541459
 28.900000 0.951986 -0.602422
 29.000000 0.744877 -0.710695
 29.100000 0.602081 -0.899278
 29.200000 0.501439 -1.146633
 29.300000 0.439486 -1.406005
 29.400000 0.347299 -1.610391
 29.500000 0.222687 -1.770894
 29.600000 0.077138 -1.824398
 29.700000 -0.090436 -1.753692
 29.800000 -0.248478 -1.605144
 29.900000 -0.378792 -1.447187
 30.000000 -0.431903 -1.313086
 30.100000 -0.422990 -1.167127
 30.200000 -0.373119 -1.031493
 30.300000 -0.307869 -0.939345
 30.400000 -0.240509 -0.900684
 30.500000 -0.173276 -0.909930
 30.600000 -0.110793 -0.953794
 30.700000 -0.043204 -1.022389
 30.800000 0.053345 -1.150151
 30.900000 0.179023 -1.314391
 31.000000 0.336837 -1.479458
 31.100000 0.526267 -1.620328
 31.200000 0.718621 -1.690044
 31.300000 0.868250 -1.574772
 31.400000 1.022532 -1.278155
 31.500000 1.200336 -0.896370
 31.600000 1.425795 -0.526295
 31.700000 1.698603 -0.245016
 31.800000 1.924089 -0.121561
 31.900000 2.029368 -0.228059
 32.000000 1.977287 -0.552171
 32.100000 1.863433 -0.988572
 32.200000 1.731320 -1.344810
 32.300000 1.565001 -1.443613
 32.400000 1.364760 -1.260993
 32.500000 1.161048 -0.940207
 32.600000 1.016553 -0.634128
 32.700000 0.974305 -0.404165
 32.800000 1.037080 -0.259623
 32.900000 1.181658 -0.192985
 33.000000 1.382153 -0.220108
 33.100000 1.631261 -0.369985
 33.200000 1.894622 -0.597863
 33.300000 2.119459 -0.915514
 33.400000 2.192766 -1.186342
 33.500000 2.096172 -1.224403
 33.600000 1.862085 -1.018600
 33.700000 1.611704 -0.693540
 33.800000 1.394282 -0.444354
 33.900000 1.242484 -0.316445
 34.000000 1.163911 -0.319249
 34.100000 1.154323 -0.428185
 34.200000 1.223780 -0.654105
 34.300000 1.414492 -0.929894
 34.400000 1.687852 -1.171791
 34.500000 1.950368 -1.265496
 34.600000 2.132205 -1.099921
 34.700000 2.178889 -0.781730
 34.800000 2.063661 -0.489353
 34.900000 1.866154 -0.292337
 35.000000 1.629251 -0.247986
 35.100000 1.409127 -0.355178
 35.200000 1.252619 -0.607532
 35.300000 1.220876 -0.936191
 35.400000 1.254067 -1.260559
 35.500000 1.307365 -1.458756
 35.600000 1.350597 -1.434573
 35.700000 1.357104 -1.187596
 35.800000 1.399085 -0.848104
 35.900000 1.526006 -0.503990
 36.000000 1.685236 -0.279145
 36.100000 1.880277 -0.200615
 36.200000 2.026050 -0.295907
 36.300000 2.050666 -0.580737
 36.400000 1.982642 -0.981922
 36.500000 1.858932 -1.306979
 36.600000 1.674826 -1.361969
 36.700000 1.440921 -1.144308
 36.800000 1.250044 -0.824306
 36.900000 1.147679 -0.532867
 37.000000 1.125822 -0.329721
 37.100000 1.151344 -0.240750
 37.200000 1.244840 -0.175243
 37.300000 1.395159 -0.168300
 37.400000 1.569695 -0.272693
 37.500000 1.714828 -0.539360
 37.600000 1.849768 -0.914913
 37.700000 1.972584 -1.214369
 37.800000 2.031580 -1.283643
 37.900000 1.982361 -1.068270
 38.000000 1.867945 -0.710673
 38.100000 1.710515 -0.406148
 38.200000 1.564302 -0.268351
 38.300000 1.402054 -0.285226
 38.400000 1.303377 -0.473631
 38.500000 1.303520 -0.778820
 38.600000 1.405548 -1.096927
 38.700000 1.567490 -1.330964
 38.800000 1.706738 -1.339668
 38.900000 1.803364 -1.101544
 39.000000 1.870114 -0.724326
 39.100000 1.906861 -0.366507
 39.200000 1.894768 -0.136727
 39.300000 1.812196 -0.120443
 39.400000 1.698366 -0.272918
 39.500000 1.604430 -0.566962
 39.600000 1.524640 -0.949027
 39.700000 1.500738 -1.310167
 39.800000 1.479535 -1.492582
 39.900000 1.428620 -1.390016
 40.000000 1.386679 -1.088822
 40.100000 1.398222 -0.714026
 40.200000 1.486917 -0.360168
 40.300000 1.627388 -0.153117
 40.400000 1.757886 -0.066265
 40.500000 1.841005 -0.133308
 40.600000 1.883742 -0.388900
 40.700000 1.899640 -0.764592
 40.800000 1.920048 -1.180009
 40.900000 1.881853 -1.416773
 41.000000 1.747902 -1.321506
 41.100000 1.560238 -0.963075
 41.200000 1.409938 -0.541235
 41.300000 1.322428 -0.198454
 41.400000 1.300573 0.036938
 41.500000 1.308775 0.142579
 41.600000 1.337619 0.108778
 41.700000 1.374872 -0.058718
 41.800000 1.463919 -0.323003
 41.900000 1.615161 -0.703453
 42.000000 1.789264 -1.130103
 42.100000 1.942702 -1.409430
 42.200000 2.015039 -1.341538
 42.300000 1.985172 -0.965165
 42.400000 1.919231 -0.521294
 42.500000 1.826580 -0.178048
 42.600000 1.692139 0.005121
 42.700000 1.514223 0.003347
 42.800000 1.343039 -0.152619
 42.900000 1.220176 -0.408466
 43.000000 1.215330 -0.787149
 43.100000 1.296929 -1.196062
 43.200000 1.377767 -1.524852
 43.300000 1.408499 -1.568562
 43.400000 1.376390 -1.293388
 43.500000 1.369043 -0.865130
 43.600000 1.445316 -0.439291
 43.700000 1.567639 -0.121805
 43.800000 1.680953 0.064824
 43.900000 1.710947 0.058956
 44.000000 1.661108 -0.148050
 44.100000 1.585829 -0.497924
 44.200000 1.520447 -0.970237
 44.300000 1.508103 -1.405318
 44.400000 1.448995 -1.604590
 44.500000 1.334589 -1.456882
 44.600000 1.209165 -1.082192
 44.700000 1.093929 -0.690928
 44.800000 1.035469 -0.384137
 44.900000 1.001279 -0.172434
 45.000000 1.036363 -0.031715
 45.100000 1.156033 0.047365
 45.200000 1.352108 0.061487
 45.300000 1.575129 -0.057475
 45.400000 1.793709 -0.283942
 45.500000 2.049185 -0.625771
 45.600000 2.225226 -1.018405
 45.700000 2.208563 -1.293670
 45.800000 1.993309 -1.255659
 45.900000 1.691822 -0.965225
 46.000000 1.400338 -0.588897
 46.100000 1.190660 -0.272081
 46.200000 1.060611 -0.024667
 46.300000 1.005377 0.156427
 46.400000 1.009677 0.294295
 46.500000 1.033980 0.365536
 46.600000 1.061967 0.372296
 46.700000 1.106097 0.289723
 46.800000 1.173210 0.129731
 46.900000 1.288314 -0.110544
 47.000000 1.456973 -0.442690
 47.100000 1.713790 -0.873107
 47.200000 1.965151 -1.257929
 47.300000 2.137153 -1.374507
 47.400000 2.134282 -1.136758
 47.500000 1.990953 -0.707551
 47.600000 1.801489 -0.306802
 47.700000 1.635927 -0.033612
 47.800000 1.451345 0.103428
 47.900000 1.272386 0.098820
 48.000000 1.104878 -0.004607
 48.100000 1.024169 -0.201640
 48.200000 0.975213 -0.496110
 48.300000 0.978239 -0.848037
 48.400000 1.048157 -1.255204
 48.500000 1.144186 -1.569510
 48.600000 1.204125 -1.624613
 48.700000 1.207944 -1.375742
 48.800000 1.207171 -0.975517
 48.900000 1.242059 -0.580723
 49.000000 1.350075 -0.266493
 49.100000 1.523321 -0.055318
 49.200000 1.697459 0.053775
 49.300000 1.808270 -0.011694
 49.400000 1.851768 -0.262205
 49.500000 1.883145 -0.650345
 49.600000 1.894865 -1.086492
 49.700000 1.921146 -1.414167
 49.800000 1.873904 -1.405357
 49.900000 1.738009 -1.082268
 50.000000 1.567937 -0.632616
 50.100000 1.447264 -0.239911
 50.200000 1.384025 0.053154
 50.300000 1.329789 0.233218
 50.400000 1.268488 0.271609
 50.500000 1.205610 0.190926
 50.600000 1.190091 0.029116
 50.700000 1.255981 -0.206761
 50.800000 1.365679 -0.551129
 50.900000 1.509368 -1.004681
 51.000000 1.713298 -1.378562
 51.100000 1.837614 -1.519774
 51.200000 1.856112 -1.306453
 51.300000 1.852778 -0.842345
 51.400000 1.825734 -0.352082
 51.500000 1.795731 0.003792
 51.600000 1.716035 0.153270
 51.700000 1.552062 0.101562
 51.800000 1.352941 -0.110080
 51.900000 1.188358 -0.403184
 52.000000 1.112523 -0.783600
 52.100000 1.094037 -1.233049
 52.200000 1.106007 -1.604267
 52.300000 1.079990 -1.728564
 52.400000 0.960587 -1.537969
 52.500000 0.822936 -1.154638
 52.600000 0.734569 -0.740033
 52.700000 0.716584 -0.395109
 52.800000 0.785249 -0.119171
 52.900000 0.892883 0.082371
 53.000000 1.015192 0.217907
 53.100000 1.180007 0.308298
 53.200000 1.370338 0.306462
 53.300000 1.518279 0.163073
 53.400000 1.634668 -0.127648
 53.500000 1.751667 -0.538213
 53.600000 1.870686 -1.042767
 53.700000 1.980359 -1.418042
 53.800000 1.964814 -1.427860
 53.900000 1.845147 -1.078600
 54.000000 1.701065 -0.581013
 54.100000 1.537687 -0.153196
 54.200000 1.370062 0.140006
 54.300000 1.204327 0.286947
 54.400000 1.044522 0.346188
 54.500000 0.893550 0.352917
 54.600000 0.743707 0.331876
 54.700000 0.620300 0.276673
 54.800000 0.540150 0.191573
 54.900000 0.480116 0.094035
 55.000000 0.443280 -0.026312
 55.100000 0.456513 -0.185166
 55.200000 0.522612 -0.415272
 55.300000 0.662162 -0.706644
 55.400000 0.857169 -1.068316
 55.500000 1.110868 -1.426746
 55.600000 1.365957 -1.597418
 55.700000 1.557778 -1.450332
 55.800000 1.646809 -1.017974
 55.900000 1.698755 -0.523020
 56.000000 1.768936 -0.147348
 56.100000 1.844108 0.081987
 56.200000 1.800302 0.088529
 56.300000 1.639100 -0.105336
 56.400000 1.431705 -0.390127
 56.500000 1.255394 -0.778526
 56.600000 1.172273 -1.223620
 56.700000 1.091082 -1.585543
 56.800000 0.967393 -1.731392
 56.900000 0.798797 -1.578266
 57.000000 0.632979 -1.276146
 57.100000 0.491541 -0.919547
 57.200000 0.390940 -0.603745
 57.300000 0.340283 -0.346169
 57.400000 0.349637 -0.125942
 57.500000 0.380362 0.042509
 57.600000 0.418844 0.200800
 57.700000 0.490298 0.355569
 57.800000 0.593650 0.506210
 57.900000 0.698857 0.657477
 58.000000 0.783814 0.785400
 58.100000 0.829017 0.909013
 58.200000 0.825074 1.068520
 58.300000 0.729311 1.228325
 58.400000 0.522410 1.381753
 58.500000 0.243279 1.550482
 58.600000 -0.089447 1.704367
 58.700000 -0.410834 1.767716
 58.800000 -0.708850 1.662901
 58.900000 -1.015726 1.354588
 59.000000 -1.367744 0.905632
 59.100000 -1.805130 0.437140
 59.200000 -2.229611 0.093953
 59.300000 -2.412574 0.046201
 59.400000 -2.229697 0.342256
 59.500000 -1.852331 0.838436
 59.600000 -1.461907 1.307470
 59.700000 -1.082379 1.581266
 59.800000 -0.703326 1.591891
 59.900000 -0.355927 1.449518
 60.000000 -0.042841 1.266853
 60.100000 0.220381 1.103009
 60.200000 0.435919 0.995899
 60.300000 0.589656 0.940857
 60.400000 0.684568 0.921228
 60.500000 0.722575 0.938172
 60.600000 0.685371 0.986699
 60.700000 0.578355 1.076350
 60.800000 0.410576 1.176320
 60.900000 0.192343 1.301599
 61.000000 -0.046383 1.452908
 61.100000 -0.311841 1.619602
 61.200000 -0.605641 1.698732
 61.300000 -0.873507 1.595480
 61.400000 -1.139055 1.292775
 61.500000 -1.453420 0.881393
 61.600000 -1.847477 0.469001
 61.700000 -2.206599 0.173893
 61.800000 -2.344980 0.150830
 61.900000 -2.181398 0.431539
 62.000000 -1.854552 0.863627
 62.100000 -1.499099 1.254663
 62.200000 -1.166518 1.474409
 62.300000 -0.855965 1.498916
 62.400000 -0.566911 1.378861
 62.500000 -0.338282 1.206283
 62.600000 -0.188045 1.057314
 62.700000 -0.103426 0.970879
 62.800000 -0.064766 0.933349
 62.900000 -0.090840 0.947838
 63.000000 -0.158339 1.026727
 63.100000 -0.284876 1.137743
 63.200000 -0.492127 1.300401
 63.300000 -0.756424 1.428549
 63.400000 -1.069519 1.450237
 63.500000 -1.411472 1.293264
 63.600000 -1.769479 0.949753
 63.700000 -2.135858 0.556983
 63.800000 -2.373935 0.276489
 63.900000 -2.327848 0.266800
 64.000000 -2.000127 0.496269
 64.100000 -1.601543 0.857325
 64.200000 -1.238224 1.192178
 64.300000 -0.942697 1.428734
 64.400000 -0.701983 1.533044
 64.500000 -0.491005 1.490693
 64.600000 -0.295532 1.365990
 64.700000 -0.167205 1.212963
 64.800000 -0.134367 1.076550
 64.900000 -0.169494 0.992657
 65.000000 -0.273982 0.940329
 65.100000 -0.498249 0.919297
 65.200000 -0.823599 0.934945
 65.300000 -1.233332 0.932658
 65.400000 -1.742263 0.916878
 65.500000 -2.258484 0.894295
 65.600000 -2.613981 0.820302
 65.700000 -2.591358 0.747579
 65.800000 -2.202877 0.732645
 65.900000 -1.672915 0.770126
 66.000000 -1.184748 0.779146
 66.100000 -0.804135 0.797945
 66.200000 -0.529981 0.863382
 66.300000 -0.351564 0.986850
 66.400000 -0.270767 1.166029
 66.500000 -0.274520 1.390281
 66.600000 -0.342282 1.601678
 66.700000 -0.446906 1.716518
 66.800000 -0.532185 1.680473
 66.900000 -0.603705 1.476772
 67.000000 -0.720237 1.181883
 67.100000 -0.894666 0.860948
 67.200000 -1.142452 0.547060
 67.300000 -1.494782 0.300431
 67.400000 -1.895032 0.171624
 67.500000 -2.215229 0.257683
 67.600000 -2.360405 0.589681
 67.700000 -2.267716 1.012567
 67.800000 -2.008415 1.288102
 67.900000 -1.672459 1.262357
 68.000000 -1.333979 1.027376
 68.100000 -1.051731 0.755134
 68.200000 -0.858537 0.518473
 68.300000 -0.784072 0.347922
 68.400000 -0.813078 0.239435
 68.500000 -0.968611 0.169267
 68.600000 -1.212989 0.195305
 68.700000 -1.559775 0.320001
 68.800000 -1.976150 0.567535
 68.900000 -2.341387 0.897222
 69.000000 -2.500117 1.148596
 69.100000 -2.304243 1.135269
 69.200000 -1.891890 0.906985
 69.300000 -1.478643 0.621381
 69.400000 -1.140722 0.397214
 69.500000 -0.917541 0.246267
 69.600000 -0.799779 0.175186
 69.700000 -0.789550 0.170164
 69.800000 -0.877504 0.220342
 69.900000 -1.057915 0.349974
 70.000000 -1.367282 0.565887
 70.100000 -1.777943 0.842868
 70.200000 -2.213436 1.080355
 70.300000 -2.486722 1.137486
 70.400000 -2.433290 0.925653
 70.500000 -2.111803 0.587534
 70.600000 -1.710704 0.326095
 70.700000 -1.310306 0.191330
 70.800000 -0.993261 0.177983
 70.900000 -0.764257 0.244534
 71.000000 -0.627592 0.339030
 71.100000 -0.569085 0.505010
 71.200000 -0.597697 0.752416
 71.300000 -0.719475 1.046574
 71.400000 -0.928626 1.315508
 71.500000 -1.191004 1.492496
 71.600000 -1.477757 1.430737
 71.700000 -1.765922 1.123345
 71.800000 -2.049438 0.682871
 71.900000 -2.257241 0.297661
 72.000000 -2.247580 0.130992
 72.100000 -1.991015 0.250479
 72.200000 -1.621823 0.593910
 72.300000 -1.305708 0.991944
 72.400000 -1.073138 1.356695
 72.500000 -0.875324 1.581332
 72.600000 -0.692646 1.607166
 72.700000 -0.511739 1.465870
 72.800000 -0.377288 1.249907
 72.900000 -0.310808 1.042680
 73.000000 -0.360358 0.915411
 73.100000 -0.538606 0.807061
 73.200000 -0.824912 0.735958
 73.300000 -1.198275 0.700570
 73.400000 -1.655116 0.707068
 73.500000 -2.170431 0.724812
 73.600000 -2.567889 0.748434
 73.700000 -2.619154 0.814604
 73.800000 -2.282708 0.871556
 73.900000 -1.778835 0.889633
 74.000000 -1.287219 0.883317
 74.100000 -0.851655 0.866606
 74.200000 -0.505077 0.868913
 74.300000 -0.282479 0.907214
 74.400000 -0.120695 0.956766
 74.500000 0.037538 1.020956
 74.600000 0.179306 1.110183
 74.700000 0.288879 1.233912
 74.800000 0.348999 1.379122
 74.900000 0.339989 1.525347
 75.000000 0.283080 1.641447
 75.100000 0.183357 1.708880
 75.200000 0.026652 1.722830
 75.300000 -0.154172 1.674231
 75.400000 -0.350607 1.543853
 75.500000 -0.565819 1.340524
 75.600000 -0.831654 1.101199
 75.700000 -1.170242 0.849514
 75.800000 -1.598080 0.601177
 75.900000 -2.092801 0.414749
 76.000000 -2.460507 0.388722
 76.100000 -2.522085 0.596938
 76.200000 -2.286919 0.942781
 76.300000 -1.895276 1.198150
 76.400000 -1.491762 1.230310
 76.500000 -1.103612 1.100339
 76.600000 -0.801815 0.920530
 76.700000 -0.587281 0.733421
 76.800000 -0.472255 0.589484
 76.900000 -0.448672 0.492816
 77.000000 -0.504470 0.461583
 77.100000 -0.637282 0.505087
 77.200000 -0.899537 0.645084
 77.300000 -1.248835 0.834832
 77.400000 -1.690722 1.007206
 77.500000 -2.181653 1.101310
 77.600000 -2.529627 1.008725
 77.700000 -2.541105 0.739652
 77.800000 -2.220323 0.519880
 77.900000 -1.742186 0.422748
 78.000000 -1.281221 0.431125
 78.100000 -0.906070 0.496508
 78.200000 -0.653996 0.616765
 78.300000 -0.520507 0.800633
 78.400000 -0.496332 1.026201
 78.500000 -0.569473 1.291215
 78.600000 -0.687428 1.528388
 78.700000 -0.832311 1.617287
 78.800000 -0.981036 1.500443
 78.900000 -1.158060 1.205811
 79.000000 -1.398315 0.817144
 79.100000 -1.740816 0.422913
 79.200000 -2.106078 0.146168
 79.300000 -2.297221 0.123383
 79.400000 -2.222879 0.396118
 79.500000 -1.971435 0.840399
 79.600000 -1.691602 1.260081
 79.700000 -1.392093 1.456165
 79.800000 -1.084921 1.399860
 79.900000 -0.811705 1.174319
 80.000000 -0.623455 0.912837
 80.100000 -0.530809 0.635643
 80.200000 -0.536405 0.439650
 80.300000 -0.650542 0.331592
 80.400000 -0.896810 0.259015
 80.500000 -1.277466 0.251790
 80.600000 -1.757530 0.344310
 80.700000 -2.258295 0.547271
 80.800000 -2.600097 0.860407
 80.900000 -2.604021 1.111487
 81.000000 -2.257314 1.119183
 81.100000 -1.698761 0.934753
 81.200000 -1.198124 0.707818
 81.300000 -0.814483 0.465792
 81.400000 -0.542511 0.273739
 81.500000 -0.353149 0.114560
 81.600000 -0.214063 -0.011312
 81.700000 -0.107900 -0.137714
 81.800000 -0.026635 -0.293423
 81.900000 0.054324 -0.525058
 82.000000 0.137761 -0.824798
 82.100000 0.243462 -1.160276
 82.200000 0.394072 -1.501935
 82.300000 0.569155 -1.771202
 82.400000 0.690183 -1.863195
 82.500000 0.716677 -1.694057
 82.600000 0.708497 -1.334721
 82.700000 0.755654 -0.920589
 82.800000 0.881472 -0.536281
 82.900000 1.110110 -0.223382
 83.000000 1.355430 0.000041
 83.100000 1.614018 0.107132
 83.200000 1.813646 0.052449
 83.300000 1.898204 -0.205900
 83.400000 1.925807 -0.639510
 83.500000 1.927835 -1.120241
 83.600000 1.933369 -1.441328
 83.700000 1.856545 -1.428525
 83.800000 1.732973 -1.098410
 83.900000 1.595365 -0.626502
 84.000000 1.482550 -0.214376
 84.100000 1.439715 0.091505
 84.200000 1.440293 0.269278
 84.300000 1.425055 0.303267
 84.400000 1.390278 0.186328
 84.500000 1.347891 -0.055077
 84.600000 1.340820 -0.389043
 84.700000 1.386924 -0.834575
 84.800000 1.518690 -1.296428
 84.900000 1.659203 -1.571244
 85.000000 1.697597 -1.483330
 85.100000 1.619928 -1.103051
 85.200000 1.516913 -0.616605
 85.300000 1.474478 -0.220864
 85.400000 1.484970 0.070991
 85.500000 1.516899 0.231985
 85.600000 1.513014 0.201733
 85.700000 1.469599 0.022109
 85.800000 1.467736 -0.265201
 85.900000 1.518293 -0.667924
 86.000000 1.620147 -1.120554
 86.100000 1.699474 -1.426249
 86.200000 1.662089 -1.444170
 86.300000 1.500494 -1.177718
 86.400000 1.365425 -0.787735
 86.500000 1.354961 -0.408710
 86.600000 1.387740 -0.171507
 86.700000 1.441916 -0.033756
 86.800000 1.528785 -0.011774
 86.900000 1.625481 -0.114205
 87.000000 1.684591 -0.288918
 87.100000 1.755163 -0.631798
 87.200000 1.818183 -1.052777
 87.300000 1.894394 -1.348598
 87.400000 1.947124 -1.347120
 87.500000 1.927589 -1.047981
 87.600000 1.904781 -0.641746
 87.700000 1.878034 -0.298101
 87.800000 1.882742 -0.127294
 87.900000 1.873991 -0.163736
 88.000000 1.857765 -0.383752
 88.100000 1.866290 -0.741598
 88.200000 1.882131 -1.117236
 88.300000 1.917416 -1.343242
 88.400000 1.914008 -1.284848
 88.500000 1.887814 -0.996267
 88.600000 1.874188 -0.629465
 88.700000 1.856062 -0.352734
 88.800000 1.850524 -0.213264
 88.900000 1.880772 -0.242095
 89.000000 1.932989 -0.445589
 89.100000 1.971956 -0.789923
 89.200000 1.997757 -1.165744
 89.300000 1.939948 -1.341472
 89.400000 1.800885 -1.213209
 89.500000 1.650428 -0.907020
 89.600000 1.508795 -0.576503
 89.700000 1.409500 -0.348881
 89.800000 1.346373 -0.285416
 89.900000 1.316771 -0.409423
 90.000000 1.330054 -0.684009
 90.100000 1.418501 -1.010477
 90.200000 1.604033 -1.283766
 90.300000 1.750147 -1.356413
 90.400000 1.870475 -1.153684
 90.500000 1.996781 -0.797980
 90.600000 2.093479 -0.472791
 90.700000 2.121485 -0.310406
 90.800000 1.978000 -0.368872
 90.900000 1.782100 -0.563409
 91.000000 1.586278 -0.885922
 91.100000 1.447068 -1.221437
 91.200000 1.324306 -1.447274
 91.300000 1.188362 -1.446620
 91.400000 1.044627 -1.246431
 91.500000 0.937861 -0.942577
 91.600000 0.913173 -0.666002
 91.700000 0.973731 -0.449678
 91.800000 1.096634 -0.340237
 91.900000 1.239221 -0.371259
 92.000000 1.446059 -0.571180
 92.100000 1.711886 -0.869598
 92.200000 2.001072 -1.130764
 92.300000 2.222290 -1.179228
 92.400000 2.252867 -0.989011
 92.500000 2.076672 -0.710647
 92.600000 1.817574 -0.475585
 92.700000 1.546124 -0.372681
 92.800000 1.308119 -0.420609
 92.900000 1.132483 -0.598164
 93.000000 1.012819 -0.818140
 93.100000 0.936864 -1.101630
 93.200000 0.915326 -1.376351
 93.300000 0.923043 -1.541467
 93.400000 0.909594 -1.532873
 93.500000 0.880225 -1.373764
 93.600000 0.908330 -1.138838
 93.700000 1.001689 -0.901444
 93.800000 1.144035 -0.773487
 93.900000 1.389297 -0.723221
 94.000000 1.729294 -0.791456
 94.100000 2.085059 -0.922323
 94.200000 2.349769 -1.037000
 94.300000 2.381837 -1.018564
 94.400000 2.173426 -0.878382
 94.500000 1.831863 -0.725221
 94.600000 1.497315 -0.641472
 94.700000 1.242189 -0.663766
 94.800000 1.068153 -0.696826
 94.900000 0.946493 -0.693873
 95.000000 0.875440 -0.709684
 95.100000 0.905032 -0.775557
 95.200000 0.990041 -0.921775
 95.300000 1.131972 -1.156563
 95.400000 1.331180 -1.339013
 95.500000 1.536516 -1.352668
 95.600000 1.681411 -1.152688
 95.700000 1.758773 -0.814137
 95.800000 1.810385 -0.508358
 95.900000 1.814546 -0.315543
 96.000000 1.830740 -0.271931
 96.100000 1.894157 -0.371538
 96.200000 1.955272 -0.610179
 96.300000 2.006023 -0.962758
 96.400000 2.002030 -1.252641
 96.500000 1.910119 -1.291592
 96.600000 1.808507 -1.071301
 96.700000 1.736105 -0.728918
 96.800000 1.665378 -0.442630
 96.900000 1.579059 -0.319390
 97.000000 1.469241 -0.423224
 97.100000 1.388678 -0.637761
 97.200000 1.347913 -0.938658
 97.300000 1.387885 -1.237129
 97.400000 1.422428 -1.459554
 97.500000 1.415423 -1.404026
 97.600000 1.389020 -1.117563
 97.700000 1.408342 -0.760636
 97.800000 1.532167 -0.476022
 97.900000 1.713175 -0.325833
 98.000000 1.903127 -0.362645
 98.100000 2.123447 -0.547237
 98.200000 2.271042 -0.847954
 98.300000 2.225229 -1.139485
 98.400000 1.993419 -1.244708
 98.500000 1.691336 -1.128306
 98.600000 1.393044 -0.872223
 98.700000 1.161264 -0.596496
 98.800000 0.985490 -0.347144
 98.900000 0.841548 -0.193845
 99.000000 0.756934 -0.111703
 99.100000 0.750684 -0.078723
 99.200000 0.805406 -0.085746
 99.300000 0.921248 -0.143562
 99.400000 1.095544 -0.297958
 99.500000 1.325056 -0.539815
 99.600000 1.607238 -0.897341
 99.700000 1.922420 -1.233932
 99.800000 2.175007 -1.349169
 99.900000 2.230489 -1.103013
 100.000000 2.089221 -0.678432
 100.100000 1.858980 -0.297090
 100.200000 1.654470 -0.030234
 100.300000 1.420705 0.122860
 100.400000 1.186628 0.154350
 100.500000 1.022308 0.116356
 100.600000 0.882956 0.030444
 100.700000 0.762507 -0.111760
 100.800000 0.699729 -0.335008
 100.900000 0.705595 -0.642696
 101.000000 0.763762 -1.033722
 101.100000 0.899780 -1.464152
 101.200000 1.037883 -1.752812
 101.300000 1.092101 -1.716213
 101.400000 1.087462 -1.359345
 101.500000 1.092461 -0.872495
 101.600000 1.159861 -0.442148
 101.700000 1.312897 -0.097901
 101.800000 1.505271 0.145465
 101.900000 1.700608 0.246157
 102.000000 1.777479 0.124550
 102.100000 1.745198 -0.201258
 102.200000 1.697327 -0.654793
 102.300000 1.621792 -1.184646
 102.400000 1.487670 -1.553228
 102.500000 1.258622 -1.598192
 102.600000 0.977548 -1.380522
 102.700000 0.744919 -1.053580
 102.800000 0.583395 -0.730336
 102.900000 0.476281 -0.496330
 103.000000 0.431476 -0.337366
 103.100000 0.448761 -0.228568
 103.200000 0.523657 -0.163246
 103.300000 0.664989 -0.161862
 103.400000 0.868204 -0.248071
 103.500000 1.143702 -0.456884
 103.600000 1.479349 -0.768163
 103.700000 1.857813 -1.105475
 103.800000 2.209583 -1.293665
 103.900000 2.376358 -1.163203
 104.000000 2.299601 -0.789387
 104.100000 2.050265 -0.403359
 104.200000 1.747873 -0.134505
 104.300000 1.444931 0.036236
 104.400000 1.159444 0.116310
 104.500000 0.926695 0.143227
 104.600000 0.703107 0.119643
 104.700000 0.531281 0.046021
 104.800000 0.441086 -0.048340
 104.900000 0.413801 -0.190366
 105.000000 0.416740 -0.379229
 105.100000 0.457578 -0.661648
 105.200000 0.571345 -1.036978
 105.300000 0.740920 -1.431894
 105.400000 0.944753 -1.752387
 105.500000 1.068422 -1.789767
 105.600000 1.113160 -1.469889
 105.700000 1.160241 -0.969253
 105.800000 1.271776 -0.495224
 105.900000 1.416126 -0.097742
 106.000000 1.584830 0.191610
 106.100000 1.702918 0.321840
 106.200000 1.685576 0.259066
 106.300000 1.571265 0.024628
 106.400000 1.429570 -0.351522
 106.500000 1.319061 -0.812871
 106.600000 1.257900 -1.298528
 106.700000 1.190337 -1.653729
 106.800000 1.077150 -1.680079
 106.900000 0.894681 -1.430568
 107.000000 0.744750 -1.062786
 107.100000 0.648266 -0.681293
 107.200000 0.604919 -0.355474
 107.300000 0.658352 -0.112796
 107.400000 0.747829 0.074565
 107.500000 0.900260 0.219111
 107.600000 1.067022 0.314840
 107.700000 1.254147 0.386595
 107.800000 1.450088 0.357057
 107.900000 1.582097 0.179649
 108.000000 1.629573 -0.174396
 108.100000 1.626473 -0.677548
 108.200000 1.625555 -1.263178
 108.300000 1.543263 -1.658520
 108.400000 1.350469 -1.639792
 108.500000 1.089168 -1.285187
 108.600000 0.877136 -0.838498
 108.700000 0.758100 -0.455184
 108.800000 0.729281 -0.127145
 108.900000 0.761611 0.115165
 109.000000 0.809643 0.306302
 109.100000 0.859004 0.462088
 109.200000 0.914401 0.617761
 109.300000 0.953676 0.721333
 109.400000 0.986005 0.771465
 109.500000 0.984630 0.786018
 109.600000 0.950515 0.756233
 109.700000 0.892379 0.683369
 109.800000 0.839727 0.563466
 109.900000 0.786676 0.411201
 110.000000 0.720154 0.241677
 110.100000 0.653160 0.005855
 110.200000 0.625654 -0.290286
 110.300000 0.667583 -0.641364
 110.400000 0.777229 -1.017308
 110.500000 0.967931 -1.386441
 110.600000 1.178737 -1.640615
 110.700000 1.343167 -1.603212
 110.800000 1.447698 -1.252144
 110.900000 1.602878 -0.765802
 111.000000 1.783710 -0.324693
 111.100000 1.985194 -0.037716
 111.200000 2.072238 0.028948
 111.300000 1.943235 -0.185471
 111.400000 1.764335 -0.570006
 111.500000 1.587769 -1.045432
 111.600000 1.408257 -1.458236
 111.700000 1.187989 -1.616724
 111.800000 0.929271 -1.502071
 111.900000 0.692361 -1.265809
 112.000000 0.510791 -1.002213
 112.100000 0.346486 -0.750845
 112.200000 0.239917 -0.548683
 112.300000 0.158969 -0.416475
 112.400000 0.109149 -0.349695
 112.500000 0.090229 -0.353472
 112.600000 0.079698 -0.400607
 112.700000 0.097014 -0.500606
 112.800000 0.146872 -0.637848
 112.900000 0.258715 -0.802890
 113.000000 0.445356 -1.001046
 113.100000 0.685972 -1.259335
 113.200000 0.989213 -1.499917
 113.300000 1.284794 -1.561616
 113.400000 1.527264 -1.350047
 113.500000 1.702358 -0.943285
 113.600000 1.861623 -0.512214
 113.700000 2.016592 -0.211035
 113.800000 2.094398 -0.095754
 113.900000 1.974935 -0.232856
 114.000000 1.799690 -0.555690
 114.100000 1.615576 -0.994608
 114.200000 1.441833 -1.387719
 114.300000 1.258420 -1.562405
 114.400000 1.031874 -1.458018
 114.500000 0.816642 -1.191963
 114.600000 0.702441 -0.921621
 114.700000 0.652024 -0.670846
 114.800000 0.658801 -0.474165
 114.900000 0.743133 -0.339445
 115.000000 0.901199 -0.290220
 115.100000 1.138926 -0.352301
 115.200000 1.424885 -0.535101
 115.300000 1.725188 -0.813750
 115.400000 2.042815 -1.109465
 115.500000 2.292706 -1.216065
 115.600000 2.312109 -1.041284
 115.700000 2.103676 -0.754435
 115.800000 1.792700 -0.521837
 115.900000 1.475639 -0.402050
 116.000000 1.195988 -0.402454
 116.100000 0.986973 -0.565381
 116.200000 0.895346 -0.799101
 116.300000 0.894408 -1.080358
 116.400000 1.029407 -1.365414
 116.500000 1.193833 -1.526873
 116.600000 1.329296 -1.443528
 116.700000 1.445794 -1.150534
 116.800000 1.617023 -0.775315
 116.900000 1.798941 -0.443047
 117.000000 1.971215 -0.262452
 117.100000 2.128216 -0.202158
 117.200000 2.098400 -0.371319
 117.300000 1.977022 -0.738778
 117.400000 1.868163 -1.173585
 117.500000 1.772015 -1.444587
 117.600000 1.666518 -1.416815
 117.700000 1.457554 -1.134425
 117.800000 1.270080 -0.774038
 117.900000 1.198420 -0.447984
 118.000000 1.198551 -0.252708
 118.100000 1.261023 -0.093976
 118.200000 1.337797 0.007481
 118.300000 1.419144 0.004219
 118.400000 1.536162 -0.095556
 118.500000 1.605765 -0.236478
 118.600000 1.599229 -0.506483
 118.700000 1.601332 -0.890116
 118.800000 1.599845 -1.256436
 118.900000 1.526709 -1.451928
 119.000000 1.354958 -1.372886
 119.100000 1.162168 -1.114428
 119.200000 0.992291 -0.838651
 119.300000 0.895692 -0.656761
 119.400000 0.903436 -0.490649
 119.500000 0.988783 -0.398250
 119.600000 1.111491 -0.456243
 119.700000 1.287397 -0.664761
 119.800000 1.552950 -0.947214
 119.900000 1.856687 -1.180984
 120.000000 2.123052 -1.236466
 120.100000 2.259314 -1.018083
 120.200000 2.238184 -0.687542
 120.300000 2.058038 -0.409529
 120.400000 1.855156 -0.270845
 120.500000 1.693947 -0.243434
 120.600000 1.520520 -0.383268
 120.700000 1.353773 -0.651060
 120.800000 1.252870 -0.999917
 120.900000 1.202710 -1.353551
 121.000000 1.141551 -1.570539
 121.100000 1.022423 -1.569920
 121.200000 0.853727 -1.371128
 121.300000 0.737688 -1.092765
 121.400000 0.692026 -0.813400
 121.500000 0.693309 -0.568374
 121.600000 0.751366 -0.386589
 121.700000 0.878300 -0.295627
 121.800000 1.055640 -0.297360
 121.900000 1.246228 -0.378152
 122.000000 1.504978 -0.596785
 122.100000 1.812791 -0.903782
 122.200000 2.125688 -1.169429
 122.300000 2.316181 -1.190172
 122.400000 2.287327 -0.963783
 122.500000 2.056984 -0.693574
 122.600000 1.750589 -0.511759
 122.700000 1.440138 -0.441353
 122.800000 1.174580 -0.447215
 122.900000 0.988092 -0.618137
 123.000000 0.870023 -0.832523
 123.100000 0.841633 -1.126074
 123.200000 0.943607 -1.449214
 123.300000 1.061665 -1.632349
 123.400000 1.109527 -1.582962
 123.500000 1.090897 -1.295283
 123.600000 1.092715 -0.902874
 123.700000 1.151010 -0.566417
 123.800000 1.274305 -0.316046
 123.900000 1.498115 -0.208763
 124.000000 1.699937 -0.211888
 124.100000 1.910137 -0.324979
 124.200000 2.165571 -0.581116
 124.300000 2.322440 -0.917551
 124.400000 2.281851 -1.201085
 124.500000 2.056822 -1.238505
 124.600000 1.738230 -1.036377
 124.700000 1.411268 -0.725976
 124.800000 1.111304 -0.476502
 124.900000 0.868576 -0.373544
 125.000000 0.706365 -0.388283
 125.100000 0.630927 -0.508966
 125.200000 0.613429 -0.728007
 125.300000 0.627871 -1.004644
 125.400000 0.684369 -1.285296
 125.500000 0.799729 -1.535593
 125.600000 0.931255 -1.647332
 125.700000 1.002306 -1.530093
 125.800000 1.052726 -1.224899
 125.900000 1.154643 -0.862389
 126.000000 1.343396 -0.571074
 126.100000 1.546449 -0.333095
 126.200000 1.724910 -0.273656
 126.300000 1.888805 -0.412337
 126.400000 2.064512 -0.712416
 126.500000 2.177908 -1.063687
 126.600000 2.141617 -1.282781
 126.700000 1.960567 -1.231164
 126.800000 1.711643 -0.989283
 126.900000 1.467089 -0.672612
 127.000000 1.276722 -0.455293
 127.100000 1.131023 -0.352708
 127.200000 0.987530 -0.407083
 127.300000 0.881067 -0.584563
 127.400000 0.864745 -0.783269
 127.500000 0.921995 -1.022647
 127.600000 1.093206 -1.281062
 127.700000 1.282346 -1.432842
 127.800000 1.425456 -1.387146
 127.900000 1.567634 -1.158647
 128.000000 1.717535 -0.824847
 128.100000 1.874358 -0.513694
 128.200000 2.016577 -0.340409
 128.300000 2.158686 -0.351557
 128.400000 2.136474 -0.586292
 128.500000 2.013391 -0.933179
 128.600000 1.840218 -1.242547
 128.700000 1.676099 -1.343737
 128.800000 1.458958 -1.199978
 128.900000 1.271084 -0.964422
 129.000000 1.165400 -0.744446
 129.100000 1.171843 -0.549051
 129.200000 1.213075 -0.419285
 129.300000 1.336194 -0.434894
 129.400000 1.546144 -0.521825
 129.500000 1.832120 -0.648735
 129.600000 2.115219 -0.871775
 129.700000 2.276717 -1.114168
 129.800000 2.239169 -1.168587
 129.900000 2.035965 -0.964173
 130.000000 1.764821 -0.704373
 130.100000 1.503963 -0.515509
 130.200000 1.330035 -0.389270
 130.300000 1.250682 -0.336871
 130.400000 1.305799 -0.403074
 130.500000 1.457177 -0.547528
 130.600000 1.690178 -0.780807
 130.700000 1.936230 -1.072893
 130.800000 2.143953 -1.222268
 130.900000 2.209075 -1.131260
 131.000000 2.113262 -0.834787
 131.100000 1.878848 -0.561932
 131.200000 1.608300 -0.421079
 131.300000 1.367620 -0.406148
 131.400000 1.204500 -0.470001
 131.500000 1.091326 -0.661698
 131.600000 1.021780 -0.857118
 131.700000 1.013649 -1.129634
 131.800000 1.079612 -1.393999
 131.900000 1.135354 -1.496486
 132.000000 1.180464 -1.375871
 132.100000 1.220012 -1.069797
 132.200000 1.281400 -0.742378
 132.300000 1.444470 -0.508720
 132.400000 1.686449 -0.360137
 132.500000 1.929329 -0.410665
 132.600000 2.163113 -0.631246
 132.700000 2.308002 -0.889191
 132.800000 2.289264 -1.119416
 132.900000 2.073069 -1.147057
 133.000000 1.766282 -0.971643
 133.100000 1.454472 -0.732306
 133.200000 1.184690 -0.600848
 133.300000 0.978081 -0.506498
 133.400000 0.877123 -0.505319
 133.500000 0.915894 -0.573550
 133.600000 1.057806 -0.652252
 133.700000 1.246245 -0.669501
 133.800000 1.515551 -0.724904
 133.900000 1.816715 -0.903031
 134.000000 2.158056 -1.058301
 134.100000 2.392794 -1.076477
 134.200000 2.406634 -0.926008
 134.300000 2.209259 -0.708034
 134.400000 1.882788 -0.504973
 134.500000 1.531385 -0.445198
 134.600000 1.230840 -0.473794
 134.700000 0.971703 -0.591921
 134.800000 0.797983 -0.719561
 134.900000 0.670950 -0.909611
 135.000000 0.578913 -1.134912
 135.100000 0.489900 -1.388532
 135.200000 0.377585 -1.612278
 135.300000 0.228953 -1.805232
 135.400000 0.041269 -1.879494
 135.500000 -0.182024 -1.834034
 135.600000 -0.404645 -1.694161
 135.700000 -0.595596 -1.524098
 135.800000 -0.729463 -1.366171
 135.900000 -0.771657 -1.221263
 136.000000 -0.747789 -1.092456
 136.100000 -0.659488 -0.997005
 136.200000 -0.493422 -0.905254
 136.300000 -0.320815 -0.851670
 136.400000 -0.142506 -0.847961
 136.500000 0.035253 -0.896850
 136.600000 0.231839 -0.990044
 136.700000 0.464454 -1.152376
 136.800000 0.670505 -1.373056
 136.900000 0.893609 -1.564395
 137.000000 1.076536 -1.587171
 137.100000 1.220196 -1.384613
 137.200000 1.375055 -1.004664
 137.300000 1.585358 -0.609699
 137.400000 1.836120 -0.328812
 137.500000 2.083351 -0.210570
 137.600000 2.205120 -0.290809
 137.700000 2.119425 -0.603195
 137.800000 1.913597 -1.006240
 137.900000 1.687137 -1.324290
 138.000000 1.389930 -1.417345
 138.100000 1.080679 -1.284487
 138.200000 0.796954 -1.035892
 138.300000 0.622950 -0.788932
 138.400000 0.499593 -0.598983
 138.500000 0.443922 -0.510290
 138.600000 0.469580 -0.543552
 138.700000 0.579916 -0.685262
 138.800000 0.721495 -0.900192
 138.900000 0.912338 -1.147729
 139.000000 1.180816 -1.368797
 139.100000 1.433367 -1.409244
 139.200000 1.687185 -1.225951
 139.300000 1.897753 -0.864173
 139.400000 2.105040 -0.529747
 139.500000 2.210986 -0.336620
 139.600000 2.096495 -0.396871
 139.700000 1.910254 -0.643107
 139.800000 1.775000 -0.988388
 139.900000 1.632951 -1.306954
 140.000000 1.420649 -1.408343
 140.100000 1.226241 -1.309312
 140.200000 1.048612 -1.039556
 140.300000 0.921297 -0.783310
 140.400000 0.871756 -0.578992
 140.500000 0.906577 -0.396603
 140.600000 1.018285 -0.328005
 140.700000 1.153756 -0.384338
 140.800000 1.302233 -0.592073
 140.900000 1.485712 -0.916313
 141.000000 1.693572 -1.249201
 141.100000 1.876407 -1.400200
 141.200000 2.010700 -1.269934
 141.300000 2.024426 -0.905257
 141.400000 1.938605 -0.509784
 141.500000 1.870374 -0.256632
 141.600000 1.852885 -0.107126
 141.700000 1.855764 -0.077975
 141.800000 1.852304 -0.190291
 141.900000 1.873906 -0.395440
 142.000000 1.902833 -0.774111
 142.100000 1.973534 -1.220820
 142.200000 1.963806 -1.446547
 142.300000 1.830714 -1.272960
 142.400000 1.710832 -0.857896
 142.500000 1.575286 -0.440670
 142.600000 1.467174 -0.124354
 142.700000 1.385664 0.090363
 142.800000 1.329774 0.217434
 142.900000 1.243828 0.245210
 143.000000 1.177151 0.172474
 143.100000 1.173346 0.014155
 143.200000 1.269474 -0.232811
 143.300000 1.435041 -0.547086
 143.400000 1.666876 -0.956572
 143.500000 1.885320 -1.328847
 143.600000 2.063820 -1.418819
 143.700000 2.086546 -1.141024
 143.800000 1.958622 -0.685164
 143.900000 1.815110 -0.306116
 144.000000 1.724466 -0.045562
 144.100000 1.631640 0.118215
 144.200000 1.480843 0.079090
 144.300000 1.327352 -0.112910
 144.400000 1.213306 -0.363382
 144.500000 1.149557 -0.707719
 144.600000 1.145667 -1.089642
 144.700000 1.166931 -1.431778
 144.800000 1.189581 -1.588266
 144.900000 1.242696 -1.522670
 145.000000 1.298249 -1.290279
 145.100000 1.352036 -0.911019
 145.200000 1.489155 -0.544719
 145.300000 1.701913 -0.299173
 145.400000 1.926841 -0.229987
 145.500000 2.159725 -0.271891
 145.600000 2.204654 -0.541701
 145.700000 2.082371 -0.925746
 145.800000 1.841799 -1.256300
 145.900000 1.578689 -1.397104
 146.000000 1.278608 -1.304211
 146.100000 0.989617 -0.995860
 146.200000 0.791269 -0.716571
 146.300000 0.640265 -0.484285
 146.400000 0.554711 -0.340618
 146.500000 0.579839 -0.244948
 146.600000 0.685662 -0.185861
 146.700000 0.853530 -0.204857
 146.800000 1.096215 -0.284122
 146.900000 1.373735 -0.453590
 147.000000 1.741005 -0.706219
 147.100000 2.136557 -1.029172
 147.200000 2.421042 -1.254415
 147.300000 2.420054 -1.162635
 147.400000 2.157361 -0.850325
 147.500000 1.793996 -0.536158
 147.600000 1.421151 -0.318527
 147.700000 1.108942 -0.206000
 147.800000 0.848855 -0.131719
 147.900000 0.657231 -0.136322
 148.000000 0.502321 -0.219090
 148.100000 0.424015 -0.329269
 148.200000 0.384253 -0.510958
 148.300000 0.376828 -0.826357
 148.400000 0.409282 -1.183804
 148.500000 0.433551 -1.556742
 148.600000 0.457036 -1.876572
 148.700000 0.415583 -1.983702
 148.800000 0.273131 -1.822619
 148.900000 0.079090 -1.522476
 149.000000 -0.121597 -1.236734
 149.100000 -0.333876 -0.986655
 149.200000 -0.534105 -0.788582
 149.300000 -0.743637 -0.642812
 149.400000 -0.959102 -0.509678
 149.500000 -1.196279 -0.332775
 149.600000 -1.436926 -0.030669
 149.700000 -1.686090 0.416538
 149.800000 -1.956708 0.949744
 149.900000 -2.205065 1.398705
 150.000000 -2.256485 1.438163
 150.100000 -2.092864 1.001402
 150.200000 -1.842405 0.453974
 150.300000 -1.587412 0.021143
 150.400000 -1.345488 -0.236654
 150.500000 -1.101124 -0.363346
 150.600000 -0.874798 -0.405629
 150.700000 -0.685089 -0.426228
 150.800000 -0.537767 -0.432306
 150.900000 -0.416025 -0.462458
 151.000000 -0.306661 -0.529943
 151.100000 -0.204872 -0.638467
 151.200000 -0.085999 -0.827786
 151.300000 0.027504 -1.065587
 151.400000 0.187061 -1.359248
 151.500000 0.355734 -1.634835
 151.600000 0.475273 -1.839408
 151.700000 0.528451 -1.839918
 151.800000 0.520790 -1.629990
 151.900000 0.489704 -1.337618
 152.000000 0.417885 -1.036511
 152.100000 0.300617 -0.784308
 152.200000 0.232940 -0.596239
 152.300000 0.223506 -0.475716
 152.400000 0.225534 -0.460017
 152.500000 0.233830 -0.523420
 152.600000 0.277522 -0.650452
 152.700000 0.373466 -0.839473
 152.800000 0.525791 -1.035125
 152.900000 0.732807 -1.249021
 153.000000 1.019993 -1.432502
 153.100000 1.287193 -1.487812
 153.200000 1.532384 -1.427033
 153.300000 1.749685 -1.167641
 153.400000 1.949128 -0.757401
 153.500000 2.182634 -0.385851
 153.600000 2.282629 -0.219015
 153.700000 2.137619 -0.312395
 153.800000 1.856188 -0.616849
 153.900000 1.593459 -1.008786
 154.000000 1.357916 -1.345012
 154.100000 1.179002 -1.532195
 154.200000 0.990538 -1.560977
 154.300000 0.727528 -1.421712
 154.400000 0.484709 -1.242380
 154.500000 0.215572 -1.099747
 154.600000 -0.033728 -1.043044
 154.700000 -0.286731 -1.088680
 154.800000 -0.534230 -1.207205
 154.900000 -0.739953 -1.350460
 155.000000 -0.851083 -1.483996
 155.100000 -0.810853 -1.590022
 155.200000 -0.605588 -1.680151
 155.300000 -0.303107 -1.709544
 155.400000 0.023235 -1.707025
 155.500000 0.305492 -1.648880
 155.600000 0.544818 -1.556530
 155.700000 0.816250 -1.423999
 155.800000 1.104337 -1.210996
 155.900000 1.372558 -0.891401
 156.000000 1.674712 -0.580085
 156.100000 1.994685 -0.378480
 156.200000 2.281290 -0.394243
 156.300000 2.338324 -0.629636
 156.400000 2.172506 -0.946812
 156.500000 1.865567 -1.196141
 156.600000 1.544280 -1.260435
 156.700000 1.227662 -1.122827
 156.800000 0.936929 -0.907222
 156.900000 0.725798 -0.782569
 157.000000 0.542828 -0.748728
 157.100000 0.393712 -0.783310
 157.200000 0.261924 -0.869097
 157.300000 0.192950 -0.999888
 157.400000 0.179459 -1.207852
 157.500000 0.204371 -1.461110
 157.600000 0.213011 -1.708481
 157.700000 0.181292 -1.891637
 157.800000 0.096312 -1.894241
 157.900000 -0.043490 -1.767414
 158.000000 -0.200500 -1.585323
 158.100000 -0.357150 -1.404977
 158.200000 -0.453554 -1.265166
 158.300000 -0.494135 -1.107923
 158.400000 -0.488006 -0.960718
 158.500000 -0.454248 -0.861394
 158.600000 -0.395306 -0.799950
 158.700000 -0.332479 -0.782794
 158.800000 -0.251424 -0.856375
 158.900000 -0.171805 -1.000386
 159.000000 -0.101015 -1.191472
 159.100000 -0.044345 -1.433685
 159.200000 0.038067 -1.718607
 159.300000 0.117534 -1.944080
 159.400000 0.144607 -1.988685
 159.500000 0.083931 -1.827758
 159.600000 -0.007725 -1.555825
 159.700000 -0.083585 -1.314409
 159.800000 -0.186452 -1.155488
 159.900000 -0.348708 -1.038915
 160.000000 -0.498687 -0.951167
 160.100000 -0.640777 -0.905927
 160.200000 -0.758485 -0.869917
 160.300000 -0.842742 -0.827008
 160.400000 -0.858415 -0.749018
 160.500000 -0.838581 -0.644359
 160.600000 -0.825949 -0.528921
 160.700000 -0.853474 -0.397004
 160.800000 -0.926849 -0.225276
 160.900000 -1.053287 -0.018539
 161.000000 -1.269944 0.250712
 161.100000 -1.592655 0.587978
 161.200000 -1.978848 0.946717
 161.300000 -2.331807 1.210648
 161.400000 -2.442191 1.205669
 161.500000 -2.253980 0.940508
 161.600000 -1.925661 0.574699
 161.700000 -1.554318 0.279191
 161.800000 -1.258674 0.100459
 161.900000 -1.064935 0.010645
 162.000000 -0.973252 -0.007630
 162.100000 -1.000225 0.063211
 162.200000 -1.134164 0.231769
 162.300000 -1.350072 0.514145
 162.400000 -1.666349 0.873713
 162.500000 -2.045136 1.195181
 162.600000 -2.323225 1.282305
 162.700000 -2.367982 1.031328
 162.800000 -2.209837 0.600941
 162.900000 -1.940591 0.250644
 163.000000 -1.609583 0.077356
 163.100000 -1.255976 0.055136
 163.200000 -0.979795 0.118847
 163.300000 -0.793421 0.284470
 163.400000 -0.740309 0.517131
 163.500000 -0.830594 0.819276
 163.600000 -1.045264 1.134993
 163.700000 -1.368484 1.380190
 163.800000 -1.686800 1.396032
 163.900000 -1.974402 1.129495
 164.000000 -2.232347 0.673827
 164.100000 -2.352619 0.290077
 164.200000 -2.187457 0.180728
 164.300000 -1.831469 0.377522
 164.400000 -1.453820 0.713388
 164.500000 -1.197259 1.061162
 164.600000 -1.005077 1.379242
 164.700000 -0.887404 1.566088
 164.800000 -0.775343 1.555720
 164.900000 -0.669873 1.373410
 165.000000 -0.597555 1.114839
 165.100000 -0.569633 0.861383
 165.200000 -0.612551 0.623601
 165.300000 -0.755316 0.461313
 165.400000 -1.050840 0.371262
 165.500000 -1.457510 0.359915
 165.600000 -1.950428 0.471929
 165.700000 -2.403780 0.708582
 165.800000 -2.640516 0.986523
 165.900000 -2.523419 1.087098
 166.000000 -2.095758 0.910586
 166.100000 -1.557724 0.643226
 166.200000 -1.118986 0.424755
 166.300000 -0.771748 0.285188
 166.400000 -0.559114 0.173037
 166.500000 -0.433581 0.085841
 166.600000 -0.397743 0.032446
 166.700000 -0.427043 0.010498
 166.800000 -0.529479 0.014461
 166.900000 -0.712294 0.048095
 167.000000 -0.964688 0.126840
 167.100000 -1.293214 0.331213
 167.200000 -1.734002 0.634701
 167.300000 -2.197283 0.954500
 167.400000 -2.530851 1.129975
 167.500000 -2.539117 1.015518
 167.600000 -2.238000 0.720377
 167.700000 -1.793952 0.467679
 167.800000 -1.359602 0.304692
 167.900000 -1.040603 0.215322
 168.000000 -0.829064 0.243665
 168.100000 -0.731293 0.347238
 168.200000 -0.775732 0.534491
 168.300000 -0.947307 0.790931
 168.400000 -1.218607 1.062772
 168.500000 -1.535443 1.306517
 168.600000 -1.845606 1.347683
 168.700000 -2.081951 1.105987
 168.800000 -2.205402 0.684391
 168.900000 -2.213863 0.315871
 169.000000 -2.038221 0.163138
 169.100000 -1.712924 0.265433
 169.200000 -1.387189 0.528210
 169.300000 -1.173192 0.839706
 169.400000 -1.017812 1.150527
 169.500000 -0.967233 1.422084
 169.600000 -0.942884 1.544979
 169.700000 -0.923378 1.481937
 169.800000 -0.921221 1.256721
 169.900000 -1.012891 0.984976
 170.000000 -1.215641 0.701423
 170.100000 -1.492111 0.426019
 170.200000 -1.855638 0.230936
 170.300000 -2.151909 0.237227
 170.400000 -2.275905 0.520640
 170.500000 -2.213050 0.925614
 170.600000 -2.029277 1.243018
 170.700000 -1.759313 1.296780
 170.800000 -1.467451 1.139438
 170.900000 -1.237955 0.900086
 171.000000 -1.039401 0.701179
 171.100000 -0.878244 0.526102
 171.200000 -0.831399 0.413599
 171.300000 -0.910304 0.408448
 171.400000 -1.130984 0.504572
 171.500000 -1.459487 0.648179
 171.600000 -1.880804 0.821051
 171.700000 -2.282247 0.957390
 171.800000 -2.537088 0.966966
 171.900000 -2.483279 0.812353
 172.000000 -2.154830 0.674654
 172.100000 -1.739656 0.585264
 172.200000 -1.377188 0.558600
 172.300000 -1.135217 0.595352
 172.400000 -0.987985 0.646078
 172.500000 -0.908207 0.707826
 172.600000 -0.892699 0.827867
 172.700000 -0.953586 0.977978
 172.800000 -1.121443 1.083004
 172.900000 -1.379874 1.134818
 173.000000 -1.724705 1.121933
 173.100000 -2.098183 0.951232
 173.200000 -2.411727 0.734235
 173.300000 -2.512258 0.583860
 173.400000 -2.308213 0.589251
 173.500000 -1.907645 0.684191
 173.600000 -1.460822 0.792910
 173.700000 -1.132656 0.899072
 173.800000 -0.883174 1.032198
 173.900000 -0.751145 1.133429
 174.000000 -0.722592 1.217280
 174.100000 -0.763419 1.334678
 174.200000 -0.900251 1.433596
 174.300000 -1.086520 1.419336
 174.400000 -1.302606 1.238204
 174.500000 -1.551297 0.942355
 174.600000 -1.870603 0.603597
 174.700000 -2.164409 0.324398
 174.800000 -2.320855 0.264826
 174.900000 -2.249271 0.478591
 175.000000 -1.984767 0.812429
 175.100000 -1.652760 1.133611
 175.200000 -1.326487 1.336029
 175.300000 -1.049709 1.370241
 175.400000 -0.818954 1.266393
 175.500000 -0.704318 1.149104
 175.600000 -0.673015 0.992660
 175.700000 -0.758883 0.812383
 175.800000 -0.974594 0.663608
 175.900000 -1.254195 0.528976
 176.000000 -1.620169 0.434552
 176.100000 -2.042050 0.435985
 176.200000 -2.375485 0.543464
 176.300000 -2.462309 0.785766
 176.400000 -2.266865 1.038474
 176.500000 -1.893932 1.144602
 176.600000 -1.500574 1.078523
 176.700000 -1.174379 0.952073
 176.800000 -0.903287 0.854778
 176.900000 -0.726195 0.788652
 177.000000 -0.677603 0.729970
 177.100000 -0.740362 0.704431
 177.200000 -0.948712 0.702121
 177.300000 -1.268733 0.726007
 177.400000 -1.711464 0.746866
 177.500000 -2.170806 0.744863
 177.600000 -2.523715 0.766486
 177.700000 -2.569991 0.829796
 177.800000 -2.275036 0.871614
 177.900000 -1.832206 0.881192
 178.000000 -1.379109 0.876589
 178.100000 -1.036227 0.879427
 178.200000 -0.759929 0.936523
 178.300000 -0.611312 0.995328
 178.400000 -0.538114 1.072367
 178.500000 -0.480991 1.148977
 178.600000 -0.444883 1.244309
 178.700000 -0.440010 1.355095
 178.800000 -0.470234 1.445027
 178.900000 -0.540943 1.459143
 179.000000 -0.650621 1.376699
 179.100000 -0.799155 1.273487
 179.200000 -1.062993 1.177377
 179.300000 -1.421914 1.047522
 179.400000 -1.874488 0.894098
 179.500000 -2.304785 0.725902
 179.600000 -2.575555 0.627840
 179.700000 -2.499495 0.678254
 179.800000 -2.128288 0.826400
 179.900000 -1.692424 1.028245
 180.000000 -1.292955 1.170910
 180.100000 -0.975291 1.229927
 180.200000 -0.744822 1.233253
 180.300000 -0.607726 1.244843
 180.400000 -0.447054 1.271065
 180.500000 -0.305239 1.284890
 180.600000 -0.216712 1.303593
 180.700000 -0.231518 1.320976
 180.800000 -0.337917 1.332146
 180.900000 -0.510273 1.337479
 181.000000 -0.682620 1.317356
 181.100000 -0.914341 1.283416
 181.200000 -1.246605 1.197665
 181.300000 -1.645408 1.029955
 181.400000 -2.068152 0.792700
 181.500000 -2.424555 0.590204
 181.600000 -2.545369 0.531183
 181.700000 -2.325592 0.672314
 181.800000 -1.956443 0.887834
 181.900000 -1.568643 1.101185
 182.000000 -1.210053 1.234985
 182.100000 -0.911608 1.288986
 182.200000 -0.714332 1.278153
 182.300000 -0.609993 1.267240
 182.400000 -0.483765 1.233288
 182.500000 -0.360754 1.207663
 182.600000 -0.300124 1.205998
 182.700000 -0.314840 1.246649
 182.800000 -0.387573 1.303510
 182.900000 -0.492776 1.331861
 183.000000 -0.574867 1.339686
 183.100000 -0.626928 1.340531
 183.200000 -0.696349 1.318515
 183.300000 -0.886607 1.301402
 183.400000 -1.207730 1.216956
 183.500000 -1.574014 1.050586
 183.600000 -1.992187 0.816686
 183.700000 -2.325969 0.584623
 183.800000 -2.449850 0.471744
 183.900000 -2.271336 0.591389
 184.000000 -1.934511 0.796151
 184.100000 -1.542991 0.976399
 184.200000 -1.241721 1.127731
 184.300000 -1.001000 1.200788
 184.400000 -0.835910 1.217706
 184.500000 -0.840551 1.206670
 184.600000 -1.025875 1.184027
 184.700000 -1.275329 1.107425
 184.800000 -1.588801 0.961186
 184.900000 -1.959585 0.778478
 185.000000 -2.258619 0.553703
 185.100000 -2.395065 0.400185
 185.200000 -2.234362 0.430369
 185.300000 -1.884391 0.590307
 185.400000 -1.514483 0.805813
 185.500000 -1.256168 0.992170
 185.600000 -1.031933 1.169349
 185.700000 -0.879684 1.299149
 185.800000 -0.847676 1.369421
 185.900000 -0.915173 1.384424
 186.000000 -1.046196 1.312761
 186.100000 -1.205793 1.120449
 186.200000 -1.389782 0.874862
 186.300000 -1.695325 0.642957
 186.400000 -2.055293 0.456877
 186.500000 -2.322896 0.376474
 186.600000 -2.314908 0.469430
 186.700000 -2.088174 0.670080
 186.800000 -1.746086 0.863858
 186.900000 -1.396510 1.027515
 187.000000 -1.177651 1.182435
 187.100000 -1.000181 1.235242
 187.200000 -0.837170 1.202898
 187.300000 -0.820881 1.134664
 187.400000 -0.977695 1.025818
 187.500000 -1.247538 0.886005
 187.600000 -1.590933 0.734907
 187.700000 -2.002938 0.560951
 187.800000 -2.322326 0.433483
 187.900000 -2.380617 0.456524
 188.000000 -2.169595 0.654996
 188.100000 -1.821442 0.881369
 188.200000 -1.437442 1.073259
 188.300000 -1.168655 1.192437
 188.400000 -0.943258 1.179826
 188.500000 -0.787448 1.101254
 188.600000 -0.765102 0.950275
 188.700000 -0.867101 0.794934
 188.800000 -1.082504 0.691689
 188.900000 -1.363274 0.601067
 189.000000 -1.765533 0.560897
 189.100000 -2.188626 0.610566
 189.200000 -2.490384 0.717905
 189.300000 -2.514921 0.869850
 189.400000 -2.243906 0.959927
 189.500000 -1.819946 0.958181
 189.600000 -1.400037 0.931296
 189.700000 -1.103536 0.914955
 189.800000 -0.880030 0.941757
 189.900000 -0.785072 0.938534
 190.000000 -0.827145 0.905974
 190.100000 -1.009026 0.861943
 190.200000 -1.308115 0.858959
 190.300000 -1.695991 0.872334
 190.400000 -2.124258 0.886015
 190.500000 -2.485204 0.887778
 190.600000 -2.566348 0.829961
 190.700000 -2.303661 0.744807
 190.800000 -1.872789 0.708594
 190.900000 -1.400032 0.671675
 191.000000 -1.050842 0.642980
 191.100000 -0.784575 0.621353
 191.200000 -0.628839 0.627504
 191.300000 -0.571212 0.665608
 191.400000 -0.572296 0.745975
 191.500000 -0.625862 0.865003
 191.600000 -0.764249 1.020810
 191.700000 -0.998428 1.184459
 191.800000 -1.279073 1.281225
 191.900000 -1.641116 1.295109
 192.000000 -2.008772 1.130948
 192.100000 -2.322746 0.793955
 192.200000 -2.472291 0.498115
 192.300000 -2.309647 0.397449
 192.400000 -1.908367 0.480895
 192.500000 -1.482264 0.667798
 192.600000 -1.168692 0.876951
 192.700000 -0.927326 1.086321
 192.800000 -0.825690 1.255621
 192.900000 -0.872808 1.390697
 193.000000 -1.009847 1.436923
 193.100000 -1.199961 1.374020
 193.200000 -1.481211 1.208948
 193.300000 -1.833478 0.935924
 193.400000 -2.164937 0.632392
 193.500000 -2.348293 0.351778
 193.600000 -2.263154 0.269836
 193.700000 -1.942096 0.434676
 193.800000 -1.545800 0.709283
 193.900000 -1.263953 0.973306
 194.000000 -1.019563 1.197397
 194.100000 -0.789578 1.321867
 194.200000 -0.671995 1.416138
 194.300000 -0.638186 1.535011
 194.400000 -0.627640 1.607883
 194.500000 -0.595119 1.559931
 194.600000 -0.552302 1.434305
 194.700000 -0.482242 1.291625
 194.800000 -0.381161 1.124877
 194.900000 -0.338908 1.013033
 195.000000 -0.396947 0.998526
 195.100000 -0.581570 1.079264
 195.200000 -0.834658 1.165340
 195.300000 -1.179822 1.179691
 195.400000 -1.602244 1.089323
 195.500000 -2.077878 0.900230
 195.600000 -2.499858 0.708321
 195.700000 -2.621613 0.610067
 195.800000 -2.361009 0.656630
 195.900000 -1.962977 0.814716
 196.000000 -1.526131 0.986801
 196.100000 -1.160597 1.135794
 196.200000 -0.859149 1.190191
 196.300000 -0.656708 1.182707
 196.400000 -0.490927 1.117405
 196.500000 -0.358313 1.086288
 196.600000 -0.295153 1.163964
 196.700000 -0.290354 1.302273
 196.800000 -0.339330 1.439470
 196.900000 -0.423683 1.511630
 197.000000 -0.524605 1.530738
 197.100000 -0.647132 1.512668
 197.200000 -0.845478 1.447927
 197.300000 -1.082819 1.287464
 197.400000 -1.376108 1.019324
 197.500000 -1.773430 0.700106
 197.600000 -2.179056 0.374738
 197.700000 -2.410997 0.228318
 197.800000 -2.323685 0.363748
 197.900000 -1.971924 0.664441
 198.000000 -1.526548 0.944184
 198.100000 -1.156402 1.194878
 198.200000 -0.845564 1.355926
 198.300000 -0.604307 1.475470
 198.400000 -0.420309 1.575078
 198.500000 -0.211035 1.602954
 198.600000 -0.029796 1.568985
 198.700000 0.125850 1.531446
 198.800000 0.268610 1.480218
 198.900000 0.355074 1.402363
 199.000000 0.369778 1.307656
 199.100000 0.309574 1.210145
 199.200000 0.167831 1.114274
 199.300000 -0.005679 1.036759
 199.400000 -0.199860 1.006408
 199.500000 -0.416524 1.033350
 199.600000 -0.705296 1.140277
 199.700000 -1.081787 1.191972
 199.800000 -1.536055 1.145805
 199.900000 -2.055923 1.000758
 200.000000 -2.506470 0.756364
 200.100000 -2.673657 0.550653
 200.200000 -2.426199 0.530173
 200.300000 -1.915239 0.648596
 200.400000 -1.362580 0.785318
 200.500000 -0.914510 0.903798
 200.600000 -0.584580 1.034187
 200.700000 -0.341368 1.158681
 200.800000 -0.162415 1.338252
 200.900000 -0.047333 1.523451
 201.000000 0.024919 1.716609
 201.100000 0.085646 1.858015
 201.200000 0.124777 1.907838
 201.300000 0.171184 1.809023
 201.400000 0.202517 1.632897
 201.500000 0.169998 1.417250
 201.600000 0.069771 1.209378
 201.700000 -0.048716 1.032371
 201.800000 -0.170311 0.882520
 201.900000 -0.300327 0.744565
 202.000000 -0.491774 0.608202
 202.100000 -0.780031 0.517453
 202.200000 -1.199414 0.474953
 202.300000 -1.713444 0.472627
 202.400000 -2.254577 0.540268
 202.500000 -2.635011 0.687351
 202.600000 -2.644248 0.920959
 202.700000 -2.265360 1.067870
 202.800000 -1.732287 1.018159
 202.900000 -1.232777 0.889393
 203.000000 -0.807265 0.779443
 203.100000 -0.490451 0.695373
 203.200000 -0.275583 0.677075
 203.300000 -0.098800 0.721867
 203.400000 0.042662 0.804867
 203.500000 0.141679 0.951047
 203.600000 0.169405 1.158895
 203.700000 0.155870 1.415224
 203.800000 0.118015 1.662724
 203.900000 0.081366 1.850389
 204.000000 0.055516 1.926737
 204.100000 0.022492 1.852573
 204.200000 -0.033829 1.679765
 204.300000 -0.120688 1.439843
 204.400000 -0.263498 1.211150
 204.500000 -0.479929 1.037422
 204.600000 -0.779149 0.920341
 204.700000 -1.190406 0.829222
 204.800000 -1.696542 0.769402
 204.900000 -2.232174 0.648258
 205.000000 -2.598634 0.557693
 205.100000 -2.598177 0.631639
 205.200000 -2.247867 0.825812
 205.300000 -1.782462 1.059845
 205.400000 -1.327439 1.206660
 205.500000 -0.975514 1.269571
 205.600000 -0.701547 1.251123
 205.700000 -0.525992 1.171946
 205.800000 -0.362879 1.076326
 205.900000 -0.263042 1.075113
 206.000000 -0.232824 1.186490
 206.100000 -0.273052 1.369716
 206.200000 -0.346633 1.567705
 206.300000 -0.416894 1.702514
 206.400000 -0.452627 1.707765
 206.500000 -0.456292 1.592956
 206.600000 -0.411132 1.384143
 206.700000 -0.354461 1.125537
 206.800000 -0.376678 0.941539
 206.900000 -0.517824 0.801173
 207.000000 -0.735508 0.671123
 207.100000 -1.053088 0.525403
 207.200000 -1.475663 0.407265
 207.300000 -1.985508 0.373427
 207.400000 -2.424182 0.465489
 207.500000 -2.588918 0.723767
 207.600000 -2.416473 1.038780
 207.700000 -1.994418 1.174546
 207.800000 -1.513111 1.128116
 207.900000 -1.089046 0.998807
 208.000000 -0.755862 0.832871
 208.100000 -0.532593 0.730055
 208.200000 -0.358572 0.694102
 208.300000 -0.253586 0.707165
 208.400000 -0.198095 0.741790
 208.500000 -0.189566 0.815824
 208.600000 -0.198354 0.890824
 208.700000 -0.202679 0.933149
 208.800000 -0.210499 0.973406
 208.900000 -0.228198 1.065697
 209.000000 -0.315337 1.236181
 209.100000 -0.491479 1.440060
 209.200000 -0.672307 1.618699
 209.300000 -0.872736 1.674465
 209.400000 -1.043242 1.520838
 209.500000 -1.250113 1.224942
 209.600000 -1.570003 0.881459
 209.700000 -1.982508 0.524438
 209.800000 -2.324295 0.271582
 209.900000 -2.408948 0.263814
 210.000000 -2.170563 0.501680
 210.100000 -1.748774 0.792516
 210.200000 -1.328716 1.025838
 210.300000 -0.975369 1.185852
 210.400000 -0.698573 1.259593
 210.500000 -0.521725 1.303332
 210.600000 -0.343620 1.308185
 210.700000 -0.241638 1.370992
 210.800000 -0.194127 1.471896
 210.900000 -0.213441 1.537823
 211.000000 -0.273939 1.559910
 211.100000 -0.375412 1.502334
 211.200000 -0.484127 1.401116
 211.300000 -0.541374 1.261744
 211.400000 -0.563488 1.078707
 211.500000 -0.606138 0.880388
 211.600000 -0.680621 0.715997
 211.700000 -0.812532 0.539177
 211.800000 -1.067859 0.367380
 211.900000 -1.418313 0.258819
 212.000000 -1.847536 0.250436
 212.100000 -2.254314 0.426365
 212.200000 -2.487123 0.736103
 212.300000 -2.435324 1.076774
 212.400000 -2.117073 1.230077
 212.500000 -1.684632 1.146087
 212.600000 -1.277199 0.943619
 212.700000 -0.909254 0.795088
 212.800000 -0.703027 0.677565
 212.900000 -0.633996 0.539902
 213.000000 -0.684246 0.425879
 213.100000 -0.900927 0.396525
 213.200000 -1.276685 0.446674
 213.300000 -1.735679 0.568165
 213.400000 -2.194147 0.747681
 213.500000 -2.517694 0.967895
 213.600000 -2.528394 1.043947
 213.700000 -2.213106 0.871332
 213.800000 -1.778273 0.655414
 213.900000 -1.356219 0.470400
 214.000000 -1.020049 0.362821
 214.100000 -0.761595 0.343444
 214.200000 -0.613663 0.385328
 214.300000 -0.563425 0.475704
 214.400000 -0.599834 0.633195
 214.500000 -0.681871 0.823574
 214.600000 -0.806771 1.069305
 214.700000 -1.024058 1.318931
 214.800000 -1.305749 1.470633
 214.900000 -1.609711 1.371584
 215.000000 -1.892287 1.043668
 215.100000 -2.142864 0.624675
 215.200000 -2.264395 0.253486
 215.300000 -2.160195 0.125338
 215.400000 -1.880543 0.248931
 215.500000 -1.544885 0.541673
 215.600000 -1.303379 0.880305
 215.700000 -1.123351 1.184333
 215.800000 -0.968357 1.381498
 215.900000 -0.824039 1.468500
 216.000000 -0.722266 1.455234
 216.100000 -0.703458 1.423973
 216.200000 -0.799902 1.369940
 216.300000 -1.012091 1.257996
 216.400000 -1.242798 1.023953
 216.500000 -1.507729 0.719924
 216.600000 -1.874871 0.432143
 216.700000 -2.209997 0.274134
 216.800000 -2.369548 0.349950
 216.900000 -2.267679 0.628719
 217.000000 -2.059694 1.009934
 217.100000 -1.823954 1.323405
 217.200000 -1.570954 1.417367
 217.300000 -1.315748 1.261100
 217.400000 -1.163192 0.991606
 217.500000 -1.044717 0.721057
 217.600000 -0.962066 0.489005
 217.700000 -0.968880 0.304361
 217.800000 -1.098441 0.205232
 217.900000 -1.331064 0.206322
 218.000000 -1.640349 0.291230
 218.100000 -1.984371 0.492498
 218.200000 -2.233484 0.773385
 218.300000 -2.339735 1.075095
 218.400000 -2.241108 1.176678
 218.500000 -1.985833 1.058962
 218.600000 -1.695566 0.828487
 218.700000 -1.435395 0.552653
 218.800000 -1.316334 0.305188
 218.900000 -1.334745 0.109039
 219.000000 -1.455394 -0.000443
 219.100000 -1.576192 0.006491
 219.200000 -1.736672 0.159999
 219.300000 -1.913474 0.474625
 219.400000 -2.049492 0.894060
 219.500000 -2.136892 1.258073
 219.600000 -2.097428 1.355362
 219.700000 -1.884751 1.118796
 219.800000 -1.635138 0.748647
 219.900000 -1.430328 0.383677
 220.000000 -1.334316 0.096119
 220.100000 -1.325100 -0.097852
 220.200000 -1.328990 -0.236744
 220.300000 -1.354818 -0.253958
 220.400000 -1.388531 -0.133310
 220.500000 -1.422322 0.069917
 220.600000 -1.510478 0.397348
 220.700000 -1.641335 0.820408
 220.800000 -1.813429 1.187772
 220.900000 -1.957284 1.368721
 221.000000 -2.035013 1.239474
 221.100000 -2.032888 0.870787
 221.200000 -1.963336 0.444445
 221.300000 -1.823735 0.131852
 221.400000 -1.645050 -0.015086
 221.500000 -1.522029 -0.008809
 221.600000 -1.443559 0.119797
 221.700000 -1.464393 0.394753
 221.800000 -1.581469 0.754985
 221.900000 -1.766674 1.083963
 222.000000 -1.962690 1.294405
 222.100000 -2.067063 1.289996
 222.200000 -2.109801 1.033829
 222.300000 -2.125568 0.657347
 222.400000 -2.007304 0.314772
 222.500000 -1.785812 0.126509
 222.600000 -1.510725 0.107554
 222.700000 -1.300589 0.260144
 222.800000 -1.215202 0.536550
 222.900000 -1.233622 0.867150
 223.000000 -1.296553 1.188398
 223.100000 -1.453261 1.446507
 223.200000 -1.625620 1.473455
 223.300000 -1.750892 1.189735
 223.400000 -1.831810 0.751751
 223.500000 -1.892130 0.311095
 223.600000 -1.898882 0.025502
 223.700000 -1.770948 -0.069774
 223.800000 -1.595120 0.015676
 223.900000 -1.457324 0.253592
 224.000000 -1.399958 0.608776
 224.100000 -1.495752 0.974395
 224.200000 -1.698689 1.266936
 224.300000 -1.869596 1.399822
 224.400000 -1.943614 1.258967
 224.500000 -1.919552 0.900006
 224.600000 -1.844770 0.477678
 224.700000 -1.752627 0.133270
 224.800000 -1.665049 -0.068174
 224.900000 -1.619969 -0.137793
 225.000000 -1.578284 -0.105929
 225.100000 -1.548406 0.054302
 225.200000 -1.527210 0.392388
 225.300000 -1.555699 0.832013
 225.400000 -1.706188 1.236068
 225.500000 -1.826824 1.468952
 225.600000 -1.866099 1.363051
 225.700000 -1.817701 1.004338
 225.800000 -1.735160 0.540046
 225.900000 -1.677499 0.150312
 226.000000 -1.668145 -0.099644
 226.100000 -1.713205 -0.197019
 226.200000 -1.756459 -0.176016
 226.300000 -1.806516 0.011138
 226.400000 -1.833294 0.379375
 226.500000 -1.861566 0.881593
 226.600000 -1.858400 1.319770
 226.700000 -1.781095 1.497029
 226.800000 -1.613586 1.309800
 226.900000 -1.432999 0.915612
 227.000000 -1.410568 0.477696
 227.100000 -1.539566 0.088874
 227.200000 -1.694946 -0.128149
 227.300000 -1.864583 -0.188865
 227.400000 -1.935130 -0.020156
 227.500000 -1.877585 0.343255
 227.600000 -1.793350 0.858406
 227.700000 -1.679079 1.318617
 227.800000 -1.518163 1.550560
 227.900000 -1.302658 1.431190
 228.000000 -1.107221 1.137646
 228.100000 -0.973950 0.772034
 228.200000 -0.945139 0.441582
 228.300000 -1.010051 0.171339
 228.400000 -1.207339 -0.007459
 228.500000 -1.453353 -0.136589
 228.600000 -1.639215 -0.208255
 228.700000 -1.779891 -0.196745
 228.800000 -1.856739 -0.008183
 228.900000 -1.857897 0.390190
 229.000000 -1.834921 0.902895
 229.100000 -1.773571 1.331275
 229.200000 -1.686205 1.501283
 229.300000 -1.538000 1.307464
 229.400000 -1.430444 0.926267
 229.500000 -1.478430 0.532402
 229.600000 -1.649003 0.189533
 229.700000 -1.831724 -0.007886
 229.800000 -1.964260 -0.000679
 229.900000 -1.950224 0.180784
 230.000000 -1.826267 0.563281
 230.100000 -1.680455 1.020203
 230.200000 -1.528407 1.378544
 230.300000 -1.383501 1.505456
 230.400000 -1.235732 1.359835
 230.500000 -1.150299 1.110523
 230.600000 -1.123497 0.767371
 230.700000 -1.178038 0.433058
 230.800000 -1.312442 0.155596
 230.900000 -1.524796 0.000965
 231.000000 -1.749896 0.056617
 231.100000 -1.971078 0.320054
 231.200000 -2.084719 0.736414
 231.300000 -2.100767 1.156164
 231.400000 -2.098085 1.382009
 231.500000 -1.997456 1.277402
 231.600000 -1.821843 0.917400
 231.700000 -1.616809 0.491606
 231.800000 -1.440217 0.165652
 231.900000 -1.319259 -0.021012
 232.000000 -1.241973 -0.127574
 232.100000 -1.179552 -0.182968
 232.200000 -1.116315 -0.200573
 232.300000 -1.101149 -0.178610
 232.400000 -1.125635 -0.113297
 232.500000 -1.178413 -0.019033
 232.600000 -1.303470 0.126314
 232.700000 -1.524337 0.380376
 232.800000 -1.799356 0.718924
 232.900000 -2.053898 1.054400
 233.000000 -2.263612 1.238708
 233.100000 -2.324110 1.137249
 233.200000 -2.219417 0.781426
 233.300000 -2.007321 0.433692
 233.400000 -1.721368 0.191502
 233.500000 -1.432276 0.134160
 233.600000 -1.210268 0.239991
 233.700000 -1.081616 0.475641
 233.800000 -1.064931 0.765447
 233.900000 -1.123863 1.103887
 234.000000 -1.219979 1.360799
 234.100000 -1.353550 1.526425
 234.200000 -1.502573 1.413045
 234.300000 -1.649208 1.045914
 234.400000 -1.784420 0.586460
 234.500000 -1.900803 0.180093
 234.600000 -1.936182 -0.049006
 234.700000 -1.852390 -0.082022
 234.800000 -1.688488 0.065529
 234.900000 -1.529297 0.400167
 235.000000 -1.483218 0.833105
 235.100000 -1.619175 1.252826
 235.200000 -1.752533 1.506720
 235.300000 -1.819010 1.382931
 235.400000 -1.816044 0.970079
 235.500000 -1.785432 0.486542
 235.600000 -1.766035 0.074812
 235.700000 -1.749579 -0.146767
 235.800000 -1.731733 -0.230663
 235.900000 -1.665680 -0.176224
 236.000000 -1.572361 -0.012912
 236.100000 -1.467751 0.318477
 236.200000 -1.445662 0.739252
 236.300000 -1.587978 1.164080
 236.400000 -1.753717 1.472081
 236.500000 -1.809578 1.447611
 236.600000 -1.769888 1.079768
 236.700000 -1.713994 0.593658
 236.800000 -1.669837 0.168178
 236.900000 -1.669029 -0.087940
 237.000000 -1.731227 -0.209227
 237.100000 -1.784180 -0.201480
 237.200000 -1.812982 -0.008223
 237.300000 -1.840074 0.349143
 237.400000 -1.851001 0.822041
 237.500000 -1.845663 1.252587
 237.600000 -1.771418 1.487654
 237.700000 -1.620698 1.363552
 237.800000 -1.452160 0.992957
 237.900000 -1.378148 0.603902
 238.000000 -1.439101 0.215912
 238.100000 -1.564379 -0.062237
 238.200000 -1.637652 -0.219554
 238.300000 -1.637504 -0.314063
 238.400000 -1.543411 -0.292405
 238.500000 -1.386937 -0.179286
 238.600000 -1.258826 -0.006669
 238.700000 -1.185089 0.244581
 238.800000 -1.168727 0.571573
 238.900000 -1.244869 0.931612
 239.000000 -1.359623 1.276333
 239.100000 -1.568567 1.486355
 239.200000 -1.726532 1.387472
 239.300000 -1.826372 1.031693
 239.400000 -1.915052 0.569398
 239.500000 -1.948633 0.174102
 239.600000 -1.888672 -0.042625
 239.700000 -1.759077 -0.068896
 239.800000 -1.669321 0.120987
 239.900000 -1.622203 0.505092
 240.000000 -1.626188 0.974708
 240.100000 -1.672813 1.371626
 240.200000 -1.645485 1.496842
 240.300000 -1.559359 1.271505
 240.400000 -1.489915 0.885996
 240.500000 -1.570866 0.486444
 240.600000 -1.761830 0.164524
 240.700000 -1.943176 0.013165
 240.800000 -2.004497 0.033515
 240.900000 -1.928109 0.212190
 241.000000 -1.784505 0.567604
 241.100000 -1.637057 0.982037
 241.200000 -1.534395 1.333981
 241.300000 -1.458357 1.496989
 241.400000 -1.383567 1.388567
 241.500000 -1.382221 1.094643
 241.600000 -1.523019 0.753733
 241.700000 -1.771777 0.403402
 241.800000 -2.024456 0.193365
 241.900000 -2.191106 0.237180
 242.000000 -2.190171 0.530300
 242.100000 -2.025936 0.896421
 242.200000 -1.809684 1.228186
 242.300000 -1.558529 1.378362
 242.400000 -1.305523 1.302397
 242.500000 -1.160281 1.162036
 242.600000 -1.057414 0.897498
 242.700000 -1.015906 0.645023
 242.800000 -1.048778 0.416770
 242.900000 -1.197593 0.249893
 243.000000 -1.411807 0.193741
 243.100000 -1.699343 0.275762
 243.200000 -2.023982 0.481959
 243.300000 -2.245696 0.784481
 243.400000 -2.361003 1.101569
 243.500000 -2.293112 1.192490
 243.600000 -2.041991 1.016639
 243.700000 -1.735229 0.711747
 243.800000 -1.441504 0.442867
 243.900000 -1.256583 0.264384
 244.000000 -1.134070 0.182831
 244.100000 -1.086850 0.198070
 244.200000 -1.131431 0.337411
 244.300000 -1.277148 0.578659
 244.400000 -1.501230 0.857632
 244.500000 -1.870643 1.055395
 244.600000 -2.212965 1.122937
 244.700000 -2.418945 0.969988
 244.800000 -2.376551 0.689015
 244.900000 -2.162664 0.472455
 245.000000 -1.830285 0.314534
 245.100000 -1.468205 0.289759
 245.200000 -1.178188 0.410414
 245.300000 -0.977592 0.606503
 245.400000 -0.877392 0.806847
 245.500000 -0.971193 1.030432
 245.600000 -1.185464 1.170659
 245.700000 -1.477442 1.162526
 245.800000 -1.859171 1.049894
 245.900000 -2.220598 0.837218
 246.000000 -2.490488 0.618709
 246.100000 -2.469780 0.513941
 246.200000 -2.150667 0.559999
 246.300000 -1.723670 0.679336
 246.400000 -1.364535 0.832486
 246.500000 -1.096054 0.928204
 246.600000 -0.903037 1.026144
 246.700000 -0.836636 1.093581
 246.800000 -0.855231 1.156668
 246.900000 -0.945334 1.194360
 247.000000 -1.031350 1.170104
 247.100000 -1.135842 1.017714
 247.200000 -1.263999 0.781020
 247.300000 -1.439655 0.558352
 247.400000 -1.739444 0.413499
 247.500000 -2.053137 0.373918
 247.600000 -2.294979 0.451942
 247.700000 -2.389503 0.630967
 247.800000 -2.266039 0.917011
 247.900000 -2.015815 1.148065
 248.000000 -1.703400 1.177134
 248.100000 -1.358821 1.090917
 248.200000 -1.080276 0.926759
 248.300000 -0.904754 0.758706
 248.400000 -0.888270 0.618643
 248.500000 -1.001408 0.495813
 248.600000 -1.203834 0.433022
 248.700000 -1.470520 0.445117
 248.800000 -1.810861 0.526293
 248.900000 -2.144142 0.654281
 249.000000 -2.350315 0.872742
 249.100000 -2.397958 1.072060
 249.200000 -2.229554 1.059475
 249.300000 -1.957191 0.855565
 249.400000 -1.669428 0.616355
 249.500000 -1.394695 0.437608
 249.600000 -1.223386 0.335968
 249.700000 -1.123685 0.361306
 249.800000 -1.112982 0.510297
 249.900000 -1.228100 0.685052
 250.000000 -1.470647 0.814029
