#! FIELDS time p.x p.y
 0.000000 -0.473508 1.235979
 0.100000 -0.585577 1.223487
 0.200000 -0.767793 1.208288
 0.300000 -1.019102 1.168270
 0.400000 -1.341269 1.068458
 0.500000 -1.725268 0.883382
 0.600000 -2.136537 0.645702
 0.700000 -2.429180 0.497964
 0.800000 -2.406932 0.525239
 0.900000 -2.126448 0.702573
 1.000000 -1.744507 0.926023
 1.100000 -1.364247 1.100285
 1.200000 -1.060725 1.175603
 1.300000 -0.850051 1.173943
 1.400000 -0.734502 1.130103
 1.500000 -0.715306 1.067966
 1.600000 -0.792062 1.001683
 1.700000 -0.982952 0.940082
 1.800000 -1.292149 0.892345
 1.900000 -1.683807 0.850775
 2.000000 -2.095323 0.752005
 2.100000 -2.422097 0.654520
 2.200000 -2.483232 0.644841
 2.300000 -2.267550 0.735355
 2.400000 -1.890825 0.868158
 2.500000 -1.498344 0.969015
 2.600000 -1.174368 1.022421
 2.700000 -0.946781 1.040686
 2.800000 -0.809212 1.035338
 2.900000 -0.770708 1.013911
 3.000000 -0.799452 0.971944
 3.100000 -0.934468 0.933796
 3.200000 -1.202808 0.889423
 3.300000 -1.574981 0.843314
 3.400000 -1.998802 0.771690
 3.500000 -2.375064 0.686137
 3.600000 -2.525328 0.661212
 3.700000 -2.350347 0.740560
 3.800000 -1.984832 0.856347
 3.900000 -1.580092 0.946589
 4.000000 -1.238224 0.976119
 4.100000 -0.989950 0.983218
 4.200000 -0.857002 0.981836
 4.300000 -0.869124 0.976171
 4.400000 -1.031155 0.969510
 4.500000 -1.290430 0.956447
 4.600000 -1.646584 0.908530
 4.700000 -2.041819 0.832412
 4.800000 -2.387335 0.762830
 4.900000 -2.526624 0.731856
 5.000000 -2.356352 0.764395
 5.100000 -1.975560 0.841550
 5.200000 -1.548889 0.922660
 5.300000 -1.205342 0.943476
 5.400000 -0.983832 0.929496
 5.500000 -0.880095 0.932076
 5.600000 -0.922772 0.956260
 5.700000 -1.109671 0.979547
 5.800000 -1.377883 0.972411
 5.900000 -1.730737 0.928646
 6.000000 -2.087632 0.822260
 6.100000 -2.355727 0.718451
 6.200000 -2.437858 0.651169
 6.300000 -2.280503 0.636591
 6.400000 -1.928331 0.638371
 6.500000 -1.540863 0.685174
 6.600000 -1.231440 0.762960
 6.700000 -1.031888 0.859733
 6.800000 -0.939629 0.965213
 6.900000 -1.000231 1.069430
 7.000000 -1.203484 1.155073
 7.100000 -1.488429 1.181023
 7.200000 -1.829072 1.076632
 7.300000 -2.165129 0.877160
 7.400000 -2.404976 0.674525
 7.500000 -2.410974 0.543574
 7.600000 -2.155940 0.531785
 7.700000 -1.770066 0.633344
 7.800000 -1.413597 0.792324
 7.900000 -1.143714 0.952369
 8.000000 -0.965854 1.078271
 8.100000 -0.866340 1.206316
 8.200000 -0.824587 1.308241
 8.300000 -0.819504 1.342518
 8.400000 -0.861804 1.297581
 8.500000 -0.943163 1.176304
 8.600000 -1.102873 1.039130
 8.700000 -1.350773 0.861965
 8.800000 -1.686387 0.669832
 8.900000 -2.020898 0.515855
 9.000000 -2.264555 0.470172
 9.100000 -2.325737 0.592488
 9.200000 -2.198571 0.828992
 9.300000 -1.941294 1.061937
 9.400000 -1.657652 1.173865
 9.500000 -1.396682 1.141709
 9.600000 -1.245248 1.012016
 9.700000 -1.224150 0.814605
 9.800000 -1.335629 0.596271
 9.900000 -1.549211 0.439939
 10.000000 -1.820382 0.385150
 10.100000 -2.082475 0.474386
 10.200000 -2.238643 0.718563
 10.300000 -2.244658 0.987379
 10.400000 -2.100041 1.161965
 10.500000 -1.839996 1.119984
 10.600000 -1.558829 0.918134
 10.700000 -1.358491 0.682093
 10.800000 -1.275689 0.477575
 10.900000 -1.296478 0.338607
 11.000000 -1.413697 0.277166
 11.100000 -1.615456 0.307665
 11.200000 -1.857725 0.456033
 11.300000 -2.078423 0.723077
 11.400000 -2.209109 1.012476
 11.500000 -2.209571 1.185829
 11.600000 -2.040617 1.107244
 11.700000 -1.786000 0.851734
 11.800000 -1.564818 0.546247
 11.900000 -1.431400 0.319963
 12.000000 -1.391089 0.197570
 12.100000 -1.425899 0.118829
 12.200000 -1.518506 0.090793
 12.300000 -1.673038 0.170144
 12.400000 -1.825059 0.376312
 12.500000 -1.969640 0.694273
 12.600000 -2.069607 1.046331
 12.700000 -2.074565 1.263841
 12.800000 -1.963225 1.189873
 12.900000 -1.802532 0.895560
 13.000000 -1.661666 0.527042
 13.100000 -1.579065 0.215159
 13.200000 -1.558213 0.027660
 13.300000 -1.549890 -0.001836
 13.400000 -1.560358 0.115721
 13.500000 -1.641601 0.343429
 13.600000 -1.772042 0.640251
 13.700000 -1.932298 0.982864
 13.800000 -2.060970 1.202304
 13.900000 -2.105902 1.176279
 14.000000 -2.035382 0.917481
 14.100000 -1.874554 0.595629
 14.200000 -1.701268 0.362417
 14.300000 -1.562654 0.243249
 14.400000 -1.512448 0.224203
 14.500000 -1.586194 0.323606
 14.600000 -1.712129 0.517236
 14.700000 -1.889086 0.807033
 14.800000 -2.058923 1.105735
 14.900000 -2.132854 1.217007
 15.000000 -2.075639 1.065512
 15.100000 -1.929033 0.792560
 15.200000 -1.726070 0.514174
 15.300000 -1.547016 0.314219
 15.400000 -1.462876 0.224029
 15.500000 -1.530988 0.234549
 15.600000 -1.699120 0.366425
 15.700000 -1.879839 0.611061
 15.800000 -2.050636 0.901191
 15.900000 -2.122240 1.132413
 16.000000 -2.119227 1.193650
 16.100000 -2.013781 1.032079
 16.200000 -1.816776 0.720423
 16.300000 -1.642385 0.413011
 16.400000 -1.541420 0.186218
 16.500000 -1.548761 0.059624
 16.600000 -1.600769 0.045093
 16.700000 -1.675981 0.165419
 16.800000 -1.762202 0.416832
 16.900000 -1.852768 0.763236
 17.000000 -1.942977 1.101885
 17.100000 -1.944141 1.306916
 17.200000 -1.848749 1.259349
 17.300000 -1.682431 0.987189
 17.400000 -1.535498 0.651919
 17.500000 -1.436939 0.371900
 17.600000 -1.431259 0.233569
 17.700000 -1.535869 0.212222
 17.800000 -1.744947 0.300667
 17.900000 -1.988483 0.471255
 18.000000 -2.191699 0.752866
 18.100000 -2.305344 1.043317
 18.200000 -2.248747 1.186820
 18.300000 -2.064638 1.085612
 18.400000 -1.832866 0.812097
 18.500000 -1.597407 0.518271
 18.600000 -1.402545 0.326336
 18.700000 -1.265336 0.291933
 18.800000 -1.157520 0.372990
 18.900000 -1.164617 0.553491
 19.000000 -1.311915 0.806793
 19.100000 -1.606535 1.067506
 19.200000 -1.937311 1.240835
 19.300000 -2.166188 1.234970
 19.400000 -2.294701 0.993371
 19.500000 -2.291594 0.655294
 19.600000 -2.136880 0.373541
 19.700000 -1.838497 0.260253
 19.800000 -1.519717 0.273665
 19.900000 -1.283747 0.417649
 20.000000 -1.149011 0.668870
 20.100000 -1.133421 0.958551
 20.200000 -1.189800 1.212703
 20.300000 -1.300136 1.381752
 20.400000 -1.441533 1.369717
 20.500000 -1.596864 1.155712
 20.600000 -1.761514 0.810120
 20.700000 -1.931949 0.472055
 20.800000 -2.075294 0.261360
 20.900000 -2.087159 0.251468
 21.000000 -1.979951 0.446323
 21.100000 -1.808094 0.797720
 21.200000 -1.639303 1.132450
 21.300000 -1.488004 1.335021
 21.400000 -1.387236 1.315804
 21.500000 -1.340518 1.113230
 21.600000 -1.413851 0.829569
 21.700000 -1.609132 0.547414
 21.800000 -1.855385 0.323224
 21.900000 -2.071174 0.212157
 22.000000 -2.163388 0.300736
 22.100000 -2.088145 0.587949
 22.200000 -1.874439 0.930704
 22.300000 -1.608590 1.188228
 22.400000 -1.359991 1.290924
 22.500000 -1.179695 1.239521
 22.600000 -1.065707 1.122626
 22.700000 -1.017751 0.970566
 22.800000 -1.042594 0.767491
 22.900000 -1.150462 0.604085
 23.000000 -1.358082 0.462116
 23.100000 -1.674764 0.384465
 23.200000 -2.014962 0.392579
 23.300000 -2.283509 0.548451
 23.400000 -2.373545 0.824836
 23.500000 -2.276809 1.087682
 23.600000 -2.057904 1.164206
 23.700000 -1.760760 1.048011
 23.800000 -1.437829 0.847364
 23.900000 -1.217184 0.634933
 24.000000 -1.116733 0.417602
 24.100000 -1.108901 0.229882
 24.200000 -1.190844 0.104800
 24.300000 -1.346844 0.051205
 24.400000 -1.548430 0.069152
 24.500000 -1.776068 0.209665
 24.600000 -1.996741 0.490053
 24.700000 -2.178098 0.856794
 24.800000 -2.279768 1.172406
 24.900000 -2.224909 1.246789
 25.000000 -2.051435 1.045087
 25.100000 -1.801516 0.707028
 25.200000 -1.547273 0.388471
 25.300000 -1.392566 0.160857
 25.400000 -1.310659 -0.009561
 25.500000 -1.281310 -0.099733
 25.600000 -1.310978 -0.088633
 25.700000 -1.388839 0.032713
 25.800000 -1.521318 0.231143
 25.900000 -1.737534 0.521306
 26.000000 -1.979463 0.901443
 26.100000 -2.149489 1.201133
 26.200000 -2.233480 1.284147
 26.300000 -2.189858 1.084649
 26.400000 -2.121246 0.736299
 26.500000 -1.987924 0.384201
 26.600000 -1.795229 0.145320
 26.700000 -1.570680 0.039781
 26.800000 -1.359827 0.059779
 26.900000 -1.197795 0.139747
 27.000000 -1.082005 0.280513
 27.100000 -1.056842 0.468178
 27.200000 -1.107957 0.729865
 27.300000 -1.225048 1.055224
 27.400000 -1.426869 1.331413
 27.500000 -1.644292 1.417657
 27.600000 -1.819151 1.206058
 27.700000 -1.933291 0.799732
 27.800000 -1.949642 0.377199
 27.900000 -1.907469 0.088169
 28.000000 -1.762316 0.004090
 28.100000 -1.529430 0.107839
 28.200000 -1.332243 0.304270
 28.300000 -1.216032 0.589262
 28.400000 -1.219433 0.901259
 28.500000 -1.322621 1.173049
 28.600000 -1.518036 1.326334
 28.700000 -1.720756 1.274060
 28.800000 -1.909672 1.005672
 28.900000 -2.002396 0.643888
 29.000000 -1.989758 0.320532
 29.100000 -1.910627 0.124266
 29.200000 -1.777487 0.121136
 29.300000 -1.616174 0.311716
 29.400000 -1.513555 0.612950
 29.500000 -1.495235 0.957515
 29.600000 -1.543537 1.239279
 29.700000 -1.611893 1.342806
 29.800000 -1.664650 1.202992
 29.900000 -1.720981 0.889344
 30.000000 -1.788672 0.538001
 30.100000 -1.879295 0.282153
 30.200000 -1.902832 0.125169
 30.300000 -1.857891 0.159716
 30.400000 -1.760180 0.363057
 30.500000 -1.627369 0.647275
 30.600000 -1.523655 0.988941
 30.700000 -1.474436 1.262090
 30.800000 -1.452467 1.342402
 30.900000 -1.468147 1.223065
 31.000000 -1.547920 0.949270
 31.100000 -1.661288 0.614467
 31.200000 -1.784855 0.346392
 31.300000 -1.869348 0.164734
 31.400000 -1.871350 0.158210
 31.500000 -1.824291 0.324474
 31.600000 -1.764210 0.589771
 31.700000 -1.746381 0.937238
 31.800000 -1.774399 1.221446
 31.900000 -1.778633 1.303365
 32.000000 -1.754118 1.131307
 32.100000 -1.705888 0.817424
 32.200000 -1.681455 0.488981
 32.300000 -1.647177 0.251650
 32.400000 -1.626465 0.134480
 32.500000 -1.640772 0.185178
 32.600000 -1.671090 0.380381
 32.700000 -1.676928 0.639760
 32.800000 -1.695074 0.952658
 32.900000 -1.737903 1.201804
 33.000000 -1.775160 1.305208
 33.100000 -1.801057 1.186841
 33.200000 -1.816255 0.922115
 33.300000 -1.821900 0.590291
 33.400000 -1.868489 0.354691
 33.500000 -1.868299 0.221803
 33.600000 -1.812356 0.212296
 33.700000 -1.709800 0.346857
 33.800000 -1.590003 0.522745
 33.900000 -1.493477 0.758863
 34.000000 -1.468441 0.988582
 34.100000 -1.506479 1.191166
 34.200000 -1.585897 1.273977
 34.300000 -1.641854 1.159145
 34.400000 -1.680529 0.908562
 34.500000 -1.751535 0.610640
 34.600000 -1.844540 0.432035
 34.700000 -1.915934 0.371548
 34.800000 -1.936516 0.428840
 34.900000 -1.916479 0.668528
 35.000000 -1.846684 0.957977
 35.100000 -1.721946 1.156533
 35.200000 -1.565987 1.206025
 35.300000 -1.404598 1.107050
 35.400000 -1.315226 0.959037
 35.500000 -1.327653 0.805685
 35.600000 -1.460786 0.637834
 35.700000 -1.708803 0.527263
 35.800000 -1.981409 0.535574
 35.900000 -2.209868 0.675664
 36.000000 -2.322416 0.810962
 36.100000 -2.268160 0.977781
 36.200000 -2.106538 1.083305
 36.300000 -1.908960 1.044821
 36.400000 -1.662164 0.895168
 36.500000 -1.452856 0.664154
 36.600000 -1.344592 0.489111
 36.700000 -1.351773 0.436990
 36.800000 -1.465228 0.491753
 36.900000 -1.684255 0.633142
 37.000000 -1.944431 0.841633
 37.100000 -2.174028 0.962054
 37.200000 -2.360264 1.006357
 37.300000 -2.355269 0.937797
 37.400000 -2.180428 0.827055
 37.500000 -1.930761 0.703368
 37.600000 -1.639479 0.589789
 37.700000 -1.388388 0.604033
 37.800000 -1.238447 0.699528
 37.900000 -1.202879 0.831900
 38.000000 -1.249386 0.976279
 38.100000 -1.406083 1.092784
 38.200000 -1.636704 1.164160
 38.300000 -1.863638 1.115240
 38.400000 -2.037414 0.930585
 38.500000 -2.167574 0.679056
 38.600000 -2.185427 0.436474
 38.700000 -2.053525 0.378268
 38.800000 -1.857748 0.516703
 38.900000 -1.671780 0.805282
 39.000000 -1.533145 1.106471
 39.100000 -1.444010 1.349900
 39.200000 -1.367110 1.402087
 39.300000 -1.299799 1.229589
 39.400000 -1.312701 0.970055
 39.500000 -1.457825 0.688690
 39.600000 -1.698082 0.444891
 39.700000 -1.918893 0.254087
 39.800000 -2.049559 0.157281
 39.900000 -2.028405 0.225740
 40.000000 -1.870099 0.414722
 40.100000 -1.691832 0.728866
 40.200000 -1.559085 1.081977
 40.300000 -1.458800 1.338882
 40.400000 -1.364788 1.392596
 40.500000 -1.295092 1.246297
 40.600000 -1.294156 1.000493
 40.700000 -1.415437 0.727803
 40.800000 -1.631537 0.448915
 40.900000 -1.849671 0.227143
 41.000000 -1.989262 0.108957
 41.100000 -2.013906 0.197443
 41.200000 -1.943252 0.468523
 41.300000 -1.867447 0.879137
 41.400000 -1.732079 1.221077
 41.500000 -1.557865 1.367918
 41.600000 -1.360886 1.268919
 41.700000 -1.232559 1.034010
 41.800000 -1.162886 0.777196
 41.900000 -1.143149 0.546002
 42.000000 -1.229575 0.377318
 42.100000 -1.425538 0.294119
 42.200000 -1.711222 0.327056
 42.300000 -1.972798 0.440241
 42.400000 -2.197810 0.687298
 42.500000 -2.308050 0.946795
 42.600000 -2.267611 1.157957
 42.700000 -2.104921 1.139135
 42.800000 -1.872998 0.950899
 42.900000 -1.597081 0.670832
 43.000000 -1.381355 0.417764
 43.100000 -1.279441 0.263196
 43.200000 -1.238397 0.139003
 43.300000 -1.265183 0.065180
 43.400000 -1.356830 0.063140
 43.500000 -1.492501 0.133722
 43.600000 -1.711496 0.274519
 43.700000 -1.927416 0.519734
 43.800000 -2.099631 0.859001
 43.900000 -2.260065 1.131142
 44.000000 -2.330991 1.176856
 44.100000 -2.217489 0.952742
 44.200000 -2.011498 0.623082
 44.300000 -1.767036 0.336153
 44.400000 -1.523808 0.148337
 44.500000 -1.338865 0.047401
 44.600000 -1.204639 0.013194
 44.700000 -1.151576 0.055337
 44.800000 -1.181158 0.139852
 44.900000 -1.302151 0.266403
 45.000000 -1.466747 0.431588
 45.100000 -1.735994 0.716549
 45.200000 -1.998990 1.038691
 45.300000 -2.171403 1.241957
 45.400000 -2.208442 1.223597
 45.500000 -2.105786 0.980354
 45.600000 -1.987955 0.638353
 45.700000 -1.835736 0.340565
 45.800000 -1.649868 0.150394
 45.900000 -1.473580 0.106069
 46.000000 -1.363654 0.150092
 46.100000 -1.291603 0.234947
 46.200000 -1.260397 0.381003
 46.300000 -1.289020 0.613209
 46.400000 -1.411376 0.921547
 46.500000 -1.628338 1.181539
 46.600000 -1.855547 1.319908
 46.700000 -2.032493 1.200575
 46.800000 -2.125017 0.921373
 46.900000 -2.195598 0.594860
 47.000000 -2.133211 0.345658
 47.100000 -1.919167 0.278460
 47.200000 -1.628202 0.312699
 47.300000 -1.403086 0.442999
 47.400000 -1.308223 0.691048
 47.500000 -1.338361 0.975373
 47.600000 -1.483367 1.238652
 47.700000 -1.649484 1.377064
 47.800000 -1.776615 1.259909
 47.900000 -1.855413 0.949320
 48.000000 -1.908111 0.565898
 48.100000 -1.931634 0.277155
 48.200000 -1.877552 0.121949
 48.300000 -1.737312 0.185616
 48.400000 -1.579214 0.387504
 48.500000 -1.519111 0.686321
 48.600000 -1.554082 1.024045
 48.700000 -1.664794 1.289169
 48.800000 -1.744152 1.358621
 48.900000 -1.780271 1.183104
 49.000000 -1.808284 0.833744
 49.100000 -1.815141 0.447345
 49.200000 -1.769710 0.160629
 49.300000 -1.668425 0.037742
 49.400000 -1.527580 0.107977
 49.500000 -1.471795 0.299761
 49.600000 -1.590545 0.579332
 49.700000 -1.758458 0.909494
 49.800000 -1.885810 1.181334
 49.900000 -1.983459 1.302578
 50.000000 -1.991207 1.191638
 50.100000 -1.896044 0.932249
 50.200000 -1.748068 0.599867
 50.300000 -1.603835 0.337417
 50.400000 -1.537076 0.146972
 50.500000 -1.576382 0.059982
 50.600000 -1.626680 0.116225
 50.700000 -1.699966 0.326250
 50.800000 -1.771259 0.604020
 50.900000 -1.837752 0.928292
 51.000000 -1.851367 1.191898
 51.100000 -1.827872 1.288563
 51.200000 -1.785579 1.191059
 51.300000 -1.701540 0.936539
 51.400000 -1.611797 0.625324
 51.500000 -1.566562 0.380275
 51.600000 -1.618900 0.216901
 51.700000 -1.724231 0.191009
 51.800000 -1.809473 0.310755
 51.900000 -1.826300 0.491811
 52.000000 -1.806192 0.796132
 52.100000 -1.762923 1.070470
 52.200000 -1.674054 1.233323
 52.300000 -1.533075 1.221190
 52.400000 -1.424066 1.100528
 52.500000 -1.365416 0.957984
 52.600000 -1.434549 0.787656
 52.700000 -1.626711 0.593427
 52.800000 -1.835202 0.496390
 52.900000 -2.053071 0.542996
 53.000000 -2.243569 0.698195
 53.100000 -2.297111 0.863610
 53.200000 -2.205086 1.047664
 53.300000 -2.072526 1.074345
 53.400000 -1.917349 0.952811
 53.500000 -1.696104 0.766903
 53.600000 -1.454144 0.571089
 53.700000 -1.298038 0.529729
 53.800000 -1.250682 0.644589
 53.900000 -1.332766 0.800077
 54.000000 -1.553859 0.936976
 54.100000 -1.853899 1.011492
 54.200000 -2.106955 1.001214
 54.300000 -2.335267 0.878537
 54.400000 -2.442278 0.788472
 54.500000 -2.398927 0.710493
 54.600000 -2.212906 0.629902
 54.700000 -1.901775 0.556417
 54.800000 -1.569529 0.613248
 54.900000 -1.307510 0.772178
 55.000000 -1.169427 0.917563
 55.100000 -1.052331 1.035571
 55.200000 -0.995619 1.138469
 55.300000 -1.012966 1.233056
 55.400000 -1.092382 1.282095
 55.500000 -1.224053 1.254218
 55.600000 -1.423372 1.166291
 55.700000 -1.677436 1.021506
 55.800000 -1.973921 0.853029
 55.900000 -2.211960 0.612227
 56.000000 -2.309249 0.401827
 56.100000 -2.251946 0.377783
 56.200000 -2.040233 0.540289
 56.300000 -1.786940 0.835376
 56.400000 -1.528914 1.088072
 56.500000 -1.330506 1.292736
 56.600000 -1.180821 1.350578
 56.700000 -1.096075 1.270055
 56.800000 -1.068766 1.091666
 56.900000 -1.078637 0.907431
 57.000000 -1.115987 0.702348
 57.100000 -1.240528 0.531118
 57.200000 -1.482679 0.469375
 57.300000 -1.824718 0.557881
 57.400000 -2.138000 0.771585
 57.500000 -2.343196 1.001733
 57.600000 -2.362292 1.110617
 57.700000 -2.179087 0.967826
 57.800000 -1.924592 0.713685
 57.900000 -1.650389 0.467827
 58.000000 -1.434361 0.293178
 58.100000 -1.357606 0.186120
 58.200000 -1.302426 0.124954
 58.300000 -1.251529 0.090644
 58.400000 -1.236307 0.097249
 58.500000 -1.240756 0.167765
 58.600000 -1.264882 0.290901
 58.700000 -1.293186 0.469099
 58.800000 -1.393156 0.769091
 58.900000 -1.628953 1.032826
 59.000000 -1.902299 1.182554
 59.100000 -2.127690 1.187645
 59.200000 -2.296074 1.004315
 59.300000 -2.332117 0.707946
 59.400000 -2.237064 0.447869
 59.500000 -1.986960 0.386948
 59.600000 -1.664030 0.475341
 59.700000 -1.346554 0.658849
 59.800000 -1.163723 0.881080
 59.900000 -1.063964 1.088908
 60.000000 -1.019266 1.285845
 60.100000 -1.047482 1.426070
 60.200000 -1.123736 1.459963
 60.300000 -1.249883 1.335141
 60.400000 -1.439150 1.083883
 60.500000 -1.664116 0.784600
 60.600000 -1.913260 0.464882
 60.700000 -2.144649 0.317391
 60.800000 -2.253375 0.323192
 60.900000 -2.204516 0.491489
 61.000000 -1.978576 0.792396
 61.100000 -1.662841 1.041141
 61.200000 -1.384969 1.248430
 61.300000 -1.154404 1.353542
 61.400000 -0.994583 1.341523
 61.500000 -0.870140 1.259887
 61.600000 -0.771069 1.139600
 61.700000 -0.708516 1.027759
 61.800000 -0.683378 0.952135
 61.900000 -0.706851 0.899916
 62.000000 -0.791753 0.846098
 62.100000 -0.970571 0.766805
 62.200000 -1.245993 0.719750
 62.300000 -1.646317 0.712051
 62.400000 -2.070784 0.704268
 62.500000 -2.413944 0.633969
 62.600000 -2.553034 0.625736
 62.700000 -2.375276 0.747967
 62.800000 -2.033000 0.909871
 62.900000 -1.667694 1.065266
 63.000000 -1.301899 1.180316
 63.100000 -0.991881 1.231328
 63.200000 -0.728871 1.236721
 63.300000 -0.527657 1.203085
 63.400000 -0.408076 1.165714
 63.500000 -0.358210 1.142057
 63.600000 -0.362053 1.124649
 63.700000 -0.435131 1.132810
 63.800000 -0.572377 1.172034
 63.900000 -0.784334 1.217113
 64.000000 -1.023282 1.218091
 64.100000 -1.328706 1.176988
 64.200000 -1.703575 1.082327
 64.300000 -2.064859 0.905718
 64.400000 -2.398650 0.735087
 64.500000 -2.564198 0.598819
 64.600000 -2.382369 0.588635
 64.700000 -1.996064 0.656869
 64.800000 -1.559084 0.712708
 64.900000 -1.205430 0.776081
 65.000000 -0.964382 0.854399
 65.100000 -0.840405 0.961747
 65.200000 -0.813517 1.110183
 65.300000 -0.821081 1.270583
 65.400000 -0.863606 1.384592
 65.500000 -0.908318 1.421010
 65.600000 -0.962941 1.350279
 65.700000 -1.022538 1.232946
 65.800000 -1.129650 1.066005
 65.900000 -1.273531 0.890683
 66.000000 -1.534489 0.676556
 66.100000 -1.886105 0.507833
 66.200000 -2.226656 0.515988
 66.300000 -2.410983 0.706159
 66.400000 -2.406055 0.923821
 66.500000 -2.213716 1.084179
 66.600000 -1.956597 1.063628
 66.700000 -1.682922 0.907175
 66.800000 -1.422603 0.698596
 66.900000 -1.251012 0.509366
 67.000000 -1.191779 0.453967
 67.100000 -1.220935 0.545883
 67.200000 -1.360467 0.752210
 67.300000 -1.621480 0.947069
 67.400000 -1.918509 1.061217
 67.500000 -2.166083 1.041423
 67.600000 -2.385978 0.889223
 67.700000 -2.433033 0.718604
 67.800000 -2.313254 0.567134
 67.900000 -2.032050 0.513478
 68.000000 -1.709414 0.619205
 68.100000 -1.412525 0.836005
 68.200000 -1.224645 1.028727
 68.300000 -1.130614 1.199360
 68.400000 -1.113104 1.313736
 68.500000 -1.218185 1.338920
 68.600000 -1.387132 1.272564
 68.700000 -1.629479 1.087614
 68.800000 -1.919756 0.859245
 68.900000 -2.155170 0.574276
 69.000000 -2.240814 0.363309
 69.100000 -2.150957 0.318394
 69.200000 -1.917810 0.425140
 69.300000 -1.653233 0.666331
 69.400000 -1.414615 0.984183
 69.500000 -1.249571 1.242869
 69.600000 -1.166351 1.441857
 69.700000 -1.129990 1.472533
 69.800000 -1.128439 1.318263
 69.900000 -1.197744 1.097694
 70.000000 -1.367774 0.860205
 70.100000 -1.655186 0.602600
 70.200000 -1.973145 0.417468
 70.300000 -2.236326 0.394013
 70.400000 -2.352140 0.595370
 70.500000 -2.308790 0.895853
 70.600000 -2.144046 1.159525
 70.700000 -1.917732 1.249825
 70.800000 -1.634644 1.201268
 70.900000 -1.323944 1.031506
 71.000000 -1.084665 0.816867
 71.100000 -0.887479 0.606451
 71.200000 -0.779046 0.430816
 71.300000 -0.778274 0.319089
 71.400000 -0.890547 0.255569
 71.500000 -1.070985 0.244149
 71.600000 -1.331195 0.239674
 71.700000 -1.669940 0.293920
 71.800000 -2.053488 0.431103
 71.900000 -2.321008 0.717476
 72.000000 -2.426118 1.026387
 72.100000 -2.316630 1.200750
 72.200000 -2.016683 1.151927
 72.300000 -1.651297 0.935975
 72.400000 -1.329847 0.644508
 72.500000 -1.118941 0.394921
 72.600000 -0.976928 0.227383
 72.700000 -0.893678 0.099135
 72.800000 -0.918801 0.027097
 72.900000 -1.039436 0.013416
 73.000000 -1.243967 0.076498
 73.100000 -1.501111 0.170904
 73.200000 -1.849705 0.325627
 73.300000 -2.143135 0.573486
 73.400000 -2.308181 0.922733
 73.500000 -2.301690 1.204299
 73.600000 -2.104507 1.225630
 73.700000 -1.828437 1.057396
 73.800000 -1.508857 0.761197
 73.900000 -1.261610 0.458850
 74.000000 -1.097023 0.261931
 74.100000 -0.974395 0.075659
 74.200000 -0.912308 -0.072586
 74.300000 -0.928310 -0.152868
 74.400000 -1.010214 -0.171120
 74.500000 -1.159459 -0.130009
 74.600000 -1.359527 -0.034405
 74.700000 -1.614732 0.121608
 74.800000 -1.888792 0.387562
 74.900000 -2.137468 0.742122
 75.000000 -2.296896 1.090287
 75.100000 -2.263481 1.262308
 75.200000 -2.047387 1.195012
 75.300000 -1.764479 0.976402
 75.400000 -1.473905 0.676093
 75.500000 -1.261252 0.430555
 75.600000 -1.167238 0.296433
 75.700000 -1.181393 0.184120
 75.800000 -1.268620 0.103540
 75.900000 -1.406932 0.062030
 76.000000 -1.624759 0.063120
 76.100000 -1.860434 0.216142
 76.200000 -2.062972 0.513956
 76.300000 -2.212777 0.901284
 76.400000 -2.266319 1.197271
 76.500000 -2.126304 1.255595
 76.600000 -1.877023 1.118776
 76.700000 -1.565971 0.842412
 76.800000 -1.319528 0.519375
 76.900000 -1.174856 0.301195
 77.000000 -1.145350 0.120524
 77.100000 -1.169197 -0.050618
 77.200000 -1.241371 -0.184099
 77.300000 -1.333623 -0.225902
 77.400000 -1.439858 -0.153725
 77.500000 -1.561305 0.040435
 77.600000 -1.697464 0.371242
 77.700000 -1.833162 0.794188
 77.800000 -1.937196 1.195722
 77.900000 -1.976360 1.427885
 78.000000 -1.922898 1.328874
 78.100000 -1.796297 0.981501
 78.200000 -1.626900 0.545830
 78.300000 -1.512128 0.170180
 78.400000 -1.503488 -0.114358
 78.500000 -1.486277 -0.265037
 78.600000 -1.448408 -0.266917
 78.700000 -1.405901 -0.147501
 78.800000 -1.395939 0.075392
 78.900000 -1.499168 0.333651
 79.000000 -1.759867 0.641219
 79.100000 -2.027499 0.978544
 79.200000 -2.272398 1.201460
 79.300000 -2.359387 1.208014
 79.400000 -2.241357 0.987029
 79.500000 -1.994188 0.628484
 79.600000 -1.722344 0.306241
 79.700000 -1.449198 0.072102
 79.800000 -1.251108 -0.090814
 79.900000 -1.107790 -0.212124
 80.000000 -1.017200 -0.266229
 80.100000 -0.981314 -0.287209
 80.200000 -0.972617 -0.259951
 80.300000 -1.004616 -0.159664
 80.400000 -1.095925 0.025744
 80.500000 -1.254585 0.249285
 80.600000 -1.493490 0.552264
 80.700000 -1.817241 0.938916
 80.800000 -2.118078 1.263658
 80.900000 -2.329991 1.341872
 81.000000 -2.313702 1.099195
 81.100000 -2.102880 0.686948
 81.200000 -1.839182 0.301364
 81.300000 -1.550540 0.033540
 81.400000 -1.252218 -0.116400
 81.500000 -1.012522 -0.174019
 81.600000 -0.826210 -0.123995
 81.700000 -0.697857 -0.025652
 81.800000 -0.657290 0.094847
 81.900000 -0.705896 0.215863
 82.000000 -0.868602 0.375175
 82.100000 -1.144717 0.634465
 82.200000 -1.538977 0.925004
 82.300000 -1.981994 1.147340
 82.400000 -2.353904 1.195713
 82.500000 -2.550878 1.033333
 82.600000 -2.482388 0.723061
 82.700000 -2.194751 0.459070
 82.800000 -1.775903 0.407293
 82.900000 -1.340777 0.447696
 83.000000 -1.050076 0.608351
 83.100000 -0.846446 0.805087
 83.200000 -0.726590 1.000649
 83.300000 -0.677745 1.226213
 83.400000 -0.698752 1.429263
 83.500000 -0.767791 1.543923
 83.600000 -0.832891 1.508470
 83.700000 -0.897689 1.299981
 83.800000 -0.954752 1.022116
 83.900000 -1.062158 0.756339
 84.000000 -1.271509 0.548171
 84.100000 -1.612073 0.451065
 84.200000 -1.980735 0.421607
 84.300000 -2.258429 0.554207
 84.400000 -2.350961 0.817770
 84.500000 -2.287606 1.044539
 84.600000 -2.034297 1.063585
 84.700000 -1.704147 0.926811
 84.800000 -1.391288 0.708768
 84.900000 -1.186204 0.505722
 85.000000 -1.068769 0.412794
 85.100000 -0.976531 0.397981
 85.200000 -0.907622 0.462301
 85.300000 -0.900961 0.625598
 85.400000 -0.959639 0.838788
 85.500000 -1.086325 1.057394
 85.600000 -1.269351 1.225734
 85.700000 -1.527598 1.328605
 85.800000 -1.770848 1.244277
 85.900000 -1.922357 0.962025
 86.000000 -2.003104 0.599070
 86.100000 -2.049272 0.305157
 86.200000 -2.003509 0.171966
 86.300000 -1.837150 0.229035
 86.400000 -1.581587 0.408591
 86.500000 -1.374989 0.687151
 86.600000 -1.297115 0.980452
 86.700000 -1.371023 1.234472
 86.800000 -1.547009 1.364757
 86.900000 -1.705998 1.249862
 87.000000 -1.783450 0.955439
 87.100000 -1.827693 0.590285
 87.200000 -1.874674 0.287758
 87.300000 -1.833118 0.093204
 87.400000 -1.735499 0.120480
 87.500000 -1.647130 0.358037
 87.600000 -1.582035 0.678785
 87.700000 -1.553160 1.015213
 87.800000 -1.565093 1.290508
 87.900000 -1.574982 1.389111
 88.000000 -1.569566 1.250548
 88.100000 -1.567090 0.967242
 88.200000 -1.622950 0.644586
 88.300000 -1.682881 0.355985
 88.400000 -1.733481 0.137264
 88.500000 -1.782525 0.108953
 88.600000 -1.805940 0.297122
 88.700000 -1.762188 0.557823
 88.800000 -1.712869 0.877189
 88.900000 -1.641514 1.160656
 89.000000 -1.572017 1.307637
 89.100000 -1.491637 1.280007
 89.200000 -1.386849 1.107075
 89.300000 -1.369667 0.888528
 89.400000 -1.502834 0.651941
 89.500000 -1.701015 0.422640
 89.600000 -1.860860 0.219842
 89.700000 -1.942089 0.139538
 89.800000 -1.918327 0.242623
 89.900000 -1.798187 0.436069
 90.000000 -1.627068 0.654552
 90.100000 -1.477931 0.932538
 90.200000 -1.373591 1.156031
 90.300000 -1.314377 1.319955
 90.400000 -1.297756 1.363699
 90.500000 -1.331647 1.257088
 90.600000 -1.448791 1.063454
 90.700000 -1.598922 0.819862
 90.800000 -1.796403 0.566498
 90.900000 -2.016493 0.417004
 91.000000 -2.174013 0.427590
 91.100000 -2.137156 0.665684
 91.200000 -2.009159 0.931702
 91.300000 -1.848266 1.134111
 91.400000 -1.625268 1.168854
 91.500000 -1.415133 1.079358
 91.600000 -1.262738 0.955481
 91.700000 -1.235139 0.819842
 91.800000 -1.332144 0.644409
 91.900000 -1.585507 0.515364
 92.000000 -1.877757 0.400849
 92.100000 -2.120115 0.340540
 92.200000 -2.221245 0.425456
 92.300000 -2.164971 0.735791
 92.400000 -2.041630 1.075407
 92.500000 -1.928818 1.290234
 92.600000 -1.777857 1.349736
 92.700000 -1.571648 1.226769
 92.800000 -1.363542 0.968840
 92.900000 -1.240795 0.670432
 93.000000 -1.277026 0.400582
 93.100000 -1.388353 0.197552
 93.200000 -1.587825 0.037240
 93.300000 -1.794581 -0.004537
 93.400000 -1.959843 0.130576
 93.500000 -2.023003 0.425466
 93.600000 -2.020044 0.822990
 93.700000 -1.985592 1.160445
 93.800000 -1.920013 1.323824
 93.900000 -1.802704 1.297221
 94.000000 -1.623779 1.064289
 94.100000 -1.486798 0.715919
 94.200000 -1.423457 0.376934
 94.300000 -1.535717 0.153839
 94.400000 -1.746526 0.060051
 94.500000 -1.926976 0.184164
 94.600000 -2.009004 0.461622
 94.700000 -2.041042 0.839245
 94.800000 -2.044441 1.162640
 94.900000 -2.016299 1.331512
 95.000000 -1.948062 1.270981
 95.100000 -1.828448 1.009503
 95.200000 -1.676119 0.655020
 95.300000 -1.524611 0.326314
 95.400000 -1.514486 0.075743
 95.500000 -1.561650 -0.077656
 95.600000 -1.568765 -0.120371
 95.700000 -1.557060 -0.041280
 95.800000 -1.536597 0.130781
 95.900000 -1.630242 0.410782
 96.000000 -1.809595 0.734264
 96.100000 -2.003643 1.059537
 96.200000 -2.176818 1.250792
 96.300000 -2.247023 1.220940
 96.400000 -2.151267 0.981427
 96.500000 -2.006698 0.630298
 96.600000 -1.834237 0.337087
 96.700000 -1.603771 0.137260
 96.800000 -1.406505 0.070657
 96.900000 -1.297954 0.020493
 97.000000 -1.280032 -0.046057
 97.100000 -1.357437 -0.090323
 97.200000 -1.535897 -0.058289
 97.300000 -1.707480 0.074105
 97.400000 -1.872617 0.343270
 97.500000 -2.009555 0.729552
 97.600000 -2.140416 1.131526
 97.700000 -2.216943 1.363992
 97.800000 -2.111902 1.262442
 97.900000 -1.952178 0.924326
 98.000000 -1.780241 0.529848
 98.100000 -1.595538 0.168046
 98.200000 -1.428429 -0.084701
 98.300000 -1.315133 -0.250224
 98.400000 -1.235728 -0.336526
 98.500000 -1.176585 -0.349233
 98.600000 -1.156905 -0.279978
 98.700000 -1.223288 -0.127091
 98.800000 -1.375928 0.085393
 98.900000 -1.665568 0.340250
 99.000000 -2.004269 0.666099
 99.100000 -2.308022 1.034657
 99.200000 -2.465948 1.244502
 99.300000 -2.417317 1.174428
 99.400000 -2.178558 0.862966
 99.500000 -1.844444 0.511906
 99.600000 -1.487725 0.201351
 99.700000 -1.233340 -0.050943
 99.800000 -1.053865 -0.266636
 99.900000 -0.938452 -0.420693
 100.000000 -0.854194 -0.557275
 100.100000 -0.786108 -0.670344
 100.200000 -0.700147 -0.815998
 100.300000 -0.613385 -1.001556
 100.400000 -0.509769 -1.226542
 100.500000 -0.351716 -1.476517
 100.600000 -0.168518 -1.718204
 100.700000 0.005186 -1.908220
 100.800000 0.126859 -1.959790
 100.900000 0.180931 -1.822682
 101.000000 0.189227 -1.576641
 101.100000 0.189964 -1.285987
 101.200000 0.192523 -1.008288
 101.300000 0.224244 -0.787983
 101.400000 0.308705 -0.632106
 101.500000 0.436377 -0.545585
 101.600000 0.618383 -0.543496
 101.700000 0.887054 -0.613136
 101.800000 1.256417 -0.757656
 101.900000 1.728229 -0.929410
 102.000000 2.191195 -1.062504
 102.100000 2.495672 -1.043079
 102.200000 2.482506 -0.862575
 102.300000 2.135853 -0.661138
 102.400000 1.652986 -0.526003
 102.500000 1.191382 -0.490226
 102.600000 0.816032 -0.570306
 102.700000 0.548686 -0.731718
 102.800000 0.360146 -0.951859
 102.900000 0.229402 -1.249093
 103.000000 0.121359 -1.565440
 103.100000 -0.014937 -1.843407
 103.200000 -0.186987 -2.020135
 103.300000 -0.370835 -2.019297
 103.400000 -0.509801 -1.854342
 103.500000 -0.567637 -1.610562
 103.600000 -0.530432 -1.335914
 103.700000 -0.433969 -1.070566
 103.800000 -0.315542 -0.858489
 103.900000 -0.178795 -0.703172
 104.000000 -0.023999 -0.599932
 104.100000 0.166585 -0.544227
 104.200000 0.394851 -0.548322
 104.300000 0.674145 -0.634835
 104.400000 1.032955 -0.784600
 104.500000 1.475323 -0.962883
 104.600000 1.948294 -1.091266
 104.700000 2.337379 -1.101006
 104.800000 2.514751 -0.948488
 104.900000 2.384983 -0.714523
 105.000000 1.995663 -0.542153
 105.100000 1.504509 -0.485944
 105.200000 1.075527 -0.534228
 105.300000 0.763513 -0.671237
 105.400000 0.549838 -0.890514
 105.500000 0.397560 -1.173718
 105.600000 0.297986 -1.471341
 105.700000 0.256710 -1.730712
 105.800000 0.207091 -1.907095
 105.900000 0.084749 -1.900871
 106.000000 -0.085553 -1.742874
 106.100000 -0.265844 -1.504002
 106.200000 -0.442038 -1.271767
 106.300000 -0.577226 -1.066557
 106.400000 -0.677302 -0.893783
 106.500000 -0.751053 -0.745485
 106.600000 -0.819487 -0.615958
 106.700000 -0.891215 -0.509399
 106.800000 -0.986585 -0.343579
 106.900000 -1.137345 -0.153559
 107.000000 -1.345510 0.093249
 107.100000 -1.680787 0.396223
 107.200000 -2.055516 0.755842
 107.300000 -2.385693 1.098957
 107.400000 -2.542863 1.234962
 107.500000 -2.391094 1.055637
 107.600000 -2.049990 0.701981
 107.700000 -1.665351 0.392811
 107.800000 -1.302379 0.150920
 107.900000 -0.998870 -0.024739
 108.000000 -0.747707 -0.164216
 108.100000 -0.553558 -0.295329
 108.200000 -0.406864 -0.457261
 108.300000 -0.290726 -0.652104
 108.400000 -0.171166 -0.890289
 108.500000 -0.040464 -1.202864
 108.600000 0.114364 -1.559231
 108.700000 0.249839 -1.887986
 108.800000 0.327366 -2.036464
 108.900000 0.300271 -1.921762
 109.000000 0.174036 -1.620352
 109.100000 0.009977 -1.266251
 109.200000 -0.151538 -0.915622
 109.300000 -0.304522 -0.635706
 109.400000 -0.451318 -0.410031
 109.500000 -0.623624 -0.196292
 109.600000 -0.824151 0.035613
 109.700000 -1.095255 0.321724
 109.800000 -1.415615 0.664642
 109.900000 -1.818884 1.055687
 110.000000 -2.214539 1.296601
 110.100000 -2.474435 1.259133
 110.200000 -2.487544 0.911163
 110.300000 -2.300640 0.488094
 110.400000 -1.945385 0.248904
 110.500000 -1.504945 0.153590
 110.600000 -1.163193 0.167361
 110.700000 -0.862176 0.224653
 110.800000 -0.624578 0.295703
 110.900000 -0.434957 0.411829
 111.000000 -0.324728 0.577061
 111.100000 -0.271092 0.800452
 111.200000 -0.271282 1.101706
 111.300000 -0.335667 1.430952
 111.400000 -0.425008 1.719191
 111.500000 -0.495942 1.860597
 111.600000 -0.519848 1.753980
 111.700000 -0.522221 1.463110
 111.800000 -0.546388 1.085915
 111.900000 -0.626702 0.694515
 112.000000 -0.785643 0.349321
 112.100000 -1.028520 0.047236
 112.200000 -1.310193 -0.219071
 112.300000 -1.607853 -0.397121
 112.400000 -1.792217 -0.394859
 112.500000 -1.793465 -0.177231
 112.600000 -1.702161 0.244003
 112.700000 -1.578078 0.773579
 112.800000 -1.454081 1.303131
 112.900000 -1.290957 1.670206
 113.000000 -1.077757 1.685531
 113.100000 -0.799080 1.379007
 113.200000 -0.536573 0.965400
 113.300000 -0.363739 0.598415
 113.400000 -0.294392 0.283598
 113.500000 -0.300673 -0.019122
 113.600000 -0.356073 -0.321506
 113.700000 -0.438033 -0.639684
 113.800000 -0.515024 -0.993609
 113.900000 -0.563616 -1.393532
 114.000000 -0.550651 -1.812732
 114.100000 -0.456848 -2.146263
 114.200000 -0.302856 -2.264072
 114.300000 -0.142243 -2.081629
 114.400000 -0.020719 -1.685519
 114.500000 0.071323 -1.225014
 114.600000 0.176858 -0.803813
 114.700000 0.326937 -0.456167
 114.800000 0.543690 -0.172666
 114.900000 0.813127 0.056550
 115.000000 1.121766 0.223064
 115.100000 1.466221 0.279899
 115.200000 1.756549 0.180537
 115.300000 1.906299 -0.137405
 115.400000 1.949152 -0.648672
 115.500000 1.934419 -1.203884
 115.600000 1.824318 -1.526460
 115.700000 1.590031 -1.446062
 115.800000 1.320015 -1.057105
 115.900000 1.111003 -0.593964
 116.000000 0.998309 -0.196879
 116.100000 0.974399 0.121894
 116.200000 1.013217 0.353336
 116.300000 1.046937 0.533151
 116.400000 1.081681 0.641773
 116.500000 1.071226 0.682314
 116.600000 1.000460 0.670209
 116.700000 0.884569 0.603122
 116.800000 0.770950 0.508639
 116.900000 0.664073 0.393453
 117.000000 0.578064 0.255498
 117.100000 0.530007 0.103563
 117.200000 0.510493 -0.122336
 117.300000 0.548547 -0.408801
 117.400000 0.670698 -0.772151
 117.500000 0.857553 -1.197984
 117.600000 1.098076 -1.569611
 117.700000 1.301885 -1.704471
 117.800000 1.415364 -1.482374
 117.900000 1.503170 -0.999525
 118.000000 1.613624 -0.480648
 118.100000 1.743986 -0.055942
 118.200000 1.791385 0.184991
 118.300000 1.688627 0.186519
 118.400000 1.492443 -0.014568
 118.500000 1.285787 -0.356450
 118.600000 1.155285 -0.787917
 118.700000 1.104872 -1.238439
 118.800000 1.077385 -1.590299
 118.900000 1.018627 -1.711989
 119.000000 0.888522 -1.544008
 119.100000 0.733076 -1.211611
 119.200000 0.610108 -0.861144
 119.300000 0.574894 -0.575273
 119.400000 0.622192 -0.357971
 119.500000 0.731822 -0.209400
 119.600000 0.901429 -0.135919
 119.700000 1.141926 -0.118618
 119.800000 1.480058 -0.197071
 119.900000 1.861175 -0.392271
 120.000000 2.184894 -0.708094
 120.100000 2.377411 -1.064469
 120.200000 2.359031 -1.242814
 120.300000 2.092898 -1.137506
 120.400000 1.691285 -0.851668
 120.500000 1.311106 -0.560393
 120.600000 1.010851 -0.359664
 120.700000 0.782832 -0.256102
 120.800000 0.615771 -0.234677
 120.900000 0.527258 -0.291286
 121.000000 0.510257 -0.422087
 121.100000 0.550819 -0.650287
 121.200000 0.672324 -0.970975
 121.300000 0.854103 -1.318968
 121.400000 1.062988 -1.567824
 121.500000 1.271503 -1.575453
 121.600000 1.437897 -1.317471
 121.700000 1.611012 -0.880773
 121.800000 1.809886 -0.435031
 121.900000 1.979635 -0.122029
 122.000000 2.015111 -0.052202
 122.100000 1.871058 -0.234713
 122.200000 1.654934 -0.605027
 122.300000 1.479035 -1.054135
 122.400000 1.329664 -1.438061
 122.500000 1.174141 -1.607911
 122.600000 0.993838 -1.508071
 122.700000 0.824322 -1.215532
 122.800000 0.695590 -0.868015
 122.900000 0.652742 -0.577184
 123.000000 0.695476 -0.375360
 123.100000 0.848509 -0.252600
 123.200000 1.088750 -0.231682
 123.300000 1.435683 -0.318938
 123.400000 1.840702 -0.508022
 123.500000 2.194592 -0.796629
 123.600000 2.391446 -1.105800
 123.700000 2.324632 -1.215597
 123.800000 2.011294 -1.075570
 123.900000 1.605336 -0.803220
 124.000000 1.229522 -0.559854
 124.100000 0.940950 -0.401724
 124.200000 0.759487 -0.344014
 124.300000 0.699329 -0.350368
 124.400000 0.746174 -0.400956
 124.500000 0.918028 -0.544035
 124.600000 1.207976 -0.770677
 124.700000 1.563359 -1.027312
 124.800000 1.925300 -1.195635
 124.900000 2.212010 -1.182840
 125.000000 2.346078 -0.959760
 125.100000 2.299880 -0.644353
 125.200000 2.071174 -0.407442
 125.300000 1.721000 -0.322354
 125.400000 1.360949 -0.362352
 125.500000 1.073280 -0.480902
 125.600000 0.874045 -0.653476
 125.700000 0.764437 -0.883259
 125.800000 0.757060 -1.157657
 125.900000 0.814011 -1.424011
 126.000000 0.855080 -1.564575
 126.100000 0.836151 -1.556170
 126.200000 0.744854 -1.403309
 126.300000 0.641302 -1.136626
 126.400000 0.596372 -0.870069
 126.500000 0.643008 -0.637941
 126.600000 0.777352 -0.515038
 126.700000 1.027037 -0.502479
 126.800000 1.370501 -0.590671
 126.900000 1.784365 -0.748041
 127.000000 2.194649 -0.927112
 127.100000 2.459927 -1.039648
 127.200000 2.461984 -1.033445
 127.300000 2.204643 -0.894630
 127.400000 1.776285 -0.695498
 127.500000 1.328079 -0.546902
 127.600000 0.977566 -0.465319
 127.700000 0.714522 -0.464927
 127.800000 0.538748 -0.578111
 127.900000 0.434197 -0.812569
 128.000000 0.403729 -1.120048
 128.100000 0.418402 -1.474795
 128.200000 0.423818 -1.772712
 128.300000 0.399349 -1.896540
 128.400000 0.293579 -1.806936
 128.500000 0.167171 -1.606191
 128.600000 0.032886 -1.373186
 128.700000 -0.102807 -1.130316
 128.800000 -0.197486 -0.960442
 128.900000 -0.255579 -0.868387
 129.000000 -0.285978 -0.842803
 129.100000 -0.303658 -0.876021
 129.200000 -0.325592 -0.987226
 129.300000 -0.320265 -1.165386
 129.400000 -0.272534 -1.391638
 129.500000 -0.204773 -1.622577
 129.600000 -0.148087 -1.822712
 129.700000 -0.123930 -1.959809
 129.800000 -0.136312 -1.966395
 129.900000 -0.177186 -1.820209
 130.000000 -0.250872 -1.612612
 130.100000 -0.327920 -1.364721
 130.200000 -0.384273 -1.143156
 130.300000 -0.410011 -0.965453
 130.400000 -0.427269 -0.865212
 130.500000 -0.458992 -0.814211
 130.600000 -0.509161 -0.820950
 130.700000 -0.572403 -0.869835
 130.800000 -0.637432 -0.954368
 130.900000 -0.677448 -1.098160
 131.000000 -0.678948 -1.264129
 131.100000 -0.624544 -1.465576
 131.200000 -0.510076 -1.689829
 131.300000 -0.309216 -1.845966
 131.400000 -0.077325 -1.913288
 131.500000 0.133709 -1.872342
 131.600000 0.318041 -1.717256
 131.700000 0.500148 -1.464642
 131.800000 0.701486 -1.169604
 131.900000 0.940247 -0.879575
 132.000000 1.272063 -0.648863
 132.100000 1.700091 -0.506078
 132.200000 2.130213 -0.478748
 132.300000 2.417974 -0.572128
 132.400000 2.435461 -0.805096
 132.500000 2.215976 -1.023309
 132.600000 1.811320 -1.129925
 132.700000 1.367086 -1.090253
 132.800000 0.987447 -0.973382
 132.900000 0.678618 -0.863860
 133.000000 0.453532 -0.821110
 133.100000 0.273875 -0.840018
 133.200000 0.118386 -0.927177
 133.300000 0.012763 -1.071741
 133.400000 -0.040185 -1.292030
 133.500000 -0.045432 -1.539263
 133.600000 -0.058636 -1.740067
 133.700000 -0.080269 -1.869881
 133.800000 -0.109097 -1.921330
 133.900000 -0.159622 -1.865450
 134.000000 -0.202923 -1.731592
 134.100000 -0.253736 -1.560495
 134.200000 -0.279322 -1.330946
 134.300000 -0.274459 -1.100486
 134.400000 -0.264625 -0.930872
 134.500000 -0.237320 -0.868787
 134.600000 -0.164084 -0.897666
 134.700000 -0.040480 -0.992020
 134.800000 0.115587 -1.141594
 134.900000 0.281239 -1.369479
 135.000000 0.463670 -1.585576
 135.100000 0.645916 -1.717690
 135.200000 0.772927 -1.693660
 135.300000 0.791790 -1.514322
 135.400000 0.751829 -1.210307
 135.500000 0.751250 -0.898421
 135.600000 0.826522 -0.634846
 135.700000 0.978567 -0.453785
 135.800000 1.216720 -0.365949
 135.900000 1.549127 -0.372906
 136.000000 1.906386 -0.458921
 136.100000 2.214178 -0.650469
 136.200000 2.381447 -0.901875
 136.300000 2.339117 -1.082817
 136.400000 2.111329 -1.137340
 136.500000 1.740849 -1.051072
 136.600000 1.381550 -0.865074
 136.700000 1.089767 -0.699246
 136.800000 0.872544 -0.610458
 136.900000 0.744997 -0.591859
 137.000000 0.698809 -0.655674
 137.100000 0.763770 -0.808345
 137.200000 0.930043 -1.038021
 137.300000 1.177141 -1.279963
 137.400000 1.462020 -1.404861
 137.500000 1.736855 -1.308807
 137.600000 1.972265 -0.991600
 137.700000 2.119828 -0.589907
 137.800000 2.133011 -0.283648
 137.900000 1.973635 -0.194154
 138.000000 1.685329 -0.352929
 138.100000 1.392961 -0.627117
 138.200000 1.187799 -0.984710
 138.300000 1.068423 -1.338931
 138.400000 0.999195 -1.571472
 138.500000 0.981619 -1.614061
 138.600000 1.017747 -1.450102
 138.700000 1.117907 -1.116743
 138.800000 1.267711 -0.745900
 138.900000 1.508755 -0.458250
 139.000000 1.773683 -0.270290
 139.100000 2.005344 -0.196590
 139.200000 2.113532 -0.348502
 139.300000 2.092001 -0.679244
 139.400000 1.931433 -1.080831
 139.500000 1.680035 -1.353424
 139.600000 1.376534 -1.383790
 139.700000 1.082615 -1.204274
 139.800000 0.852244 -0.962605
 139.900000 0.685568 -0.775418
 140.000000 0.593867 -0.682529
 140.100000 0.553862 -0.691954
 140.200000 0.559295 -0.794416
 140.300000 0.629483 -0.995469
 140.400000 0.766811 -1.237923
 140.500000 0.922870 -1.427919
 140.600000 1.101107 -1.436632
 140.700000 1.311546 -1.277946
 140.800000 1.553410 -0.986259
 140.900000 1.834872 -0.649458
 141.000000 2.079617 -0.413806
 141.100000 2.231161 -0.339132
 141.200000 2.189171 -0.493309
 141.300000 2.024580 -0.814724
 141.400000 1.753002 -1.135815
 141.500000 1.466353 -1.318564
 141.600000 1.192965 -1.316759
 141.700000 0.957843 -1.196375
 141.800000 0.778737 -1.045304
 141.900000 0.656628 -0.921720
 142.000000 0.613374 -0.895482
 142.100000 0.681184 -0.978408
 142.200000 0.841274 -1.125546
 142.300000 1.049071 -1.231431
 142.400000 1.305633 -1.247301
 142.500000 1.587682 -1.139119
 142.600000 1.881639 -0.908138
 142.700000 2.138894 -0.654693
 142.800000 2.270472 -0.466921
 142.900000 2.196345 -0.439892
 143.000000 1.995469 -0.594177
 143.100000 1.730114 -0.892198
 143.200000 1.480497 -1.170812
 143.300000 1.257316 -1.342270
 143.400000 1.059197 -1.367835
 143.500000 0.890392 -1.256330
 143.600000 0.766731 -1.078619
 143.700000 0.732099 -0.911636
 143.800000 0.818084 -0.802149
 143.900000 1.023816 -0.761401
 144.000000 1.335426 -0.775707
 144.100000 1.752566 -0.866847
 144.200000 2.188758 -0.956079
 144.300000 2.467485 -0.959965
 144.400000 2.490892 -0.867832
 144.500000 2.219187 -0.732520
 144.600000 1.789447 -0.636341
 144.700000 1.329183 -0.652235
 144.800000 0.975271 -0.746556
 144.900000 0.718173 -0.906706
 145.000000 0.572247 -1.155132
 145.100000 0.486662 -1.469404
 145.200000 0.422789 -1.712708
 145.300000 0.305336 -1.834971
 145.400000 0.141707 -1.789249
 145.500000 -0.031143 -1.656176
 145.600000 -0.194593 -1.464951
 145.700000 -0.315723 -1.240645
 145.800000 -0.413313 -1.056954
 145.900000 -0.508445 -0.951364
 146.000000 -0.609895 -0.907577
 146.100000 -0.713524 -0.884963
 146.200000 -0.810816 -0.879057
 146.300000 -0.908798 -0.865879
 146.400000 -0.972569 -0.845764
 146.500000 -0.984989 -0.795915
 146.600000 -0.959137 -0.722446
 146.700000 -0.906682 -0.652584
 146.800000 -0.865857 -0.599442
 146.900000 -0.841968 -0.591620
 147.000000 -0.807060 -0.613633
 147.100000 -0.737523 -0.671807
 147.200000 -0.620875 -0.785872
 147.300000 -0.492563 -0.902350
 147.400000 -0.327027 -1.078728
 147.500000 -0.131122 -1.315898
 147.600000 0.060112 -1.577131
 147.700000 0.191632 -1.812006
 147.800000 0.272317 -1.949405
 147.900000 0.269505 -1.885078
 148.000000 0.195881 -1.672380
 148.100000 0.120721 -1.409436
 148.200000 0.049420 -1.098492
 148.300000 -0.003939 -0.863279
 148.400000 -0.020259 -0.708608
 148.500000 -0.009429 -0.662249
 148.600000 0.038140 -0.738710
 148.700000 0.136859 -0.921165
 148.800000 0.263065 -1.171791
 148.900000 0.398715 -1.472548
 149.000000 0.542976 -1.716236
 149.100000 0.673677 -1.819755
 149.200000 0.764026 -1.699750
 149.300000 0.767048 -1.410807
 149.400000 0.754464 -1.030971
 149.500000 0.827627 -0.673340
 149.600000 1.025386 -0.364509
 149.700000 1.331770 -0.148131
 149.800000 1.694959 -0.059682
 149.900000 1.982963 -0.129206
 150.000000 2.123459 -0.421918
 150.100000 2.143773 -0.878177
 150.200000 1.977994 -1.279936
 150.300000 1.666940 -1.415803
 150.400000 1.286803 -1.258022
 150.500000 0.936616 -0.975215
 150.600000 0.672733 -0.705344
 150.700000 0.514013 -0.513011
 150.800000 0.389924 -0.382446
 150.900000 0.292295 -0.318562
 151.000000 0.239317 -0.314089
 151.100000 0.210609 -0.354305
 151.200000 0.193190 -0.479999
 151.300000 0.198670 -0.694651
 151.400000 0.256135 -0.996700
 151.500000 0.311318 -1.341502
 151.600000 0.365265 -1.657217
 151.700000 0.405586 -1.875452
 151.800000 0.373578 -1.911679
 151.900000 0.251364 -1.749163
 152.000000 0.086676 -1.537580
 152.100000 -0.159724 -1.274810
 152.200000 -0.397720 -1.067937
 152.300000 -0.589539 -0.926808
 152.400000 -0.765690 -0.863116
 152.500000 -0.950727 -0.816232
 152.600000 -1.096441 -0.748965
 152.700000 -1.195486 -0.634153
 152.800000 -1.241187 -0.448488
 152.900000 -1.288346 -0.191296
 153.000000 -1.384376 0.124482
 153.100000 -1.631362 0.477097
 153.200000 -1.961481 0.862419
 153.300000 -2.273974 1.181511
 153.400000 -2.434475 1.280984
 153.500000 -2.368955 1.104357
 153.600000 -2.108891 0.731517
 153.700000 -1.803871 0.365093
 153.800000 -1.492656 0.088860
 153.900000 -1.280417 -0.126814
 154.000000 -1.118928 -0.306610
 154.100000 -0.998305 -0.460148
 154.200000 -0.921972 -0.585785
 154.300000 -0.926342 -0.693697
 154.400000 -0.963388 -0.831967
 154.500000 -0.974799 -0.952942
 154.600000 -0.932581 -1.048394
 154.700000 -0.832331 -1.173881
 154.800000 -0.670497 -1.324042
 154.900000 -0.433222 -1.522593
 155.000000 -0.157057 -1.696249
 155.100000 0.150915 -1.815880
 155.200000 0.445508 -1.855121
 155.300000 0.667763 -1.705155
 155.400000 0.838773 -1.407145
 155.500000 0.969096 -0.992577
 155.600000 1.150213 -0.588576
 155.700000 1.398511 -0.230580
 155.800000 1.687681 0.009132
 155.900000 1.905334 0.050909
 156.000000 1.944717 -0.125710
 156.100000 1.852991 -0.529497
 156.200000 1.699034 -1.067657
 156.300000 1.546587 -1.495920
 156.400000 1.333093 -1.599431
 156.500000 1.069513 -1.382194
 156.600000 0.839668 -1.020115
 156.700000 0.698117 -0.681957
 156.800000 0.672032 -0.421820
 156.900000 0.751412 -0.224061
 157.000000 0.909923 -0.070704
 157.100000 1.134599 0.025524
 157.200000 1.410525 0.019620
 157.300000 1.689812 -0.126794
 157.400000 1.917643 -0.418793
 157.500000 2.043952 -0.847651
 157.600000 2.031716 -1.285026
 157.700000 1.873337 -1.455445
 157.800000 1.607016 -1.249436
 157.900000 1.323327 -0.886785
 158.000000 1.086038 -0.588429
 158.100000 0.880155 -0.386287
 158.200000 0.765810 -0.274760
 158.300000 0.756912 -0.215563
 158.400000 0.827493 -0.206504
 158.500000 0.947012 -0.295276
 158.600000 1.152245 -0.487035
 158.700000 1.454869 -0.699381
 158.800000 1.876162 -0.966914
 158.900000 2.241715 -1.183256
 159.000000 2.418551 -1.200228
 159.100000 2.321971 -0.949275
 159.200000 2.053249 -0.595135
 159.300000 1.697439 -0.364713
 159.400000 1.322955 -0.268928
 159.500000 0.995555 -0.287900
 159.600000 0.776183 -0.437972
 159.700000 0.689392 -0.685359
 159.800000 0.718986 -1.004729
 159.900000 0.850825 -1.360847
 160.000000 1.037194 -1.575954
 160.100000 1.250429 -1.573156
 160.200000 1.456152 -1.325807
 160.300000 1.652087 -0.915092
 160.400000 1.867881 -0.472655
 160.500000 1.998577 -0.165168
 160.600000 2.008803 -0.123213
 160.700000 1.888536 -0.352090
 160.800000 1.698410 -0.730883
 160.900000 1.536997 -1.141118
 161.000000 1.392500 -1.433208
 161.100000 1.227956 -1.521968
 161.200000 1.061679 -1.380485
 161.300000 0.911680 -1.082655
 161.400000 0.834741 -0.786113
 161.500000 0.865775 -0.544356
 161.600000 0.996754 -0.366083
 161.700000 1.226924 -0.297963
 161.800000 1.530220 -0.329561
 161.900000 1.841159 -0.463448
 162.000000 2.062361 -0.745088
 162.100000 2.136234 -1.102341
 162.200000 2.017290 -1.337661
 162.300000 1.747720 -1.254449
 162.400000 1.447862 -0.942765
 162.500000 1.190350 -0.627849
 162.600000 0.999069 -0.385055
 162.700000 0.884512 -0.237668
 162.800000 0.801243 -0.216983
 162.900000 0.762250 -0.271152
 163.000000 0.805745 -0.381492
 163.100000 0.995852 -0.588215
 163.200000 1.260122 -0.900589
 163.300000 1.578467 -1.247926
 163.400000 1.889712 -1.409666
 163.500000 2.084039 -1.230224
 163.600000 2.110091 -0.814513
 163.700000 1.987322 -0.421156
 163.800000 1.799610 -0.167404
 163.900000 1.547047 -0.078111
 164.000000 1.273514 -0.162667
 164.100000 1.049991 -0.361226
 164.200000 0.925048 -0.636427
 164.300000 0.877561 -0.953881
 164.400000 0.915097 -1.294170
 164.500000 0.982768 -1.523907
 164.600000 1.080912 -1.516541
 164.700000 1.185138 -1.276895
 164.800000 1.325171 -0.922978
 164.900000 1.553320 -0.600649
 165.000000 1.843416 -0.413425
 165.100000 2.092173 -0.354800
 165.200000 2.234713 -0.402925
 165.300000 2.257735 -0.614650
 165.400000 2.124004 -0.925831
 165.500000 1.831359 -1.172325
 165.600000 1.480657 -1.218881
 165.700000 1.132496 -1.095192
 165.800000 0.833021 -0.922904
 165.900000 0.628772 -0.801197
 166.000000 0.542039 -0.772104
 166.100000 0.526606 -0.811286
 166.200000 0.538286 -0.924576
 166.300000 0.611686 -1.135480
 166.400000 0.758829 -1.375370
 166.500000 0.916100 -1.497967
 166.600000 1.057985 -1.378174
 166.700000 1.232072 -1.080677
 166.800000 1.456601 -0.742726
 166.900000 1.756073 -0.472454
 167.000000 2.031534 -0.364445
 167.100000 2.218352 -0.347706
 167.200000 2.270870 -0.482636
 167.300000 2.181533 -0.783473
 167.400000 1.950780 -1.117829
 167.500000 1.629708 -1.307799
 167.600000 1.300757 -1.256436
 167.700000 1.004948 -1.048921
 167.800000 0.772303 -0.843457
 167.900000 0.665657 -0.727934
 168.000000 0.706733 -0.702158
 168.100000 0.901267 -0.775831
 168.200000 1.210114 -0.920511
 168.300000 1.585689 -1.081115
 168.400000 1.975722 -1.159948
 168.500000 2.264406 -1.071275
 168.600000 2.381337 -0.868086
 168.700000 2.315019 -0.622793
 168.800000 2.097006 -0.496233
 168.900000 1.804888 -0.542435
 169.000000 1.462121 -0.753011
 169.100000 1.201748 -1.032933
 169.200000 1.008288 -1.297636
 169.300000 0.856555 -1.455487
 169.400000 0.702427 -1.420619
 169.500000 0.530804 -1.280062
 169.600000 0.401377 -1.178169
 169.700000 0.283259 -1.137092
 169.800000 0.166251 -1.152336
 169.900000 0.059019 -1.207580
 170.000000 -0.029262 -1.314041
 170.100000 -0.095926 -1.460949
 170.200000 -0.158381 -1.600097
 170.300000 -0.187988 -1.625716
 170.400000 -0.187765 -1.517495
 170.500000 -0.158395 -1.344916
 170.600000 -0.140515 -1.208450
 170.700000 -0.137302 -1.113036
 170.800000 -0.125132 -1.052656
 170.900000 -0.094173 -1.054715
 171.000000 -0.035768 -1.116349
 171.100000 0.073965 -1.226161
 171.200000 0.245080 -1.359640
 171.300000 0.453722 -1.455397
 171.400000 0.658680 -1.448370
 171.500000 0.849189 -1.340946
 171.600000 1.065400 -1.132584
 171.700000 1.344911 -0.883721
 171.800000 1.685065 -0.694213
 171.900000 2.035753 -0.606748
 172.000000 2.303846 -0.626456
 172.100000 2.381791 -0.740101
 172.200000 2.236787 -0.908964
 172.300000 1.918863 -0.997746
 172.400000 1.525275 -0.988260
 172.500000 1.185404 -0.943088
 172.600000 0.930738 -0.895443
 172.700000 0.793359 -0.877145
 172.800000 0.800688 -0.943687
 172.900000 0.909977 -1.077777
 173.000000 1.063088 -1.206016
 173.100000 1.261186 -1.282844
 173.200000 1.485105 -1.218052
 173.300000 1.716230 -0.997393
 173.400000 1.935096 -0.712942
 173.500000 2.088134 -0.517342
 173.600000 2.197076 -0.495807
 173.700000 2.207090 -0.612238
 173.800000 2.080460 -0.806404
 173.900000 1.829348 -1.037143
 174.000000 1.545546 -1.177321
 174.100000 1.286982 -1.177660
 174.200000 1.053891 -1.086089
 174.300000 0.887812 -0.925899
 174.400000 0.819652 -0.797873
 174.500000 0.924565 -0.764350
 174.600000 1.138234 -0.815899
 174.700000 1.403356 -0.934317
 174.800000 1.700086 -1.061815
 174.900000 1.968052 -1.076557
 175.000000 2.133550 -0.965057
 175.100000 2.116941 -0.763858
 175.200000 1.964292 -0.583630
 175.300000 1.691150 -0.557688
 175.400000 1.430829 -0.681087
 175.500000 1.264762 -0.841714
 175.600000 1.172569 -1.067153
 175.700000 1.163983 -1.251857
 175.800000 1.221105 -1.331959
 175.900000 1.314916 -1.272689
 176.000000 1.426127 -1.064352
 176.100000 1.588337 -0.773352
 176.200000 1.824008 -0.535672
 176.300000 2.004343 -0.449805
 176.400000 2.105746 -0.512634
 176.500000 2.155467 -0.714638
 176.600000 2.080818 -0.950931
 176.700000 1.830954 -1.108810
 176.800000 1.549398 -1.139073
 176.900000 1.321202 -1.043698
 177.000000 1.117090 -0.911336
 177.100000 0.985104 -0.776519
 177.200000 0.918827 -0.692384
 177.300000 0.929266 -0.687843
 177.400000 1.027747 -0.750227
 177.500000 1.201576 -0.856390
 177.600000 1.448134 -0.991834
 177.700000 1.761465 -1.057484
 177.800000 2.069509 -1.019588
 177.900000 2.221637 -0.903641
 178.000000 2.242401 -0.716034
 178.100000 2.107128 -0.562733
 178.200000 1.888795 -0.511624
 178.300000 1.590558 -0.637645
 178.400000 1.362659 -0.846683
 178.500000 1.226875 -1.109878
 178.600000 1.155101 -1.331688
 178.700000 1.133012 -1.425849
 178.800000 1.137484 -1.338497
 178.900000 1.179126 -1.151646
 179.000000 1.290799 -0.934801
 179.100000 1.495124 -0.727736
 179.200000 1.804724 -0.560925
 179.300000 2.057540 -0.545103
 179.400000 2.203497 -0.686000
 179.500000 2.215081 -0.894397
 179.600000 2.089116 -1.061852
 179.700000 1.790812 -1.106213
 179.800000 1.489385 -1.011409
 179.900000 1.277363 -0.821511
 180.000000 1.112768 -0.666675
 180.100000 0.951383 -0.623899
 180.200000 0.856064 -0.661423
 180.300000 0.915772 -0.759863
 180.400000 1.087659 -0.914423
 180.500000 1.305943 -1.110855
 180.600000 1.548870 -1.276687
 180.700000 1.766596 -1.299922
 180.800000 1.924939 -1.101244
 180.900000 1.977540 -0.759759
 181.000000 1.903015 -0.492251
 181.100000 1.716359 -0.392798
 181.200000 1.487156 -0.428924
 181.300000 1.277425 -0.556993
 181.400000 1.204319 -0.724579
 181.500000 1.213321 -0.956567
 181.600000 1.275369 -1.205106
 181.700000 1.367812 -1.357864
 181.800000 1.443861 -1.312562
 181.900000 1.511451 -1.086583
 182.000000 1.645802 -0.756750
 182.100000 1.817729 -0.464608
 182.200000 1.924172 -0.313193
 182.300000 1.951403 -0.247805
 182.400000 1.873305 -0.339847
 182.500000 1.716922 -0.532743
 182.600000 1.544152 -0.844545
 182.700000 1.435131 -1.153079
 182.800000 1.347954 -1.359992
 182.900000 1.238692 -1.383121
 183.000000 1.127252 -1.230953
 183.100000 1.057248 -0.977005
 183.200000 1.016617 -0.735658
 183.300000 0.996015 -0.558654
 183.400000 0.988735 -0.452894
 183.500000 1.072234 -0.404402
 183.600000 1.244462 -0.415247
 183.700000 1.532059 -0.473581
 183.800000 1.861834 -0.635305
 183.900000 2.103752 -0.919291
 184.000000 2.152696 -1.165534
 184.100000 2.005988 -1.263019
 184.200000 1.722086 -1.134095
 184.300000 1.447572 -0.862301
 184.400000 1.280876 -0.600107
 184.500000 1.253898 -0.364382
 184.600000 1.311348 -0.200165
 184.700000 1.461811 -0.172459
 184.800000 1.661626 -0.279809
 184.900000 1.818815 -0.511437
 185.000000 1.888909 -0.907225
 185.100000 1.893346 -1.288364
 185.200000 1.813023 -1.432568
 185.300000 1.642520 -1.249218
 185.400000 1.475606 -0.879499
 185.500000 1.423289 -0.507105
 185.600000 1.465164 -0.196163
 185.700000 1.549618 -0.007378
 185.800000 1.631301 0.012912
 185.900000 1.690382 -0.127375
 186.000000 1.701970 -0.379774
 186.100000 1.697771 -0.770614
 186.200000 1.720777 -1.177233
 186.300000 1.742568 -1.402001
 186.400000 1.696060 -1.328425
 186.500000 1.618989 -1.031593
 186.600000 1.612180 -0.672304
 186.700000 1.640697 -0.406663
 186.800000 1.618366 -0.262588
 186.900000 1.538937 -0.184511
 187.000000 1.452391 -0.212333
 187.100000 1.397451 -0.377926
 187.200000 1.434084 -0.656059
 187.300000 1.578797 -0.956177
 187.400000 1.764475 -1.214998
 187.500000 1.928470 -1.289539
 187.600000 1.978534 -1.117613
 187.700000 1.927365 -0.814070
 187.800000 1.800961 -0.553065
 187.900000 1.627235 -0.485928
 188.000000 1.463771 -0.587959
 188.100000 1.372677 -0.764247
 188.200000 1.393116 -0.997988
 188.300000 1.476486 -1.215114
 188.400000 1.567118 -1.344691
 188.500000 1.673168 -1.282197
 188.600000 1.773061 -1.046558
 188.700000 1.854259 -0.720031
 188.800000 1.856788 -0.464657
 188.900000 1.773801 -0.380121
 189.000000 1.658014 -0.433063
 189.100000 1.523094 -0.644473
 189.200000 1.461164 -0.936808
 189.300000 1.499365 -1.224516
 189.400000 1.549118 -1.393953
 189.500000 1.617365 -1.339774
 189.600000 1.690806 -1.086969
 189.700000 1.762204 -0.742623
 189.800000 1.816988 -0.449055
 189.900000 1.820457 -0.323875
 190.000000 1.818941 -0.297173
 190.100000 1.822178 -0.351160
 190.200000 1.803492 -0.522803
 190.300000 1.745400 -0.858442
 190.400000 1.688862 -1.180483
 190.500000 1.637375 -1.364131
 190.600000 1.573024 -1.317176
 190.700000 1.527192 -1.105087
 190.800000 1.565366 -0.808928
 190.900000 1.690435 -0.551052
 191.000000 1.840425 -0.474802
 191.100000 1.918234 -0.616616
 191.200000 1.894703 -0.923558
 191.300000 1.814893 -1.192357
 191.400000 1.702481 -1.282400
 191.500000 1.582451 -1.161553
 191.600000 1.509511 -0.897997
 191.700000 1.530614 -0.623176
 191.800000 1.628645 -0.447341
 191.900000 1.661312 -0.416587
 192.000000 1.624274 -0.541667
 192.100000 1.609592 -0.840167
 192.200000 1.668990 -1.156431
 192.300000 1.779581 -1.332998
 192.400000 1.840832 -1.244400
 192.500000 1.833617 -0.937343
 192.600000 1.780989 -0.593999
 192.700000 1.722655 -0.430038
 192.800000 1.655143 -0.491313
 192.900000 1.614865 -0.737038
 193.000000 1.619146 -1.067060
 193.100000 1.663554 -1.308993
 193.200000 1.701402 -1.352425
 193.300000 1.692376 -1.144638
 193.400000 1.713364 -0.806545
 193.500000 1.783734 -0.513260
 193.600000 1.829722 -0.426351
 193.700000 1.843360 -0.520387
 193.800000 1.808770 -0.830166
 193.900000 1.739351 -1.178923
 194.000000 1.686859 -1.375228
 194.100000 1.608132 -1.322205
 194.200000 1.511782 -1.083540
 194.300000 1.450210 -0.759070
 194.400000 1.468562 -0.462209
 194.500000 1.516265 -0.230546
 194.600000 1.599432 -0.117297
 194.700000 1.677112 -0.141439
 194.800000 1.702448 -0.266709
 194.900000 1.649231 -0.418674
 195.000000 1.556705 -0.686789
 195.100000 1.504587 -1.043629
 195.200000 1.485992 -1.318390
 195.300000 1.459578 -1.420803
 195.400000 1.434283 -1.275670
 195.500000 1.388719 -0.985350
 195.600000 1.395000 -0.696465
 195.700000 1.479011 -0.444116
 195.800000 1.537541 -0.247550
 195.900000 1.575899 -0.157715
 196.000000 1.630389 -0.174349
 196.100000 1.664747 -0.277936
 196.200000 1.623884 -0.426044
 196.300000 1.524420 -0.667780
 196.400000 1.481569 -0.992838
 196.500000 1.481234 -1.285275
 196.600000 1.471918 -1.427319
 196.700000 1.469889 -1.334787
 196.800000 1.460342 -1.060850
 196.900000 1.474855 -0.754901
 197.000000 1.542024 -0.500903
 197.100000 1.553175 -0.279708
 197.200000 1.500371 -0.149614
 197.300000 1.450562 -0.124756
 197.400000 1.413689 -0.198689
 197.500000 1.418153 -0.409596
 197.600000 1.434950 -0.726289
 197.700000 1.507591 -1.081655
 197.800000 1.609893 -1.347651
 197.900000 1.671445 -1.407495
 198.000000 1.681344 -1.206828
 198.100000 1.720408 -0.816555
 198.200000 1.804538 -0.453147
 198.300000 1.886095 -0.240622
 198.400000 1.926366 -0.153646
 198.500000 1.872196 -0.266383
 198.600000 1.787989 -0.499393
 198.700000 1.707303 -0.889869
 198.800000 1.702795 -1.248701
 198.900000 1.725317 -1.400330
 199.000000 1.709231 -1.303723
 199.100000 1.690071 -0.988446
 199.200000 1.715914 -0.590716
 199.300000 1.813903 -0.361837
 199.400000 1.906560 -0.246926
 199.500000 1.970472 -0.272050
 199.600000 1.968091 -0.404239
 199.700000 1.901717 -0.636665
 199.800000 1.759112 -1.005764
 199.900000 1.610229 -1.272048
 200.000000 1.423015 -1.364711
 200.100000 1.200343 -1.244810
 200.200000 1.015665 -0.999928
 200.300000 0.890509 -0.745992
 200.400000 0.869046 -0.549440
 200.500000 0.967853 -0.431247
 200.600000 1.163372 -0.403033
 200.700000 1.433024 -0.454688
 200.800000 1.708093 -0.565131
 200.900000 2.012614 -0.831068
 201.000000 2.185925 -1.093607
 201.100000 2.192757 -1.232160
 201.200000 2.001116 -1.196702
 201.300000 1.694197 -1.003683
 201.400000 1.425500 -0.735627
 201.500000 1.227553 -0.512948
 201.600000 1.103036 -0.290001
 201.700000 1.073222 -0.154243
 201.800000 1.149750 -0.107411
 201.900000 1.284399 -0.109818
 202.000000 1.456739 -0.192701
 202.100000 1.655693 -0.406635
 202.200000 1.834281 -0.757472
 202.300000 1.988917 -1.169405
 202.400000 2.009814 -1.404833
 202.500000 1.882049 -1.282328
 202.600000 1.714247 -0.885573
 202.700000 1.610903 -0.470196
 202.800000 1.500475 -0.168612
 202.900000 1.412865 0.046947
 203.000000 1.329489 0.129541
 203.100000 1.255928 0.072241
 203.200000 1.158612 -0.116809
 203.300000 1.133482 -0.389230
 203.400000 1.209105 -0.728487
 203.500000 1.351876 -1.103454
 203.600000 1.479194 -1.396748
 203.700000 1.603867 -1.450118
 203.800000 1.679711 -1.274673
 203.900000 1.761252 -0.898677
 204.000000 1.857872 -0.508432
 204.100000 1.894748 -0.268858
 204.200000 1.892042 -0.104488
 204.300000 1.770623 -0.111028
 204.400000 1.602081 -0.217622
 204.500000 1.428077 -0.426985
 204.600000 1.268415 -0.716156
 204.700000 1.177596 -1.067910
 204.800000 1.161868 -1.367576
 204.900000 1.178078 -1.536574
 205.000000 1.215087 -1.492284
 205.100000 1.243243 -1.225566
 205.200000 1.307879 -0.868130
 205.300000 1.426056 -0.539771
 205.400000 1.547531 -0.259445
 205.500000 1.653221 -0.096193
 205.600000 1.734601 -0.052035
 205.700000 1.748982 -0.159653
 205.800000 1.711994 -0.364179
 205.900000 1.666014 -0.692091
 206.000000 1.694570 -1.125428
 206.100000 1.785348 -1.411803
 206.200000 1.881656 -1.410130
 206.300000 1.910642 -1.077455
 206.400000 1.897768 -0.625552
 206.500000 1.818194 -0.300415
 206.600000 1.737578 -0.068683
 206.700000 1.623108 0.019676
 206.800000 1.489268 -0.036307
 206.900000 1.368519 -0.168507
 207.000000 1.272918 -0.409220
 207.100000 1.261330 -0.748261
 207.200000 1.318453 -1.123012
 207.300000 1.376745 -1.409075
 207.400000 1.399402 -1.482009
 207.500000 1.376290 -1.364873
 207.600000 1.321746 -1.061387
 207.700000 1.298527 -0.730420
 207.800000 1.350727 -0.445036
 207.900000 1.483035 -0.246378
 208.000000 1.663609 -0.209169
 208.100000 1.826078 -0.234377
 208.200000 1.981527 -0.329641
 208.300000 2.077248 -0.503928
 208.400000 2.133369 -0.817742
 208.500000 2.023919 -1.107556
 208.600000 1.762276 -1.235914
 208.700000 1.522588 -1.182542
 208.800000 1.238973 -1.025596
 208.900000 0.986536 -0.848955
 209.000000 0.788050 -0.707108
 209.100000 0.747087 -0.640635
 209.200000 0.869400 -0.561650
 209.300000 1.104935 -0.495472
 209.400000 1.397879 -0.426458
 209.500000 1.703157 -0.400160
 209.600000 1.957195 -0.477466
 209.700000 2.177348 -0.682743
 209.800000 2.284326 -0.942837
 209.900000 2.268168 -1.115815
 210.000000 2.138407 -1.155062
 210.100000 1.824019 -1.086417
 210.200000 1.492320 -0.883488
 210.300000 1.245781 -0.697002
 210.400000 1.072889 -0.606505
 210.500000 0.917193 -0.572440
 210.600000 0.836976 -0.589799
 210.700000 0.895892 -0.617290
 210.800000 1.069180 -0.691469
 210.900000 1.278584 -0.880912
 211.000000 1.551693 -1.089062
 211.100000 1.844072 -1.184205
 211.200000 2.121643 -1.062680
 211.300000 2.198473 -0.771868
 211.400000 2.119560 -0.490846
 211.500000 1.990182 -0.358579
 211.600000 1.824834 -0.296949
 211.700000 1.674709 -0.302603
 211.800000 1.474840 -0.389651
 211.900000 1.264467 -0.565576
 212.000000 1.155037 -0.809834
 212.100000 1.087428 -1.120475
 212.200000 1.061750 -1.390824
 212.300000 1.035020 -1.524679
 212.400000 1.015801 -1.406130
 212.500000 0.992226 -1.140521
 212.600000 0.962352 -0.846647
 212.700000 0.983616 -0.600279
 212.800000 1.032900 -0.416324
 212.900000 1.132113 -0.296664
 213.000000 1.312814 -0.291063
 213.100000 1.538323 -0.417825
 213.200000 1.736770 -0.663268
 213.300000 1.973295 -0.999937
 213.400000 2.082486 -1.267641
 213.500000 1.988491 -1.326766
 213.600000 1.795284 -1.109426
 213.700000 1.661194 -0.751914
 213.800000 1.616504 -0.451633
 213.900000 1.545073 -0.281984
 214.000000 1.456475 -0.252720
 214.100000 1.437415 -0.407160
 214.200000 1.470870 -0.692879
 214.300000 1.542974 -1.027518
 214.400000 1.641910 -1.265709
 214.500000 1.726148 -1.371214
 214.600000 1.799644 -1.271258
 214.700000 1.906889 -0.962534
 214.800000 1.957097 -0.610434
 214.900000 1.941713 -0.455531
 215.000000 1.912334 -0.408584
 215.100000 1.881861 -0.400229
 215.200000 1.817451 -0.446999
 215.300000 1.699598 -0.664705
 215.400000 1.636249 -1.022480
 215.500000 1.623888 -1.286695
 215.600000 1.553851 -1.412194
 215.700000 1.450061 -1.321603
 215.800000 1.342746 -1.046352
 215.900000 1.246211 -0.756193
 216.000000 1.241790 -0.535683
 216.100000 1.352807 -0.350754
 216.200000 1.536672 -0.320613
 216.300000 1.705116 -0.445859
 216.400000 1.838749 -0.764294
 216.500000 1.937693 -1.146876
 216.600000 1.941648 -1.352935
 216.700000 1.856644 -1.257480
 216.800000 1.762366 -0.937454
 216.900000 1.700012 -0.569032
 217.000000 1.704199 -0.365137
 217.100000 1.660709 -0.280656
 217.200000 1.540021 -0.256984
 217.300000 1.421145 -0.369585
 217.400000 1.359929 -0.619568
 217.500000 1.417811 -0.909028
 217.600000 1.565060 -1.203911
 217.700000 1.652347 -1.394703
 217.800000 1.652278 -1.396132
 217.900000 1.580013 -1.199882
 218.000000 1.482419 -0.892859
 218.100000 1.432525 -0.562948
 218.200000 1.432760 -0.316369
 218.300000 1.506043 -0.259105
 218.400000 1.613100 -0.375993
 218.500000 1.650692 -0.624965
 218.600000 1.738224 -0.993404
 218.700000 1.892681 -1.274791
 218.800000 2.011414 -1.327447
 218.900000 1.981025 -1.125267
 219.000000 1.811123 -0.788410
 219.100000 1.646180 -0.493104
 219.200000 1.463939 -0.365394
 219.300000 1.274454 -0.372904
 219.400000 1.117686 -0.458818
 219.500000 0.963673 -0.549286
 219.600000 0.864296 -0.665426
 219.700000 0.943672 -0.825650
 219.800000 1.102502 -1.037357
 219.900000 1.317010 -1.225465
 220.000000 1.557253 -1.287805
 220.100000 1.766134 -1.186779
 220.200000 2.023137 -0.939597
 220.300000 2.152560 -0.649756
 220.400000 2.155474 -0.430435
 220.500000 2.110706 -0.367384
 220.600000 2.013702 -0.404926
 220.700000 1.914412 -0.534821
 220.800000 1.783700 -0.872002
 220.900000 1.681324 -1.202453
 221.000000 1.614034 -1.364337
 221.100000 1.495916 -1.383573
 221.200000 1.328371 -1.232799
 221.300000 1.150650 -0.950864
 221.400000 1.010824 -0.707591
 221.500000 0.881677 -0.535545
 221.600000 0.845183 -0.461033
 221.700000 0.916755 -0.503054
 221.800000 1.071953 -0.623948
 221.900000 1.256275 -0.825180
 222.000000 1.494018 -1.056902
 222.100000 1.768480 -1.190690
 222.200000 2.080672 -1.140280
 222.300000 2.187570 -0.927111
 222.400000 2.150773 -0.637779
 222.500000 2.022814 -0.453473
 222.600000 1.926452 -0.399440
 222.700000 1.832491 -0.385544
 222.800000 1.716979 -0.439091
 222.900000 1.604477 -0.664456
 223.000000 1.575665 -1.012214
 223.100000 1.616776 -1.246087
 223.200000 1.648388 -1.308784
 223.300000 1.683376 -1.185848
 223.400000 1.814891 -0.888564
 223.500000 1.955470 -0.569511
 223.600000 2.067072 -0.454353
 223.700000 2.191509 -0.510100
 223.800000 2.239662 -0.699448
 223.900000 2.144104 -0.944475
 224.000000 1.868248 -1.095983
 224.100000 1.562684 -1.120964
 224.200000 1.266427 -1.081839
 224.300000 0.960579 -1.012163
 224.400000 0.712333 -0.945909
 224.500000 0.572492 -0.959293
 224.600000 0.502845 -1.064362
 224.700000 0.493754 -1.212790
 224.800000 0.516768 -1.418788
 224.900000 0.551613 -1.580552
 225.000000 0.617660 -1.605869
 225.100000 0.698198 -1.455709
 225.200000 0.794811 -1.178587
 225.300000 0.948086 -0.876532
 225.400000 1.131247 -0.620317
 225.500000 1.339045 -0.423831
 225.600000 1.609638 -0.308820
 225.700000 1.839405 -0.275122
 225.800000 2.076017 -0.294993
 225.900000 2.240260 -0.415803
 226.000000 2.279517 -0.692149
 226.100000 2.176359 -1.017436
 226.200000 1.892028 -1.223670
 226.300000 1.526890 -1.252916
 226.400000 1.124764 -1.139318
 226.500000 0.752706 -0.929308
 226.600000 0.474488 -0.789607
 226.700000 0.211721 -0.736688
 226.800000 -0.012760 -0.745779
 226.900000 -0.193138 -0.856237
 227.000000 -0.356548 -1.068325
 227.100000 -0.523070 -1.351917
 227.200000 -0.614736 -1.672699
 227.300000 -0.629291 -1.942238
 227.400000 -0.565195 -2.088254
 227.500000 -0.423583 -2.052608
 227.600000 -0.253912 -1.836984
 227.700000 -0.078955 -1.575124
 227.800000 0.102041 -1.258044
 227.900000 0.333582 -0.969217
 228.000000 0.575331 -0.737096
 228.100000 0.865755 -0.538543
 228.200000 1.258739 -0.362038
 228.300000 1.681240 -0.298180
 228.400000 2.078972 -0.323773
 228.500000 2.405733 -0.441501
 228.600000 2.467411 -0.734341
 228.700000 2.277061 -1.068395
 228.800000 1.954969 -1.280003
 228.900000 1.546295 -1.267276
 229.000000 1.108092 -1.103750
 229.100000 0.720433 -0.904268
 229.200000 0.401637 -0.817981
 229.300000 0.091192 -0.840378
 229.400000 -0.199015 -0.930667
 229.500000 -0.454267 -1.080697
 229.600000 -0.676787 -1.286135
 229.700000 -0.811464 -1.507706
 229.800000 -0.832042 -1.692439
 229.900000 -0.700787 -1.797326
 230.000000 -0.459250 -1.794801
 230.100000 -0.147597 -1.724143
 230.200000 0.157554 -1.638984
 230.300000 0.454104 -1.530213
 230.400000 0.761663 -1.304858
 230.500000 1.078487 -1.021009
 230.600000 1.412427 -0.739637
 230.700000 1.808791 -0.555840
 230.800000 2.197960 -0.596892
 230.900000 2.470674 -0.736009
 231.000000 2.500246 -0.907869
 231.100000 2.254748 -1.023289
 231.200000 1.872881 -1.007750
 231.300000 1.465830 -0.874872
 231.400000 1.111287 -0.712622
 231.500000 0.797189 -0.630187
 231.600000 0.609324 -0.569589
 231.700000 0.474706 -0.502833
 231.800000 0.357984 -0.505812
 231.900000 0.276529 -0.589868
 232.000000 0.232331 -0.730860
 232.100000 0.244067 -0.958121
 232.200000 0.293523 -1.268499
 232.300000 0.335311 -1.586183
 232.400000 0.394433 -1.808138
 232.500000 0.400077 -1.896406
 232.600000 0.304808 -1.793050
 232.700000 0.188688 -1.594985
 232.800000 0.130119 -1.340190
 232.900000 0.123021 -1.063684
 233.000000 0.160804 -0.852560
 233.100000 0.213671 -0.740046
 233.200000 0.306106 -0.684452
 233.300000 0.452845 -0.656870
 233.400000 0.572588 -0.625849
 233.500000 0.689666 -0.543567
 233.600000 0.893508 -0.472501
 233.700000 1.193513 -0.445511
 233.800000 1.540073 -0.440773
 233.900000 1.871443 -0.546333
 234.000000 2.133506 -0.874481
 234.100000 2.281971 -1.178194
 234.200000 2.267041 -1.299900
 234.300000 2.035989 -1.175953
 234.400000 1.677679 -0.911077
 234.500000 1.379196 -0.617477
 234.600000 1.176420 -0.367397
 234.700000 1.022035 -0.181418
 234.800000 0.996618 -0.106713
 234.900000 1.096941 -0.084362
 235.000000 1.247388 -0.108504
 235.100000 1.401220 -0.182648
 235.200000 1.588944 -0.333352
 235.300000 1.731226 -0.622045
 235.400000 1.881784 -1.032554
 235.500000 1.988218 -1.342485
 235.600000 1.965045 -1.372675
 235.700000 1.845867 -1.078781
 235.800000 1.713149 -0.687221
 235.900000 1.622611 -0.389701
 236.000000 1.508219 -0.220228
 236.100000 1.419421 -0.168454
 236.200000 1.346250 -0.150656
 236.300000 1.292059 -0.147328
 236.400000 1.253244 -0.208573
 236.500000 1.235030 -0.367663
 236.600000 1.253176 -0.613803
 236.700000 1.354511 -0.918723
 236.800000 1.463263 -1.231784
 236.900000 1.484259 -1.442814
 237.000000 1.477153 -1.473872
 237.100000 1.442015 -1.303359
 237.200000 1.339142 -0.963689
 237.300000 1.235061 -0.654469
 237.400000 1.224293 -0.426421
 237.500000 1.241950 -0.253372
 237.600000 1.250114 -0.195534
 237.700000 1.235731 -0.260193
 237.800000 1.207246 -0.447614
 237.900000 1.217327 -0.665128
 238.000000 1.299460 -0.972937
 238.100000 1.419631 -1.311102
 238.200000 1.494521 -1.481834
 238.300000 1.549114 -1.447004
 238.400000 1.568082 -1.219196
 238.500000 1.544708 -0.868920
 238.600000 1.565377 -0.510233
 238.700000 1.566572 -0.260261
 238.800000 1.566107 -0.145547
 238.900000 1.602866 -0.044914
 239.000000 1.643557 0.002743
 239.100000 1.682509 -0.070198
 239.200000 1.761547 -0.237604
 239.300000 1.879718 -0.428280
 239.400000 1.956144 -0.752271
 239.500000 1.974192 -1.149315
 239.600000 1.885300 -1.396508
 239.700000 1.741411 -1.344574
 239.800000 1.661891 -1.056404
 239.900000 1.689029 -0.635757
 240.000000 1.778162 -0.335223
 240.100000 1.890593 -0.144590
 240.200000 1.951349 -0.117468
 240.300000 1.905422 -0.304136
 240.400000 1.862032 -0.582988
 240.500000 1.760084 -1.001684
 240.600000 1.681142 -1.334089
 240.700000 1.636796 -1.474839
 240.800000 1.562075 -1.414573
 240.900000 1.437569 -1.174972
 241.000000 1.238263 -0.874096
 241.100000 1.083833 -0.606083
 241.200000 0.944687 -0.394541
 241.300000 0.896342 -0.246952
 241.400000 0.919437 -0.183552
 241.500000 1.009389 -0.247624
 241.600000 1.190648 -0.430529
 241.700000 1.435792 -0.666860
 241.800000 1.759721 -0.930298
 241.900000 2.072942 -1.160877
 242.000000 2.205696 -1.259455
 242.100000 2.187342 -1.196520
 242.200000 1.990311 -0.977482
 242.300000 1.661701 -0.689529
 242.400000 1.396635 -0.472289
 242.500000 1.175486 -0.320007
 242.600000 1.002134 -0.273040
 242.700000 0.942866 -0.354380
 242.800000 0.998398 -0.547153
 242.900000 1.085550 -0.803826
 243.000000 1.169732 -1.096909
 243.100000 1.335478 -1.362309
 243.200000 1.471776 -1.453397
 243.300000 1.577209 -1.337751
 243.400000 1.630837 -1.067651
 243.500000 1.737891 -0.671646
 243.600000 1.876987 -0.393686
 243.700000 2.003873 -0.236496
 243.800000 2.059640 -0.216889
 243.900000 2.019795 -0.364561
 244.000000 1.938302 -0.615683
 244.100000 1.810589 -1.028871
 244.200000 1.695553 -1.330447
 244.300000 1.611430 -1.444917
 244.400000 1.496191 -1.378718
 244.500000 1.319431 -1.119239
 244.600000 1.164934 -0.834949
 244.700000 1.041373 -0.580190
 244.800000 0.938345 -0.381141
 244.900000 0.940656 -0.275205
 245.000000 1.053178 -0.297979
 245.100000 1.258175 -0.451831
 245.200000 1.545659 -0.651050
 245.300000 1.893451 -0.912478
 245.400000 2.169939 -1.137740
 245.500000 2.267556 -1.202647
 245.600000 2.259561 -1.090864
 245.700000 2.163204 -0.814671
 245.800000 1.951184 -0.536461
 245.900000 1.688052 -0.467612
 246.000000 1.398724 -0.637318
 246.100000 1.134787 -0.873161
 246.200000 0.887236 -1.106009
 246.300000 0.646632 -1.321496
 246.400000 0.416190 -1.502502
 246.500000 0.197586 -1.580883
 246.600000 0.016168 -1.574311
 246.700000 -0.228496 -1.515454
 246.800000 -0.430092 -1.377499
 246.900000 -0.553245 -1.253011
 247.000000 -0.566225 -1.163291
 247.100000 -0.519716 -1.094050
 247.200000 -0.421353 -1.032087
 247.300000 -0.299454 -1.003246
 247.400000 -0.145622 -1.028200
 247.500000 0.037734 -1.105381
 247.600000 0.254064 -1.214671
 247.700000 0.466384 -1.359062
 247.800000 0.696619 -1.472922
 247.900000 0.916821 -1.426905
 248.000000 1.130765 -1.227710
 248.100000 1.419715 -0.990821
 248.200000 1.789934 -0.728083
 248.300000 2.146587 -0.550626
 248.400000 2.411443 -0.505251
 248.500000 2.411172 -0.580954
 248.600000 2.210176 -0.756488
 248.700000 1.882037 -0.963842
 248.800000 1.529274 -1.082001
 248.900000 1.200708 -1.135521
 249.000000 0.941185 -1.146925
 249.100000 0.642781 -1.119605
 249.200000 0.408392 -1.095644
 249.300000 0.188153 -1.103290
 249.400000 -0.011386 -1.158635
 249.500000 -0.169308 -1.281905
 249.600000 -0.327509 -1.428473
 249.700000 -0.459924 -1.550881
 249.800000 -0.535093 -1.619398
 249.900000 -0.557919 -1.622312
 250.000000 -0.527005 -1.564862
