#! FIELDS time p.x p.y
 0.000000 -1.058997 0.551918
 0.100000 -1.201055 0.573579
 0.200000 -1.463709 0.666571
 0.300000 -1.811169 0.809951
 0.400000 -2.161883 0.940246
 0.500000 -2.382412 0.966549
 0.600000 -2.380422 0.861145
 0.700000 -2.157068 0.730095
 0.800000 -1.792467 0.629709
 0.900000 -1.455134 0.581674
 1.000000 -1.210930 0.596593
 1.100000 -1.055474 0.667804
 1.200000 -1.001562 0.779343
 1.300000 -1.071404 0.916800
 1.400000 -1.261728 1.049907
 1.500000 -1.550552 1.120066
 1.600000 -1.889622 1.063786
 1.700000 -2.216660 0.874260
 1.800000 -2.413199 0.652399
 1.900000 -2.346446 0.534990
 2.000000 -2.043082 0.540024
 2.100000 -1.643275 0.642670
 2.200000 -1.284423 0.799406
 2.300000 -1.057733 0.979278
 2.400000 -0.925425 1.149006
 2.500000 -0.871671 1.272185
 2.600000 -0.891053 1.325995
 2.700000 -0.965241 1.287940
 2.800000 -1.092405 1.151305
 2.900000 -1.302942 0.935328
 3.000000 -1.578210 0.672721
 3.100000 -1.922839 0.442673
 3.200000 -2.216045 0.316894
 3.300000 -2.319297 0.395756
 3.400000 -2.195650 0.671683
 3.500000 -1.956194 0.996875
 3.600000 -1.674387 1.213336
 3.700000 -1.401151 1.255023
 3.800000 -1.183757 1.133250
 3.900000 -1.043917 0.928758
 4.000000 -1.024934 0.713328
 4.100000 -1.123811 0.536012
 4.200000 -1.322605 0.377556
 4.300000 -1.621231 0.277634
 4.400000 -1.959657 0.298274
 4.500000 -2.222682 0.481317
 4.600000 -2.331757 0.796812
 4.700000 -2.245964 1.122764
 4.800000 -2.006485 1.248711
 4.900000 -1.700687 1.120634
 5.000000 -1.421308 0.861234
 5.100000 -1.229744 0.603258
 5.200000 -1.157464 0.403960
 5.300000 -1.210252 0.242869
 5.400000 -1.385149 0.167831
 5.500000 -1.625738 0.226396
 5.600000 -1.889652 0.444713
 5.700000 -2.115249 0.779079
 5.800000 -2.239677 1.104403
 5.900000 -2.196341 1.230467
 6.000000 -1.982967 1.061575
 6.100000 -1.693877 0.739350
 6.200000 -1.478782 0.437893
 6.300000 -1.353479 0.206034
 6.400000 -1.287020 0.057810
 6.500000 -1.290507 0.027450
 6.600000 -1.360151 0.098378
 6.700000 -1.494231 0.286689
 6.800000 -1.683811 0.582867
 6.900000 -1.948112 0.922710
 7.000000 -2.228689 1.171818
 7.100000 -2.369075 1.184363
 7.200000 -2.312751 0.927333
 7.300000 -2.086750 0.589270
 7.400000 -1.785767 0.341515
 7.500000 -1.478161 0.239458
 7.600000 -1.232468 0.241082
 7.700000 -1.082475 0.339333
 7.800000 -1.051996 0.512181
 7.900000 -1.112614 0.724225
 8.000000 -1.306371 0.982688
 8.100000 -1.584117 1.234192
 8.200000 -1.882546 1.298703
 8.300000 -2.099507 1.103238
 8.400000 -2.211719 0.736403
 8.500000 -2.180819 0.381608
 8.600000 -2.011401 0.198914
 8.700000 -1.736766 0.224915
 8.800000 -1.447397 0.414142
 8.900000 -1.211201 0.682526
 9.000000 -1.095158 1.004371
 9.100000 -1.064751 1.326695
 9.200000 -1.086310 1.533504
 9.300000 -1.093579 1.507064
 9.400000 -1.122162 1.260909
 9.500000 -1.213022 0.930892
 9.600000 -1.406823 0.587080
 9.700000 -1.702988 0.280262
 9.800000 -2.030524 0.109293
 9.900000 -2.213291 0.179131
 10.000000 -2.173578 0.506525
 10.100000 -1.996426 0.983398
 10.200000 -1.756658 1.383068
 10.300000 -1.466262 1.476999
 10.400000 -1.160661 1.285061
 10.500000 -0.895491 0.971057
 10.600000 -0.708975 0.650082
 10.700000 -0.659378 0.379321
 10.800000 -0.725314 0.160910
 10.900000 -0.880687 -0.012171
 11.000000 -1.117474 -0.140240
 11.100000 -1.417344 -0.204583
 11.200000 -1.721889 -0.138639
 11.300000 -1.951157 0.122204
 11.400000 -2.063196 0.589714
 11.500000 -2.077742 1.127702
 11.600000 -1.979824 1.461782
 11.700000 -1.745328 1.381969
 11.800000 -1.471641 0.990241
 11.900000 -1.297178 0.540370
 12.000000 -1.250380 0.120658
 12.100000 -1.302607 -0.232282
 12.200000 -1.371651 -0.480940
 12.300000 -1.391661 -0.598412
 12.400000 -1.315456 -0.593507
 12.500000 -1.180885 -0.491077
 12.600000 -1.063719 -0.313577
 12.700000 -0.973888 -0.100105
 12.800000 -0.924326 0.164468
 12.900000 -0.979556 0.486831
 13.000000 -1.131448 0.831658
 13.100000 -1.416978 1.179404
 13.200000 -1.751650 1.413947
 13.300000 -2.015889 1.343754
 13.400000 -2.161419 0.959931
 13.500000 -2.204533 0.468460
 13.600000 -2.115268 0.093672
 13.700000 -1.838445 -0.033934
 13.800000 -1.464636 0.029256
 13.900000 -1.151382 0.219562
 14.000000 -0.926741 0.495898
 14.100000 -0.811310 0.827130
 14.200000 -0.793748 1.209496
 14.300000 -0.860104 1.548723
 14.400000 -0.925516 1.690848
 14.500000 -0.953520 1.574799
 14.600000 -0.961203 1.239873
 14.700000 -1.033400 0.849134
 14.800000 -1.205590 0.502342
 14.900000 -1.487486 0.171737
 15.000000 -1.813513 -0.032546
 15.100000 -2.078982 -0.016874
 15.200000 -2.164664 0.268998
 15.300000 -2.064371 0.739366
 15.400000 -1.884654 1.222936
 15.500000 -1.660890 1.474046
 15.600000 -1.382996 1.396542
 15.700000 -1.112608 1.102661
 15.800000 -0.924402 0.765863
 15.900000 -0.789845 0.478514
 16.000000 -0.747607 0.246082
 16.100000 -0.817036 0.037582
 16.200000 -0.989773 -0.170788
 16.300000 -1.216668 -0.352701
 16.400000 -1.470155 -0.472550
 16.500000 -1.661016 -0.453362
 16.600000 -1.717923 -0.248227
 16.700000 -1.672555 0.137544
 16.800000 -1.618368 0.667352
 16.900000 -1.632571 1.214662
 17.000000 -1.671222 1.563634
 17.100000 -1.641621 1.513042
 17.200000 -1.551474 1.091696
 17.300000 -1.503803 0.553675
 17.400000 -1.544043 0.073060
 17.500000 -1.595459 -0.262560
 17.600000 -1.588425 -0.422883
 17.700000 -1.481023 -0.401563
 17.800000 -1.318964 -0.228043
 17.900000 -1.219648 0.023325
 18.000000 -1.202044 0.369386
 18.100000 -1.295637 0.799812
 18.200000 -1.490546 1.231568
 18.300000 -1.713874 1.491968
 18.400000 -1.915180 1.348943
 18.500000 -2.043526 0.900928
 18.600000 -2.093188 0.403246
 18.700000 -2.012704 0.056678
 18.800000 -1.793941 -0.049675
 18.900000 -1.511856 0.065048
 19.000000 -1.288548 0.338030
 19.100000 -1.226892 0.716382
 19.200000 -1.304152 1.133072
 19.300000 -1.444558 1.486315
 19.400000 -1.570448 1.544141
 19.500000 -1.626692 1.238208
 19.600000 -1.706288 0.718273
 19.700000 -1.842972 0.233928
 19.800000 -1.950153 -0.078320
 19.900000 -1.936153 -0.148669
 20.000000 -1.794164 0.014327
 20.100000 -1.607097 0.386036
 20.200000 -1.467629 0.846697
 20.300000 -1.421451 1.286339
 20.400000 -1.415795 1.554386
 20.500000 -1.375382 1.514539
 20.600000 -1.310784 1.186988
 20.700000 -1.297302 0.781444
 20.800000 -1.394571 0.387487
 20.900000 -1.612150 0.097281
 21.000000 -1.824364 -0.025250
 21.100000 -1.967320 0.075334
 21.200000 -2.047332 0.408573
 21.300000 -2.015768 0.871128
 21.400000 -1.950938 1.276866
 21.500000 -1.815992 1.409116
 21.600000 -1.625270 1.188293
 21.700000 -1.457531 0.792266
 21.800000 -1.405848 0.377790
 21.900000 -1.482999 0.055724
 22.000000 -1.612216 -0.133438
 22.100000 -1.691688 -0.175865
 22.200000 -1.690717 -0.097950
 22.300000 -1.597615 0.127015
 22.400000 -1.491527 0.508478
 22.500000 -1.473955 0.941147
 22.600000 -1.557591 1.332565
 22.700000 -1.626988 1.479993
 22.800000 -1.602508 1.242832
 22.900000 -1.589588 0.810239
 23.000000 -1.654710 0.373809
 23.100000 -1.755399 0.026096
 23.200000 -1.765897 -0.123453
 23.300000 -1.688344 -0.152422
 23.400000 -1.536985 -0.051962
 23.500000 -1.373154 0.200624
 23.600000 -1.345375 0.546678
 23.700000 -1.468933 0.935052
 23.800000 -1.683826 1.278322
 23.900000 -1.887871 1.386959
 24.000000 -2.008055 1.140728
 24.100000 -2.049129 0.685850
 24.200000 -2.005221 0.280238
 24.300000 -1.874584 0.049835
 24.400000 -1.704380 0.106437
 24.500000 -1.483036 0.384524
 24.600000 -1.343382 0.763354
 24.700000 -1.328071 1.142416
 24.800000 -1.386394 1.429889
 24.900000 -1.435342 1.476653
 25.000000 -1.475468 1.238390
 25.100000 -1.564764 0.844204
 25.200000 -1.747762 0.449828
 25.300000 -1.983204 0.161973
 25.400000 -2.118160 0.086348
 25.500000 -2.073367 0.265333
 25.600000 -1.901300 0.624095
 25.700000 -1.691660 1.042914
 25.800000 -1.515315 1.353636
 25.900000 -1.352015 1.456921
 26.000000 -1.192138 1.332861
 26.100000 -1.069298 1.041509
 26.200000 -1.005479 0.736268
 26.300000 -1.027103 0.488516
 26.400000 -1.168805 0.312242
 26.500000 -1.368880 0.190647
 26.600000 -1.665391 0.152750
 26.700000 -1.955996 0.265772
 26.800000 -2.159461 0.542438
 26.900000 -2.246004 0.911990
 27.000000 -2.167162 1.186782
 27.100000 -1.950098 1.229122
 27.200000 -1.636106 1.078215
 27.300000 -1.362456 0.844384
 27.400000 -1.204461 0.604946
 27.500000 -1.150670 0.429984
 27.600000 -1.148473 0.336124
 27.700000 -1.194467 0.297571
 27.800000 -1.298467 0.315131
 27.900000 -1.529683 0.403721
 28.000000 -1.815853 0.604003
 28.100000 -2.095565 0.879247
 28.200000 -2.294133 1.062947
 28.300000 -2.353108 1.027069
 28.400000 -2.228768 0.796883
 28.500000 -1.971158 0.549235
 28.600000 -1.660857 0.387175
 28.700000 -1.381183 0.339961
 28.800000 -1.246639 0.388876
 28.900000 -1.266351 0.559682
 29.000000 -1.420688 0.805748
 29.100000 -1.706139 1.043880
 29.200000 -2.023360 1.189018
 29.300000 -2.213506 1.147979
 29.400000 -2.289639 0.863726
 29.500000 -2.208503 0.513750
 29.600000 -1.985493 0.271764
 29.700000 -1.672621 0.203075
 29.800000 -1.360733 0.283053
 29.900000 -1.166680 0.440937
 30.000000 -1.060783 0.673162
 30.100000 -1.059071 0.950050
 30.200000 -1.118265 1.234189
 30.300000 -1.221954 1.422713
 30.400000 -1.357098 1.438304
 30.500000 -1.508027 1.243004
 30.600000 -1.701789 0.884734
 30.700000 -1.934431 0.503518
 30.800000 -2.105758 0.203228
 30.900000 -2.131386 0.131534
 31.000000 -1.993954 0.308610
 31.100000 -1.737850 0.648490
 31.200000 -1.509540 1.043573
 31.300000 -1.366769 1.359940
 31.400000 -1.232060 1.500164
 31.500000 -1.122414 1.430535
 31.600000 -1.046606 1.208111
 31.700000 -1.026233 0.917508
 31.800000 -1.088846 0.657361
 31.900000 -1.270625 0.425894
 32.000000 -1.591026 0.282506
 32.100000 -1.952505 0.247488
 32.200000 -2.234501 0.369192
 32.300000 -2.342992 0.663173
 32.400000 -2.249596 1.026710
 32.500000 -2.027241 1.224118
 32.600000 -1.690494 1.214601
 32.700000 -1.341138 1.003400
 32.800000 -1.080691 0.748908
 32.900000 -0.934033 0.544402
 33.000000 -0.890575 0.391059
 33.100000 -0.979921 0.266730
 33.200000 -1.191077 0.209376
 33.300000 -1.467642 0.227803
 33.400000 -1.829029 0.324915
 33.500000 -2.167054 0.543241
 33.600000 -2.391242 0.877332
 33.700000 -2.390299 1.164160
 33.800000 -2.196470 1.165714
 33.900000 -1.895988 0.904890
 34.000000 -1.570475 0.547888
 34.100000 -1.312698 0.256980
 34.200000 -1.176870 0.041490
 34.300000 -1.101697 -0.092721
 34.400000 -1.077761 -0.129764
 34.500000 -1.083884 -0.078094
 34.600000 -1.124141 0.094216
 34.700000 -1.204301 0.342455
 34.800000 -1.368093 0.657418
 34.900000 -1.642640 1.023356
 35.000000 -1.952878 1.299251
 35.100000 -2.164442 1.322743
 35.200000 -2.242498 1.060546
 35.300000 -2.179673 0.607214
 35.400000 -2.007232 0.244381
 35.500000 -1.756779 0.078863
 35.600000 -1.451585 0.150787
 35.700000 -1.236017 0.333767
 35.800000 -1.134927 0.591357
 35.900000 -1.158403 0.891925
 36.000000 -1.310790 1.190630
 36.100000 -1.513317 1.400491
 36.200000 -1.710939 1.376128
 36.300000 -1.856673 1.049315
 36.400000 -1.958831 0.574585
 36.500000 -2.007007 0.183584
 36.600000 -1.955773 0.007095
 36.700000 -1.879212 0.109049
 36.800000 -1.789640 0.457546
 36.900000 -1.734629 0.893439
 37.000000 -1.730999 1.280131
 37.100000 -1.721684 1.414435
 37.200000 -1.671953 1.252409
 37.300000 -1.616879 0.867248
 37.400000 -1.663935 0.449309
 37.500000 -1.808838 0.123577
 37.600000 -1.953835 0.057146
 37.700000 -2.051945 0.267897
 37.800000 -2.039754 0.658308
 37.900000 -1.944969 1.112140
 38.000000 -1.776798 1.379869
 38.100000 -1.557713 1.359482
 38.200000 -1.312882 1.105003
 38.300000 -1.154854 0.774885
 38.400000 -1.146537 0.446850
 38.500000 -1.234017 0.164702
 38.600000 -1.390858 -0.044279
 38.700000 -1.582068 -0.134011
 38.800000 -1.716986 -0.059144
 38.900000 -1.733317 0.204457
 39.000000 -1.742604 0.661641
 39.100000 -1.799205 1.180037
 39.200000 -1.833456 1.494682
 39.300000 -1.805970 1.436975
 39.400000 -1.731947 1.052121
 39.500000 -1.672588 0.546726
 39.600000 -1.679591 0.129439
 39.700000 -1.659070 -0.143845
 39.800000 -1.556693 -0.278052
 39.900000 -1.385069 -0.284823
 40.000000 -1.191059 -0.190898
 40.100000 -1.064850 -0.012442
 40.200000 -0.996693 0.280047
 40.300000 -1.028597 0.599276
 40.400000 -1.179980 0.933589
 40.500000 -1.432719 1.268354
 40.600000 -1.700116 1.440496
 40.700000 -1.902189 1.311346
 40.800000 -2.020588 0.900259
 40.900000 -2.076511 0.408508
 41.000000 -2.030898 0.054661
 41.100000 -1.871473 -0.072735
 41.200000 -1.644289 -0.038172
 41.300000 -1.368310 0.169089
 41.400000 -1.173243 0.473726
 41.500000 -1.091401 0.815720
 41.600000 -1.113505 1.173085
 41.700000 -1.183342 1.454462
 41.800000 -1.241007 1.556852
 41.900000 -1.272376 1.410524
 42.000000 -1.331983 1.084096
 42.100000 -1.467343 0.686523
 42.200000 -1.639992 0.310904
 42.300000 -1.821733 0.053245
 42.400000 -1.964250 0.066072
 42.500000 -2.028432 0.330277
 42.600000 -2.007816 0.769849
 42.700000 -1.922221 1.197077
 42.800000 -1.754798 1.374820
 42.900000 -1.541767 1.261383
 43.000000 -1.374257 0.948448
 43.100000 -1.320120 0.580573
 43.200000 -1.401520 0.255655
 43.300000 -1.596915 0.034239
 43.400000 -1.756632 -0.012580
 43.500000 -1.781138 0.186186
 43.600000 -1.789215 0.576117
 43.700000 -1.851315 1.031975
 43.800000 -1.872932 1.356440
 43.900000 -1.869142 1.386610
 44.000000 -1.837336 1.110365
 44.100000 -1.768046 0.652623
 44.200000 -1.741759 0.236180
 44.300000 -1.733349 -0.030440
 44.400000 -1.627757 -0.105009
 44.500000 -1.435405 -0.017674
 44.600000 -1.266045 0.197092
 44.700000 -1.208002 0.479719
 44.800000 -1.268942 0.802649
 44.900000 -1.447307 1.111408
 45.000000 -1.705040 1.300860
 45.100000 -1.934868 1.256559
 45.200000 -2.115696 0.992700
 45.300000 -2.209974 0.584043
 45.400000 -2.179470 0.284954
 45.500000 -1.992221 0.193727
 45.600000 -1.711396 0.321856
 45.700000 -1.472477 0.573319
 45.800000 -1.282222 0.852194
 45.900000 -1.147325 1.091715
 46.000000 -1.048700 1.305820
 46.100000 -0.962145 1.424321
 46.200000 -0.907442 1.440167
 46.300000 -0.867321 1.337515
 46.400000 -0.839028 1.158694
 46.500000 -0.882220 0.948462
 46.600000 -1.005140 0.767820
 46.700000 -1.189354 0.641014
 46.800000 -1.511562 0.565586
 46.900000 -1.889261 0.539834
 47.000000 -2.246779 0.589712
 47.100000 -2.451074 0.779218
 47.200000 -2.411281 0.994697
 47.300000 -2.149017 1.075495
 47.400000 -1.795433 0.901951
 47.500000 -1.460532 0.659831
 47.600000 -1.226051 0.477408
 47.700000 -1.110196 0.382087
 47.800000 -1.075983 0.345759
 47.900000 -1.110538 0.363334
 48.000000 -1.237137 0.459005
 48.100000 -1.471374 0.657394
 48.200000 -1.796004 0.913961
 48.300000 -2.137221 1.108402
 48.400000 -2.391864 1.027120
 48.500000 -2.446011 0.777275
 48.600000 -2.255622 0.560324
 48.700000 -1.931574 0.476732
 48.800000 -1.569740 0.479896
 48.900000 -1.284824 0.556187
 49.000000 -1.173873 0.706892
 49.100000 -1.235353 0.913504
 49.200000 -1.373828 1.111600
 49.300000 -1.601987 1.223362
 49.400000 -1.838827 1.120944
 49.500000 -2.015320 0.817860
 49.600000 -2.124752 0.496756
 49.700000 -2.102208 0.272386
 49.800000 -1.962957 0.226462
 49.900000 -1.751206 0.363030
 50.000000 -1.577911 0.627539
 50.100000 -1.491660 0.956169
 50.200000 -1.571454 1.250784
 50.300000 -1.668094 1.353042
 50.400000 -1.667680 1.208317
 50.500000 -1.631761 0.842793
 50.600000 -1.662179 0.495163
 50.700000 -1.800375 0.228681
 50.800000 -1.957251 0.122532
 50.900000 -2.032511 0.253843
 51.000000 -1.997739 0.583252
 51.100000 -1.907392 0.996127
 51.200000 -1.791328 1.262187
 51.300000 -1.660250 1.270676
 51.400000 -1.504928 1.046687
 51.500000 -1.485925 0.735017
 51.600000 -1.537925 0.435044
 51.700000 -1.585169 0.210256
 51.800000 -1.643538 0.082218
 51.900000 -1.661672 0.121158
 52.000000 -1.659629 0.329744
 52.100000 -1.731385 0.624277
 52.200000 -1.875149 0.980622
 52.300000 -1.989189 1.208109
 52.400000 -2.051938 1.230718
 52.500000 -2.042998 1.052970
 52.600000 -2.008668 0.704981
 52.700000 -1.927097 0.407367
 52.800000 -1.771984 0.226933
 52.900000 -1.655265 0.175687
 53.000000 -1.571894 0.193894
 53.100000 -1.476631 0.279523
 53.200000 -1.387068 0.458430
 53.300000 -1.423728 0.714599
 53.400000 -1.551272 0.976535
 53.500000 -1.772142 1.173062
 53.600000 -1.952537 1.154453
 53.700000 -2.067642 0.942758
 53.800000 -2.137704 0.621531
 53.900000 -2.111190 0.409072
 54.000000 -2.002742 0.327142
 54.100000 -1.806697 0.420816
 54.200000 -1.609803 0.616388
 54.300000 -1.502627 0.852801
 54.400000 -1.564555 1.112073
 54.500000 -1.712569 1.207103
 54.600000 -1.831071 1.042732
 54.700000 -1.906366 0.711194
 54.800000 -1.951591 0.429472
 54.900000 -1.904869 0.291813
 55.000000 -1.770515 0.308132
 55.100000 -1.681171 0.479371
 55.200000 -1.687334 0.771400
 55.300000 -1.750463 1.102674
 55.400000 -1.795524 1.241936
 55.500000 -1.832250 1.109796
 55.600000 -1.827831 0.799007
 55.700000 -1.845688 0.494014
 55.800000 -1.884185 0.302559
 55.900000 -1.874154 0.246695
 56.000000 -1.824007 0.309987
 56.100000 -1.801131 0.533041
 56.200000 -1.827486 0.855325
 56.300000 -1.874486 1.143033
 56.400000 -1.859748 1.237458
 56.500000 -1.819105 1.090715
 56.600000 -1.742313 0.756698
 56.700000 -1.736078 0.459526
 56.800000 -1.810016 0.268994
 56.900000 -1.886559 0.209385
 57.000000 -1.909583 0.255245
 57.100000 -1.879695 0.445262
 57.200000 -1.839662 0.789871
 57.300000 -1.819108 1.150641
 57.400000 -1.753830 1.319173
 57.500000 -1.651715 1.226990
 57.600000 -1.527512 0.903571
 57.700000 -1.506301 0.554006
 57.800000 -1.480289 0.264093
 57.900000 -1.445699 0.080200
 58.000000 -1.446044 -0.022551
 58.100000 -1.478321 -0.004647
 58.200000 -1.535493 0.170821
 58.300000 -1.587116 0.455803
 58.400000 -1.667263 0.838151
 58.500000 -1.794168 1.233150
 58.600000 -1.919144 1.398149
 58.700000 -1.988227 1.274641
 58.800000 -1.999909 0.914893
 58.900000 -1.989271 0.465848
 59.000000 -1.914450 0.142825
 59.100000 -1.777928 0.004161
 59.200000 -1.543817 0.074723
 59.300000 -1.318342 0.279286
 59.400000 -1.230392 0.546448
 59.500000 -1.308960 0.874144
 59.600000 -1.494271 1.175072
 59.700000 -1.736346 1.326037
 59.800000 -1.943978 1.208826
 59.900000 -2.133623 0.877952
 60.000000 -2.238630 0.505235
 60.100000 -2.229427 0.258723
 60.200000 -2.065018 0.233611
 60.300000 -1.870114 0.420669
 60.400000 -1.678516 0.775683
 60.500000 -1.553871 1.172696
 60.600000 -1.490370 1.416403
 60.700000 -1.421026 1.443962
 60.800000 -1.357450 1.234377
 60.900000 -1.359555 0.930632
 61.000000 -1.435664 0.588737
 61.100000 -1.539887 0.272730
 61.200000 -1.640065 0.049713
 61.300000 -1.685346 -0.021077
 61.400000 -1.624617 0.101191
 61.500000 -1.532535 0.348821
 61.600000 -1.422158 0.682274
 61.700000 -1.342732 1.013842
 61.800000 -1.336395 1.301062
 61.900000 -1.383793 1.470906
 62.000000 -1.435240 1.395379
 62.100000 -1.488564 1.092104
 62.200000 -1.662938 0.702508
 62.300000 -1.932535 0.410514
 62.400000 -2.174629 0.294454
 62.500000 -2.316362 0.371719
 62.600000 -2.290494 0.625787
 62.700000 -2.139327 1.012964
 62.800000 -1.887596 1.251940
 62.900000 -1.611368 1.244096
 63.000000 -1.342035 1.023940
 63.100000 -1.156927 0.720765
 63.200000 -1.095758 0.448798
 63.300000 -1.112265 0.203619
 63.400000 -1.192433 0.022242
 63.500000 -1.333435 -0.064865
 63.600000 -1.500784 -0.066709
 63.700000 -1.668637 0.069620
 63.800000 -1.799256 0.367738
 63.900000 -1.941846 0.804552
 64.000000 -2.048012 1.198474
 64.100000 -2.088055 1.392141
 64.200000 -2.004296 1.273809
 64.300000 -1.821567 0.919106
 64.400000 -1.649010 0.509893
 64.500000 -1.535351 0.189594
 64.600000 -1.401105 -0.021818
 64.700000 -1.304094 -0.125921
 64.800000 -1.290558 -0.139558
 64.900000 -1.373187 -0.048649
 65.000000 -1.487376 0.159272
 65.100000 -1.613290 0.501897
 65.200000 -1.776582 0.941384
 65.300000 -1.929207 1.294316
 65.400000 -2.017943 1.399686
 65.500000 -2.004962 1.215833
 65.600000 -1.910117 0.802793
 65.700000 -1.802045 0.372207
 65.800000 -1.696346 0.093940
 65.900000 -1.543293 -0.005053
 66.000000 -1.409626 0.039143
 66.100000 -1.312716 0.204694
 66.200000 -1.305160 0.478300
 66.300000 -1.429469 0.831745
 66.400000 -1.657564 1.157508
 66.500000 -1.916271 1.278832
 66.600000 -2.128163 1.171345
 66.700000 -2.273093 0.837764
 66.800000 -2.273816 0.489816
 66.900000 -2.148758 0.259419
 67.000000 -1.954889 0.203791
 67.100000 -1.706868 0.301730
 67.200000 -1.423386 0.524722
 67.300000 -1.204018 0.819075
 67.400000 -1.097932 1.137110
 67.500000 -1.042808 1.395615
 67.600000 -1.017335 1.541052
 67.700000 -0.984637 1.482303
 67.800000 -0.956614 1.264634
 67.900000 -0.956464 0.943429
 68.000000 -1.005318 0.629322
 68.100000 -1.114823 0.345289
 68.200000 -1.287134 0.096984
 68.300000 -1.487242 -0.058093
 68.400000 -1.686174 -0.110567
 68.500000 -1.834114 -0.061308
 68.600000 -1.908062 0.127200
 68.700000 -1.924474 0.469896
 68.800000 -1.912133 0.969849
 68.900000 -1.859164 1.358804
 69.000000 -1.766680 1.479095
 69.100000 -1.612106 1.271750
 69.200000 -1.462269 0.853740
 69.300000 -1.444990 0.420413
 69.400000 -1.457669 0.100221
 69.500000 -1.503191 -0.091776
 69.600000 -1.552029 -0.178792
 69.700000 -1.562430 -0.158979
 69.800000 -1.534959 -0.033590
 69.900000 -1.533530 0.221658
 70.000000 -1.561289 0.605690
 70.100000 -1.642831 1.072084
 70.200000 -1.757818 1.400618
 70.300000 -1.842504 1.424450
 70.400000 -1.937340 1.144088
 70.500000 -1.959380 0.653874
 70.600000 -1.939206 0.236775
 70.700000 -1.840347 0.005874
 70.800000 -1.649609 -0.042451
 70.900000 -1.403714 0.053701
 71.000000 -1.186997 0.234835
 71.100000 -0.999641 0.490764
 71.200000 -0.893428 0.785525
 71.300000 -0.831993 1.133737
 71.400000 -0.850562 1.438585
 71.500000 -0.883719 1.613238
 71.600000 -0.927040 1.568332
 71.700000 -0.982597 1.345812
 71.800000 -1.053645 1.022772
 71.900000 -1.168245 0.700188
 72.000000 -1.430154 0.435500
 72.100000 -1.772660 0.253566
 72.200000 -2.068348 0.200150
 72.300000 -2.290423 0.330617
 72.400000 -2.337591 0.650599
 72.500000 -2.218183 1.051364
 72.600000 -1.988501 1.261493
 72.700000 -1.694111 1.231501
 72.800000 -1.429258 0.956621
 72.900000 -1.310552 0.619347
 73.000000 -1.312470 0.347760
 73.100000 -1.451502 0.142168
 73.200000 -1.645113 0.050680
 73.300000 -1.797002 0.117157
 73.400000 -1.819506 0.387450
 73.500000 -1.844404 0.807931
 73.600000 -1.878570 1.197254
 73.700000 -1.860306 1.358307
 73.800000 -1.831087 1.219559
 73.900000 -1.772450 0.832650
 74.000000 -1.730896 0.434175
 74.100000 -1.727493 0.151530
 74.200000 -1.671468 0.002583
 74.300000 -1.546405 0.055605
 74.400000 -1.467260 0.240460
 74.500000 -1.438161 0.527253
 74.600000 -1.453859 0.861617
 74.700000 -1.596710 1.180392
 74.800000 -1.781022 1.293367
 74.900000 -1.945416 1.117007
 75.000000 -2.029532 0.724160
 75.100000 -2.036052 0.352653
 75.200000 -2.012629 0.145115
 75.300000 -1.977791 0.128018
 75.400000 -1.904560 0.270071
 75.500000 -1.793542 0.588388
 75.600000 -1.744486 1.009463
 75.700000 -1.678346 1.309156
 75.800000 -1.534355 1.342930
 75.900000 -1.399183 1.166969
 76.000000 -1.368366 0.906969
 76.100000 -1.443112 0.589787
 76.200000 -1.567445 0.301525
 76.300000 -1.719752 0.097111
 76.400000 -1.840972 0.040369
 76.500000 -1.854362 0.193443
 76.600000 -1.776561 0.500775
 76.700000 -1.734350 0.934040
 76.800000 -1.708073 1.293386
 76.900000 -1.611119 1.372250
 77.000000 -1.454631 1.213124
 77.100000 -1.387680 0.909263
 77.200000 -1.448051 0.572636
 77.300000 -1.519131 0.283414
 77.400000 -1.603836 0.093750
 77.500000 -1.717466 0.021816
 77.600000 -1.734926 0.164768
 77.700000 -1.705859 0.438409
 77.800000 -1.740153 0.836134
 77.900000 -1.810844 1.219176
 78.000000 -1.866679 1.357218
 78.100000 -1.919651 1.196386
 78.200000 -1.914278 0.791627
 78.300000 -1.870063 0.383104
 78.400000 -1.780029 0.139892
 78.500000 -1.600252 0.066076
 78.600000 -1.451204 0.126033
 78.700000 -1.369423 0.287289
 78.800000 -1.423682 0.521579
 78.900000 -1.557831 0.834770
 79.000000 -1.786794 1.142790
 79.100000 -1.985289 1.253009
 79.200000 -2.135368 1.138394
 79.300000 -2.205437 0.796924
 79.400000 -2.161777 0.473153
 79.500000 -2.018072 0.262107
 79.600000 -1.864319 0.215706
 79.700000 -1.636351 0.259057
 79.800000 -1.401509 0.377253
 79.900000 -1.261721 0.589010
 80.000000 -1.276734 0.875427
 80.100000 -1.358913 1.117067
 80.200000 -1.504641 1.314063
 80.300000 -1.685553 1.353069
 80.400000 -1.774599 1.134543
 80.500000 -1.833783 0.705966
 80.600000 -1.915707 0.339007
 80.700000 -1.992537 0.158420
 80.800000 -2.062823 0.146683
 80.900000 -2.126720 0.328651
 81.000000 -2.128234 0.679856
 81.100000 -2.040878 1.120524
 81.200000 -1.920518 1.370171
 81.300000 -1.791426 1.346238
 81.400000 -1.614192 1.034042
 81.500000 -1.486731 0.621366
 81.600000 -1.416389 0.285168
 81.700000 -1.413711 0.039312
 81.800000 -1.441645 -0.117975
 81.900000 -1.464601 -0.248656
 82.000000 -1.471791 -0.284319
 82.100000 -1.464827 -0.169517
 82.200000 -1.452085 0.079665
 82.300000 -1.452372 0.455031
 82.400000 -1.498972 0.888378
 82.500000 -1.680568 1.269715
 82.600000 -1.826354 1.417146
 82.700000 -1.965981 1.296170
 82.800000 -2.084734 0.935192
 82.900000 -2.131026 0.497189
 83.000000 -2.121380 0.162925
 83.100000 -2.061518 0.025617
 83.200000 -1.901066 0.081640
 83.300000 -1.679007 0.291751
 83.400000 -1.455131 0.588899
 83.500000 -1.267142 0.917563
 83.600000 -1.073980 1.203015
 83.700000 -0.890957 1.373645
 83.800000 -0.719807 1.430576
 83.900000 -0.567497 1.401869
 84.000000 -0.464524 1.328803
 84.100000 -0.381125 1.214658
 84.200000 -0.314556 1.069045
 84.300000 -0.289910 0.956921
 84.400000 -0.311351 0.887739
 84.500000 -0.407511 0.858251
 84.600000 -0.568846 0.874226
 84.700000 -0.801816 0.929727
 84.800000 -1.121024 0.990108
 84.900000 -1.449023 1.062049
 85.000000 -1.861595 1.057018
 85.100000 -2.252264 0.822120
 85.200000 -2.504966 0.562237
 85.300000 -2.446220 0.459010
 85.400000 -2.129960 0.540639
 85.500000 -1.707342 0.710347
 85.600000 -1.361414 0.950613
 85.700000 -1.130824 1.197906
 85.800000 -0.904736 1.358291
 85.900000 -0.707785 1.409252
 86.000000 -0.564837 1.395000
 86.100000 -0.482951 1.356714
 86.200000 -0.440118 1.293542
 86.300000 -0.413540 1.189180
 86.400000 -0.411987 1.053870
 86.500000 -0.445894 0.952234
 86.600000 -0.554825 0.876757
 86.700000 -0.769090 0.831542
 86.800000 -1.081606 0.819531
 86.900000 -1.448740 0.834480
 87.000000 -1.933704 0.832698
 87.100000 -2.414627 0.853721
 87.200000 -2.656397 0.858092
 87.300000 -2.482962 0.839230
 87.400000 -2.028428 0.815534
 87.500000 -1.534990 0.826534
 87.600000 -1.151891 0.834632
 87.700000 -0.837225 0.862162
 87.800000 -0.570532 0.936060
 87.900000 -0.391367 1.035499
 88.000000 -0.293600 1.177199
 88.100000 -0.228665 1.350022
 88.200000 -0.166952 1.554057
 88.300000 -0.118275 1.702988
 88.400000 -0.075680 1.749042
 88.500000 -0.036617 1.671696
 88.600000 -0.010680 1.520657
 88.700000 -0.009808 1.331054
 88.800000 -0.061166 1.160243
 88.900000 -0.154326 1.024082
 89.000000 -0.284846 0.909237
 89.100000 -0.501941 0.815737
 89.200000 -0.828474 0.759094
 89.300000 -1.243004 0.782883
 89.400000 -1.785212 0.832104
 89.500000 -2.356677 0.872937
 89.600000 -2.715042 0.871741
 89.700000 -2.640958 0.832098
 89.800000 -2.193956 0.775118
 89.900000 -1.636990 0.753943
 90.000000 -1.151368 0.780132
 90.100000 -0.762164 0.858377
 90.200000 -0.444612 0.981066
 90.300000 -0.201442 1.141266
 90.400000 0.014550 1.321724
 90.500000 0.178539 1.507714
 90.600000 0.278150 1.675805
 90.700000 0.341265 1.784782
 90.800000 0.345312 1.799736
 90.900000 0.293326 1.723653
 91.000000 0.192852 1.567257
 91.100000 0.063507 1.361016
 91.200000 -0.121921 1.148645
 91.300000 -0.335952 0.976184
 91.400000 -0.639614 0.864177
 91.500000 -1.043867 0.825145
 91.600000 -1.495574 0.844604
 91.700000 -2.056280 0.849628
 91.800000 -2.542649 0.846155
 91.900000 -2.717096 0.805190
 92.000000 -2.455734 0.748247
 92.100000 -1.929786 0.743102
 92.200000 -1.400117 0.835161
 92.300000 -0.980269 0.955548
 92.400000 -0.627313 1.099563
 92.500000 -0.382634 1.233980
 92.600000 -0.196196 1.384129
 92.700000 -0.032556 1.550667
 92.800000 0.099793 1.688947
 92.900000 0.191895 1.768686
 93.000000 0.250027 1.762239
 93.100000 0.299816 1.680987
 93.200000 0.333044 1.537033
 93.300000 0.341851 1.364262
 93.400000 0.292181 1.197562
 93.500000 0.185671 1.051205
 93.600000 0.047317 0.938464
 93.700000 -0.138425 0.863749
 93.800000 -0.358272 0.804648
 93.900000 -0.653437 0.767919
 94.000000 -1.037574 0.762533
 94.100000 -1.494048 0.821582
 94.200000 -2.048253 0.857024
 94.300000 -2.531399 0.893360
 94.400000 -2.696754 0.898061
 94.500000 -2.436770 0.861213
 94.600000 -1.920672 0.820027
 94.700000 -1.376226 0.811642
 94.800000 -0.950390 0.800924
 94.900000 -0.571552 0.874538
 95.000000 -0.295719 0.981243
 95.100000 -0.073906 1.142296
 95.200000 0.113532 1.349670
 95.300000 0.258016 1.537617
 95.400000 0.397663 1.675484
 95.500000 0.506132 1.754780
 95.600000 0.536870 1.749446
 95.700000 0.453337 1.661097
 95.800000 0.291210 1.500815
 95.900000 0.065161 1.303768
 96.000000 -0.221934 1.109339
 96.100000 -0.570132 0.958763
 96.200000 -1.035834 0.843085
 96.300000 -1.579942 0.769836
 96.400000 -2.213732 0.739301
 96.500000 -2.709810 0.793157
 96.600000 -2.748551 0.882686
 96.700000 -2.303033 0.940245
 96.800000 -1.675349 0.901490
 96.900000 -1.113502 0.793140
 97.000000 -0.638915 0.712295
 97.100000 -0.251323 0.684935
 97.200000 0.040559 0.710888
 97.300000 0.288325 0.776165
 97.400000 0.480218 0.852520
 97.500000 0.627464 0.984690
 97.600000 0.718118 1.151986
 97.700000 0.718029 1.325695
 97.800000 0.625366 1.481804
 97.900000 0.414103 1.607726
 98.000000 0.155719 1.702495
 98.100000 -0.150047 1.731015
 98.200000 -0.457847 1.644205
 98.300000 -0.772404 1.431530
 98.400000 -1.125895 1.108701
 98.500000 -1.497502 0.722970
 98.600000 -1.941141 0.388837
 98.700000 -2.390427 0.267685
 98.800000 -2.583197 0.432999
 98.900000 -2.392613 0.825159
 99.000000 -1.980221 1.195603
 99.100000 -1.487734 1.349331
 99.200000 -0.991735 1.321019
 99.300000 -0.557061 1.200905
 99.400000 -0.232036 1.044387
 99.500000 0.061488 0.931275
 99.600000 0.341439 0.849414
 99.700000 0.600235 0.810718
 99.800000 0.820215 0.780559
 99.900000 0.991159 0.744956
 100.000000 1.097739 0.667239
 100.100000 1.147118 0.528620
 100.200000 1.176934 0.274792
 100.300000 1.203395 -0.095505
 100.400000 1.278879 -0.576330
 100.500000 1.451722 -1.112359
 100.600000 1.646286 -1.530826
 100.700000 1.743743 -1.593167
 100.800000 1.709390 -1.235901
 100.900000 1.639768 -0.685364
 101.000000 1.600533 -0.210037
 101.100000 1.570335 0.111388
 101.200000 1.484198 0.264907
 101.300000 1.344782 0.259326
 101.400000 1.200858 0.128294
 101.500000 1.081436 -0.106711
 101.600000 1.025615 -0.446338
 101.700000 1.072623 -0.861333
 101.800000 1.213366 -1.300284
 101.900000 1.400014 -1.589852
 102.000000 1.519716 -1.555204
 102.100000 1.570105 -1.164145
 102.200000 1.621190 -0.623606
 102.300000 1.678763 -0.162637
 102.400000 1.730220 0.137441
 102.500000 1.683644 0.221550
 102.600000 1.534131 0.064481
 102.700000 1.372297 -0.261137
 102.800000 1.261757 -0.690278
 102.900000 1.242115 -1.184622
 103.000000 1.262075 -1.584902
 103.100000 1.236986 -1.709127
 103.200000 1.113769 -1.525941
 103.300000 0.946676 -1.131366
 103.400000 0.848204 -0.704451
 103.500000 0.847019 -0.355578
 103.600000 0.951075 -0.084428
 103.700000 1.132296 0.114415
 103.800000 1.348347 0.208408
 103.900000 1.564782 0.169705
 104.000000 1.741850 -0.034941
 104.100000 1.877601 -0.428516
 104.200000 1.956428 -0.955369
 104.300000 1.964200 -1.409718
 104.400000 1.843138 -1.499782
 104.500000 1.607660 -1.186267
 104.600000 1.361966 -0.704810
 104.700000 1.196904 -0.281865
 104.800000 1.123636 0.030747
 104.900000 1.120172 0.241514
 105.000000 1.132013 0.358933
 105.100000 1.133002 0.386893
 105.200000 1.142381 0.331703
 105.300000 1.182595 0.152152
 105.400000 1.264041 -0.165994
 105.500000 1.398786 -0.600558
 105.600000 1.615196 -1.084333
 105.700000 1.852938 -1.456927
 105.800000 1.975507 -1.467101
 105.900000 1.939382 -1.072637
 106.000000 1.833450 -0.543561
 106.100000 1.714744 -0.105410
 106.200000 1.544849 0.138683
 106.300000 1.331430 0.226618
 106.400000 1.123354 0.176418
 106.500000 0.956774 0.012713
 106.600000 0.842749 -0.220261
 106.700000 0.801593 -0.528415
 106.800000 0.860989 -0.881335
 106.900000 0.988760 -1.275232
 107.000000 1.145374 -1.579076
 107.100000 1.230607 -1.638003
 107.200000 1.276553 -1.421145
 107.300000 1.331309 -0.986064
 107.400000 1.437355 -0.522648
 107.500000 1.623711 -0.166394
 107.600000 1.805991 0.020226
 107.700000 1.916382 0.030245
 107.800000 1.940011 -0.191307
 107.900000 1.885197 -0.623740
 108.000000 1.804957 -1.142284
 108.100000 1.682047 -1.527675
 108.200000 1.486136 -1.572890
 108.300000 1.231606 -1.280946
 108.400000 1.019075 -0.838558
 108.500000 0.894902 -0.440043
 108.600000 0.875742 -0.131769
 108.700000 0.940364 0.085196
 108.800000 1.061238 0.230933
 108.900000 1.201201 0.244047
 109.000000 1.338077 0.103361
 109.100000 1.476521 -0.190564
 109.200000 1.621303 -0.614943
 109.300000 1.783211 -1.104367
 109.400000 1.927582 -1.449556
 109.500000 1.951433 -1.411214
 109.600000 1.864842 -1.022826
 109.700000 1.750478 -0.526805
 109.800000 1.634538 -0.130544
 109.900000 1.504765 0.103351
 110.000000 1.360625 0.169873
 110.100000 1.214381 0.120923
 110.200000 1.045534 -0.044230
 110.300000 0.924401 -0.288243
 110.400000 0.904682 -0.583152
 110.500000 0.972826 -0.932443
 110.600000 1.107486 -1.298167
 110.700000 1.279541 -1.531934
 110.800000 1.441814 -1.460952
 110.900000 1.614592 -1.101024
 111.000000 1.791217 -0.631711
 111.100000 1.972460 -0.237431
 111.200000 2.057208 -0.030484
 111.300000 1.948241 -0.093639
 111.400000 1.729639 -0.389082
 111.500000 1.496478 -0.796964
 111.600000 1.304979 -1.228169
 111.700000 1.139604 -1.520012
 111.800000 0.931905 -1.567309
 111.900000 0.690764 -1.452053
 112.000000 0.464976 -1.253710
 112.100000 0.255009 -1.041482
 112.200000 0.076582 -0.868216
 112.300000 -0.082367 -0.763698
 112.400000 -0.212385 -0.730798
 112.500000 -0.321290 -0.778156
 112.600000 -0.433459 -0.874061
 112.700000 -0.525563 -1.018441
 112.800000 -0.583178 -1.182538
 112.900000 -0.573757 -1.359693
 113.000000 -0.502530 -1.538130
 113.100000 -0.341989 -1.723713
 113.200000 -0.125229 -1.870453
 113.300000 0.068990 -1.887520
 113.400000 0.211398 -1.758120
 113.500000 0.306170 -1.528082
 113.600000 0.388443 -1.266916
 113.700000 0.474447 -1.014706
 113.800000 0.624277 -0.795379
 113.900000 0.854959 -0.648990
 114.000000 1.176110 -0.589657
 114.100000 1.594799 -0.595222
 114.200000 2.043908 -0.686907
 114.300000 2.420927 -0.843104
 114.400000 2.516913 -0.973853
 114.500000 2.287622 -0.999827
 114.600000 1.865796 -0.923281
 114.700000 1.421386 -0.796793
 114.800000 1.066528 -0.698903
 114.900000 0.795047 -0.674116
 115.000000 0.600987 -0.714372
 115.100000 0.478475 -0.847738
 115.200000 0.394451 -1.056095
 115.300000 0.321154 -1.291463
 115.400000 0.244515 -1.528757
 115.500000 0.178501 -1.710362
 115.600000 0.079266 -1.784956
 115.700000 -0.054050 -1.756725
 115.800000 -0.184518 -1.633141
 115.900000 -0.291895 -1.462380
 116.000000 -0.357735 -1.298150
 116.100000 -0.381292 -1.154989
 116.200000 -0.346986 -1.036881
 116.300000 -0.290254 -0.959800
 116.400000 -0.194664 -0.947925
 116.500000 -0.081293 -0.998241
 116.600000 0.045622 -1.100033
 116.700000 0.191294 -1.260824
 116.800000 0.369436 -1.443219
 116.900000 0.546140 -1.599266
 117.000000 0.701844 -1.645504
 117.100000 0.849377 -1.498003
 117.200000 1.005054 -1.218245
 117.300000 1.210265 -0.890768
 117.400000 1.508849 -0.595381
 117.500000 1.838704 -0.384948
 117.600000 2.125322 -0.292120
 117.700000 2.238307 -0.418956
 117.800000 2.140685 -0.747438
 117.900000 1.923964 -1.112592
 118.000000 1.646620 -1.347677
 118.100000 1.311816 -1.348209
 118.200000 0.957211 -1.156274
 118.300000 0.640283 -0.930998
 118.400000 0.389483 -0.758939
 118.500000 0.170754 -0.655016
 118.600000 -0.009525 -0.613209
 118.700000 -0.178712 -0.624165
 118.800000 -0.362174 -0.684689
 118.900000 -0.546754 -0.804067
 119.000000 -0.734589 -0.955768
 119.100000 -0.900249 -1.149204
 119.200000 -0.990606 -1.346022
 119.300000 -0.912687 -1.504362
 119.400000 -0.672060 -1.605128
 119.500000 -0.355212 -1.679855
 119.600000 -0.002308 -1.734543
 119.700000 0.354278 -1.710113
 119.800000 0.684372 -1.576560
 119.900000 0.998055 -1.281679
 120.000000 1.336507 -0.902545
 120.100000 1.743275 -0.510507
 120.200000 2.141489 -0.200222
 120.300000 2.337584 -0.144361
 120.400000 2.212355 -0.393897
 120.500000 1.893750 -0.846205
 120.600000 1.530635 -1.292126
 120.700000 1.125205 -1.510152
 120.800000 0.685140 -1.479685
 120.900000 0.256565 -1.355637
 121.000000 -0.153325 -1.254977
 121.100000 -0.550773 -1.195885
 121.200000 -0.904820 -1.163622
 121.300000 -1.165622 -1.117866
 121.400000 -1.278453 -0.996115
 121.500000 -1.228660 -0.769046
 121.600000 -1.093758 -0.474652
 121.700000 -0.949288 -0.129263
 121.800000 -0.859538 0.261631
 121.900000 -0.878792 0.691967
 122.000000 -0.931727 1.171086
 122.100000 -1.028483 1.618751
 122.200000 -1.095192 1.823014
 122.300000 -1.084077 1.632819
 122.400000 -1.058212 1.167635
 122.500000 -1.078284 0.648386
 122.600000 -1.157557 0.159542
 122.700000 -1.277291 -0.264014
 122.800000 -1.430341 -0.583681
 122.900000 -1.477385 -0.776757
 123.000000 -1.372670 -0.822872
 123.100000 -1.112854 -0.760062
 123.200000 -0.772535 -0.664384
 123.300000 -0.423038 -0.568839
 123.400000 -0.082871 -0.509446
 123.500000 0.249656 -0.500480
 123.600000 0.617938 -0.561248
 123.700000 1.041084 -0.675094
 123.800000 1.526659 -0.855443
 123.900000 2.070124 -1.016686
 124.000000 2.490659 -1.076330
 124.100000 2.614241 -0.968528
 124.200000 2.376170 -0.756826
 124.300000 1.892858 -0.580161
 124.400000 1.375408 -0.484086
 124.500000 0.931246 -0.470648
 124.600000 0.599443 -0.525556
 124.700000 0.333128 -0.622957
 124.800000 0.097612 -0.769494
 124.900000 -0.094036 -1.001296
 125.000000 -0.242056 -1.270748
 125.100000 -0.342024 -1.595341
 125.200000 -0.389040 -1.927192
 125.300000 -0.403234 -2.139328
 125.400000 -0.383749 -2.129979
 125.500000 -0.326845 -1.901022
 125.600000 -0.236535 -1.545627
 125.700000 -0.113014 -1.201068
 125.800000 0.091635 -0.908474
 125.900000 0.340749 -0.689194
 126.000000 0.622238 -0.534413
 126.100000 0.973240 -0.437848
 126.200000 1.408252 -0.427256
 126.300000 1.898307 -0.498478
 126.400000 2.348029 -0.653921
 126.500000 2.574652 -0.876666
 126.600000 2.446461 -1.068221
 126.700000 2.030801 -1.088598
 126.800000 1.530637 -0.971683
 126.900000 1.068045 -0.796478
 127.000000 0.701670 -0.650001
 127.100000 0.436502 -0.572095
 127.200000 0.190806 -0.570955
 127.300000 -0.023433 -0.634836
 127.400000 -0.233014 -0.759852
 127.500000 -0.445332 -0.931004
 127.600000 -0.623248 -1.140107
 127.700000 -0.754816 -1.380597
 127.800000 -0.813668 -1.603990
 127.900000 -0.738330 -1.786037
 128.000000 -0.511787 -1.886303
 128.100000 -0.192842 -1.883580
 128.200000 0.115269 -1.756712
 128.300000 0.410858 -1.520728
 128.400000 0.699335 -1.238048
 128.500000 1.049939 -0.951175
 128.600000 1.467501 -0.683513
 128.700000 1.928747 -0.468903
 128.800000 2.336982 -0.387133
 128.900000 2.491493 -0.541045
 129.000000 2.321301 -0.868295
 129.100000 1.930812 -1.169774
 129.200000 1.472956 -1.290857
 129.300000 1.030420 -1.209263
 129.400000 0.658663 -1.060486
 129.500000 0.347245 -0.919122
 129.600000 0.084905 -0.851939
 129.700000 -0.144503 -0.868286
 129.800000 -0.366620 -0.957630
 129.900000 -0.574228 -1.085655
 130.000000 -0.740447 -1.267347
 130.100000 -0.836171 -1.472479
 130.200000 -0.814989 -1.670420
 130.300000 -0.638762 -1.790179
 130.400000 -0.354419 -1.815883
 130.500000 -0.004667 -1.734316
 130.600000 0.339730 -1.588950
 130.700000 0.665179 -1.376082
 130.800000 1.003238 -1.112896
 130.900000 1.393992 -0.860566
 131.000000 1.834036 -0.625530
 131.100000 2.254347 -0.499586
 131.200000 2.455366 -0.551939
 131.300000 2.351259 -0.763880
 131.400000 2.011137 -0.987428
 131.500000 1.586262 -1.119402
 131.600000 1.180397 -1.146548
 131.700000 0.833971 -1.108544
 131.800000 0.560715 -1.076004
 131.900000 0.335951 -1.063332
 132.000000 0.163725 -1.105434
 132.100000 0.012588 -1.205825
 132.200000 -0.109490 -1.368543
 132.300000 -0.172006 -1.584053
 132.400000 -0.200889 -1.790389
 132.500000 -0.202055 -1.906682
 132.600000 -0.216747 -1.897715
 132.700000 -0.220302 -1.762785
 132.800000 -0.195540 -1.550339
 132.900000 -0.155373 -1.347228
 133.000000 -0.043305 -1.248051
 133.100000 0.146351 -1.199620
 133.200000 0.383491 -1.218027
 133.300000 0.667126 -1.244466
 133.400000 1.032722 -1.264568
 133.500000 1.467028 -1.203474
 133.600000 1.905891 -1.002641
 133.700000 2.271709 -0.695138
 133.800000 2.434357 -0.451527
 133.900000 2.282601 -0.419797
 134.000000 1.934508 -0.583352
 134.100000 1.568099 -0.877631
 134.200000 1.260211 -1.190485
 134.300000 1.006798 -1.396825
 134.400000 0.752634 -1.459302
 134.500000 0.502719 -1.414308
 134.600000 0.266629 -1.351466
 134.700000 0.047102 -1.299696
 134.800000 -0.101747 -1.303796
 134.900000 -0.198104 -1.446126
 135.000000 -0.265241 -1.664502
 135.100000 -0.309046 -1.869293
 135.200000 -0.326274 -2.002880
 135.300000 -0.329097 -1.998989
 135.400000 -0.290487 -1.864841
 135.500000 -0.219381 -1.674135
 135.600000 -0.108817 -1.456585
 135.700000 0.026869 -1.290181
 135.800000 0.220518 -1.213578
 135.900000 0.465099 -1.208419
 136.000000 0.743023 -1.187535
 136.100000 1.087889 -1.143841
 136.200000 1.486769 -1.063647
 136.300000 1.900356 -0.920019
 136.400000 2.263905 -0.724332
 136.500000 2.427491 -0.577614
 136.600000 2.318352 -0.569886
 136.700000 1.983414 -0.695150
 136.800000 1.614507 -0.921413
 136.900000 1.277939 -1.140168
 137.000000 0.982625 -1.294149
 137.100000 0.735289 -1.379921
 137.200000 0.511904 -1.420532
 137.300000 0.315194 -1.453406
 137.400000 0.130949 -1.470493
 137.500000 -0.031569 -1.493931
 137.600000 -0.163136 -1.535046
 137.700000 -0.248575 -1.554577
 137.800000 -0.301340 -1.529176
 137.900000 -0.325258 -1.473140
 138.000000 -0.313901 -1.455479
 138.100000 -0.245605 -1.473504
 138.200000 -0.107943 -1.526806
 138.300000 0.080053 -1.580890
 138.400000 0.271909 -1.606367
 138.500000 0.450765 -1.571962
 138.600000 0.619471 -1.439308
 138.700000 0.806947 -1.242385
 138.800000 1.034036 -1.024047
 138.900000 1.318651 -0.801345
 139.000000 1.655508 -0.600228
 139.100000 1.962339 -0.419981
 139.200000 2.188000 -0.325345
 139.300000 2.220402 -0.442115
 139.400000 2.045649 -0.751440
 139.500000 1.785946 -1.102457
 139.600000 1.480600 -1.312337
 139.700000 1.166107 -1.311000
 139.800000 0.915302 -1.179818
 139.900000 0.723092 -1.002929
 140.000000 0.600772 -0.841943
 140.100000 0.537807 -0.809083
 140.200000 0.487676 -0.899297
 140.300000 0.438024 -1.075195
 140.400000 0.413116 -1.265358
 140.500000 0.367741 -1.458625
 140.600000 0.303614 -1.624906
 140.700000 0.229917 -1.721447
 140.800000 0.135782 -1.713872
 140.900000 0.027813 -1.617186
 141.000000 -0.085868 -1.488978
 141.100000 -0.171566 -1.388369
 141.200000 -0.233927 -1.382352
 141.300000 -0.237958 -1.468185
 141.400000 -0.209638 -1.587721
 141.500000 -0.130939 -1.706656
 141.600000 -0.007751 -1.790729
 141.700000 0.111955 -1.795016
 141.800000 0.200242 -1.700943
 141.900000 0.249250 -1.527003
 142.000000 0.284333 -1.347512
 142.100000 0.337774 -1.190779
 142.200000 0.415534 -1.029164
 142.300000 0.518670 -0.875301
 142.400000 0.649600 -0.803888
 142.500000 0.881971 -0.836551
 142.600000 1.222877 -0.917714
 142.700000 1.637100 -1.020445
 142.800000 2.076019 -1.027670
 142.900000 2.376390 -0.911413
 143.000000 2.444223 -0.747689
 143.100000 2.241611 -0.602271
 143.200000 1.878047 -0.540474
 143.300000 1.499755 -0.530656
 143.400000 1.163367 -0.587151
 143.500000 0.918323 -0.711681
 143.600000 0.773668 -0.900013
 143.700000 0.748846 -1.123756
 143.800000 0.787140 -1.323486
 143.900000 0.851293 -1.489186
 144.000000 0.934968 -1.513861
 144.100000 1.026861 -1.386402
 144.200000 1.190104 -1.141507
 144.300000 1.426739 -0.846054
 144.400000 1.722003 -0.570359
 144.500000 1.958219 -0.341529
 144.600000 2.098478 -0.232435
 144.700000 2.061843 -0.347964
 144.800000 1.934037 -0.639524
 144.900000 1.834293 -1.026043
 145.000000 1.712073 -1.332504
 145.100000 1.548265 -1.434394
 145.200000 1.329965 -1.267455
 145.300000 1.111861 -0.947192
 145.400000 0.970261 -0.614727
 145.500000 0.937195 -0.336800
 145.600000 0.992050 -0.144927
 145.700000 1.131541 -0.036279
 145.800000 1.313353 -0.041151
 145.900000 1.502637 -0.225121
 146.000000 1.677836 -0.563031
 146.100000 1.821560 -0.990157
 146.200000 1.971835 -1.345496
 146.300000 2.013204 -1.380780
 146.400000 1.923379 -1.078351
 146.500000 1.802046 -0.638563
 146.600000 1.674891 -0.274698
 146.700000 1.570339 -0.047321
 146.800000 1.453615 0.031156
 146.900000 1.376274 -0.104681
 147.000000 1.357195 -0.406844
 147.100000 1.426921 -0.817804
 147.200000 1.589789 -1.244778
 147.300000 1.718142 -1.483180
 147.400000 1.791009 -1.439264
 147.500000 1.838060 -1.095698
 147.600000 1.865781 -0.626291
 147.700000 1.911729 -0.236652
 147.800000 1.891879 -0.018053
 147.900000 1.784353 -0.043178
 148.000000 1.627580 -0.293761
 148.100000 1.486998 -0.705357
 148.200000 1.398557 -1.167540
 148.300000 1.344500 -1.535285
 148.400000 1.288053 -1.606550
 148.500000 1.225365 -1.374006
 148.600000 1.194808 -0.961546
 148.700000 1.235974 -0.557906
 148.800000 1.360689 -0.234944
 148.900000 1.524147 -0.022130
 149.000000 1.675453 0.035956
 149.100000 1.772645 -0.067386
 149.200000 1.863627 -0.384491
 149.300000 1.941720 -0.828731
 149.400000 2.005892 -1.278855
 149.500000 1.952550 -1.446074
 149.600000 1.781406 -1.215507
 149.700000 1.594582 -0.772035
 149.800000 1.425534 -0.362873
 149.900000 1.290377 -0.039649
 150.000000 1.168334 0.148475
 150.100000 1.004713 0.210072
 150.200000 0.812766 0.207939
 150.300000 0.636109 0.162401
 150.400000 0.485626 0.087957
 150.500000 0.374406 -0.019324
 150.600000 0.293878 -0.153840
 150.700000 0.249698 -0.334991
 150.800000 0.240682 -0.556561
 150.900000 0.283952 -0.851949
 151.000000 0.390438 -1.210458
 151.100000 0.533933 -1.574640
 151.200000 0.641596 -1.851025
 151.300000 0.643298 -1.886802
 151.400000 0.555260 -1.673039
 151.500000 0.397484 -1.316435
 151.600000 0.247561 -0.957092
 151.700000 0.147335 -0.635252
 151.800000 0.093117 -0.389225
 151.900000 0.048412 -0.204131
 152.000000 -0.016537 -0.058155
 152.100000 -0.125648 0.083226
 152.200000 -0.285351 0.223911
 152.300000 -0.490274 0.391929
 152.400000 -0.784505 0.576153
 152.500000 -1.134847 0.814183
 152.600000 -1.533284 1.110992
 152.700000 -1.993408 1.267118
 152.800000 -2.372550 1.204563
 152.900000 -2.559424 0.880964
 153.000000 -2.432356 0.515459
 153.100000 -2.061919 0.258866
 153.200000 -1.629056 0.158449
 153.300000 -1.205819 0.144398
 153.400000 -0.837094 0.197623
 153.500000 -0.556668 0.303915
 153.600000 -0.321578 0.455560
 153.700000 -0.165924 0.654837
 153.800000 -0.074766 0.908565
 153.900000 0.000712 1.192725
 154.000000 0.064960 1.507890
 154.100000 0.065906 1.782023
 154.200000 0.005085 1.978521
 154.300000 -0.038405 1.985777
 154.400000 -0.053441 1.780224
 154.500000 -0.095311 1.467994
 154.600000 -0.198502 1.142126
 154.700000 -0.326709 0.812957
 154.800000 -0.521071 0.460298
 154.900000 -0.780660 0.136635
 155.000000 -1.104023 -0.136997
 155.100000 -1.459851 -0.334090
 155.200000 -1.763969 -0.420333
 155.300000 -1.903698 -0.265294
 155.400000 -1.887377 0.094166
 155.500000 -1.829086 0.611290
 155.600000 -1.779963 1.190852
 155.700000 -1.639896 1.562294
 155.800000 -1.386233 1.569928
 155.900000 -1.099338 1.274558
 156.000000 -0.878672 0.875071
 156.100000 -0.723040 0.484045
 156.200000 -0.640670 0.128247
 156.300000 -0.614306 -0.188062
 156.400000 -0.658603 -0.473283
 156.500000 -0.734037 -0.753041
 156.600000 -0.797902 -1.020552
 156.700000 -0.841761 -1.292986
 156.800000 -0.826852 -1.563097
 156.900000 -0.673538 -1.789813
 157.000000 -0.418414 -1.924069
 157.100000 -0.089674 -1.952633
 157.200000 0.209749 -1.831950
 157.300000 0.450497 -1.563901
 157.400000 0.666478 -1.229416
 157.500000 0.904985 -0.897757
 157.600000 1.217322 -0.609979
 157.700000 1.615927 -0.430988
 157.800000 2.037468 -0.348678
 157.900000 2.332309 -0.461424
 158.000000 2.365276 -0.774795
 158.100000 2.123182 -1.129823
 158.200000 1.734939 -1.331921
 158.300000 1.317661 -1.289874
 158.400000 0.926750 -1.084936
 158.500000 0.624626 -0.855689
 158.600000 0.405141 -0.702201
 158.700000 0.210103 -0.610939
 158.800000 0.072696 -0.618943
 158.900000 -0.036975 -0.712032
 159.000000 -0.110485 -0.879470
 159.100000 -0.174852 -1.118367
 159.200000 -0.214378 -1.363097
 159.300000 -0.209025 -1.657218
 159.400000 -0.156261 -1.936326
 159.500000 -0.123855 -2.083325
 159.600000 -0.123158 -2.026413
 159.700000 -0.142555 -1.803566
 159.800000 -0.160769 -1.514633
 159.900000 -0.147774 -1.256883
 160.000000 -0.086292 -1.010151
 160.100000 0.008384 -0.812241
 160.200000 0.172720 -0.685421
 160.300000 0.369828 -0.651156
 160.400000 0.598331 -0.671021
 160.500000 0.866055 -0.764085
 160.600000 1.237162 -0.932982
 160.700000 1.646525 -1.108703
 160.800000 2.046538 -1.144582
 160.900000 2.357566 -0.985164
 161.000000 2.431324 -0.761451
 161.100000 2.259689 -0.568682
 161.200000 1.907052 -0.462247
 161.300000 1.515408 -0.416107
 161.400000 1.172480 -0.482673
 161.500000 0.892768 -0.608517
 161.600000 0.723380 -0.793958
 161.700000 0.709526 -1.076481
 161.800000 0.751829 -1.363643
 161.900000 0.804896 -1.578609
 162.000000 0.818344 -1.624693
 162.100000 0.801822 -1.487761
 162.200000 0.752623 -1.225447
 162.300000 0.722729 -0.927006
 162.400000 0.810914 -0.663241
 162.500000 1.024317 -0.481314
 162.600000 1.316440 -0.362427
 162.700000 1.656149 -0.337649
 162.800000 1.990847 -0.461033
 162.900000 2.256563 -0.675205
 163.000000 2.268717 -0.941049
 163.100000 2.049214 -1.184345
 163.200000 1.731138 -1.243840
 163.300000 1.395711 -1.093947
 163.400000 1.093551 -0.873401
 163.500000 0.858710 -0.679947
 163.600000 0.755766 -0.542940
 163.700000 0.800071 -0.445385
 163.800000 0.983807 -0.414581
 163.900000 1.252091 -0.461643
 164.000000 1.570240 -0.619020
 164.100000 1.883583 -0.891134
 164.200000 2.160745 -1.139609
 164.300000 2.268997 -1.171993
 164.400000 2.163343 -0.995173
 164.500000 1.875154 -0.738926
 164.600000 1.556373 -0.591179
 164.700000 1.210308 -0.547651
 164.800000 0.948482 -0.584070
 164.900000 0.791339 -0.699901
 165.000000 0.790593 -0.917436
 165.100000 0.903090 -1.188313
 165.200000 1.091200 -1.401914
 165.300000 1.327564 -1.426363
 165.400000 1.534793 -1.206927
 165.500000 1.709701 -0.824468
 165.600000 1.888159 -0.458558
 165.700000 2.022009 -0.167756
 165.800000 1.998354 -0.099217
 165.900000 1.825437 -0.286744
 166.000000 1.632152 -0.632476
 166.100000 1.459099 -1.052497
 166.200000 1.315866 -1.400955
 166.300000 1.186449 -1.513555
 166.400000 1.042099 -1.352916
 166.500000 0.946186 -1.037827
 166.600000 0.927477 -0.698196
 166.700000 1.013348 -0.402763
 166.800000 1.174980 -0.181205
 166.900000 1.393660 -0.066004
 167.000000 1.624696 -0.116182
 167.100000 1.849936 -0.324750
 167.200000 2.070109 -0.652944
 167.300000 2.214175 -1.034221
 167.400000 2.142828 -1.316111
 167.500000 1.907023 -1.287586
 167.600000 1.610930 -0.984165
 167.700000 1.338653 -0.603387
 167.800000 1.133645 -0.307712
 167.900000 0.994749 -0.119789
 168.000000 0.919319 -0.021832
 168.100000 0.887248 -0.011748
 168.200000 0.884365 -0.071603
 168.300000 0.932685 -0.234220
 168.400000 1.061279 -0.507031
 168.500000 1.266651 -0.849037
 168.600000 1.545899 -1.215143
 168.700000 1.834666 -1.422925
 168.800000 2.069704 -1.331307
 168.900000 2.149747 -0.922682
 169.000000 2.058149 -0.461210
 169.100000 1.868334 -0.120867
 169.200000 1.632616 0.012476
 169.300000 1.352012 -0.021971
 169.400000 1.113703 -0.228375
 169.500000 0.944241 -0.527132
 169.600000 0.889502 -0.895154
 169.700000 0.957588 -1.272095
 169.800000 1.084721 -1.556789
 169.900000 1.167646 -1.615176
 170.000000 1.179005 -1.428563
 170.100000 1.213428 -1.026025
 170.200000 1.307622 -0.600885
 170.300000 1.488268 -0.265157
 170.400000 1.665703 -0.050617
 170.500000 1.807775 -0.000646
 170.600000 1.932431 -0.164024
 170.700000 1.966162 -0.539339
 170.800000 1.965150 -1.001241
 170.900000 1.919648 -1.371344
 171.000000 1.802376 -1.434783
 171.100000 1.648701 -1.183732
 171.200000 1.477529 -0.743152
 171.300000 1.352139 -0.338788
 171.400000 1.267534 -0.018383
 171.500000 1.192127 0.132073
 171.600000 1.112662 0.148315
 171.700000 1.030426 0.065993
 171.800000 0.984417 -0.112200
 171.900000 1.024927 -0.409331
 172.000000 1.146163 -0.756643
 172.100000 1.295532 -1.162653
 172.200000 1.453321 -1.481113
 172.300000 1.564549 -1.493822
 172.400000 1.590938 -1.180503
 172.500000 1.591279 -0.706207
 172.600000 1.594660 -0.283328
 172.700000 1.588427 0.011105
 172.800000 1.521508 0.152764
 172.900000 1.445020 0.129088
 173.000000 1.400293 -0.057348
 173.100000 1.374480 -0.421732
 173.200000 1.402508 -0.877046
 173.300000 1.500998 -1.318395
 173.400000 1.554054 -1.545775
 173.500000 1.554984 -1.427680
 173.600000 1.491655 -1.025040
 173.700000 1.451210 -0.537975
 173.800000 1.446895 -0.134779
 173.900000 1.459631 0.114980
 174.000000 1.524750 0.221977
 174.100000 1.606478 0.195050
 174.200000 1.627387 0.001705
 174.300000 1.573230 -0.318207
 174.400000 1.496396 -0.767954
 174.500000 1.471144 -1.256933
 174.600000 1.438575 -1.579111
 174.700000 1.329344 -1.571514
 174.800000 1.200390 -1.260614
 174.900000 1.089701 -0.807429
 175.000000 1.032018 -0.401619
 175.100000 1.049596 -0.059043
 175.200000 1.135370 0.196910
 175.300000 1.207252 0.366505
 175.400000 1.301901 0.449643
 175.500000 1.370464 0.436331
 175.600000 1.399308 0.300043
 175.700000 1.392637 0.076131
 175.800000 1.401083 -0.280157
 175.900000 1.463482 -0.761492
 176.000000 1.583565 -1.266989
 176.100000 1.672705 -1.579627
 176.200000 1.672605 -1.540949
 176.300000 1.596467 -1.169093
 176.400000 1.518375 -0.639050
 176.500000 1.449342 -0.163069
 176.600000 1.391718 0.174972
 176.700000 1.334107 0.405930
 176.800000 1.246683 0.532615
 176.900000 1.142027 0.558259
 177.000000 1.007038 0.474291
 177.100000 0.840727 0.330667
 177.200000 0.672718 0.128290
 177.300000 0.524465 -0.118344
 177.400000 0.425528 -0.404154
 177.500000 0.382913 -0.734689
 177.600000 0.377278 -1.126006
 177.700000 0.410371 -1.518002
 177.800000 0.444506 -1.870633
 177.900000 0.410240 -2.015018
 178.000000 0.282705 -1.874715
 178.100000 0.065242 -1.533850
 178.200000 -0.118983 -1.150836
 178.300000 -0.285318 -0.811705
 178.400000 -0.470616 -0.518554
 178.500000 -0.672432 -0.267772
 178.600000 -0.933406 -0.013106
 178.700000 -1.247011 0.304362
 178.800000 -1.628249 0.680246
 178.900000 -2.072543 1.083857
 179.000000 -2.478567 1.229243
 179.100000 -2.612939 1.056612
 179.200000 -2.386340 0.707901
 179.300000 -1.947408 0.437496
 179.400000 -1.480203 0.313350
 179.500000 -1.063081 0.277964
 179.600000 -0.720574 0.274636
 179.700000 -0.476550 0.344246
 179.800000 -0.298857 0.468223
 179.900000 -0.191658 0.660713
 180.000000 -0.154327 0.901223
 180.100000 -0.133335 1.162990
 180.200000 -0.084462 1.468435
 180.300000 -0.070926 1.756227
 180.400000 -0.055782 1.941764
 180.500000 -0.017217 1.930153
 180.600000 0.036161 1.752051
 180.700000 0.001690 1.496663
 180.800000 -0.132839 1.211054
 180.900000 -0.297549 0.979742
 181.000000 -0.555933 0.793485
 181.100000 -0.920449 0.651214
 181.200000 -1.346271 0.522333
 181.300000 -1.865597 0.440307
 181.400000 -2.361024 0.483636
 181.500000 -2.640025 0.657954
 181.600000 -2.544961 0.938741
 181.700000 -2.138427 1.125396
 181.800000 -1.648725 1.037005
 181.900000 -1.214047 0.821564
 182.000000 -0.881850 0.631604
 182.100000 -0.596063 0.486692
 182.200000 -0.388640 0.376775
 182.300000 -0.254430 0.325559
 182.400000 -0.196819 0.303305
 182.500000 -0.203078 0.319120
 182.600000 -0.274106 0.371480
 182.700000 -0.418169 0.477797
 182.800000 -0.639751 0.628334
 182.900000 -0.947453 0.777334
 183.000000 -1.284203 1.018826
 183.100000 -1.697064 1.265975
 183.200000 -2.118900 1.272044
 183.300000 -2.453577 1.062772
 183.400000 -2.549143 0.659740
 183.500000 -2.333445 0.347105
 183.600000 -1.910728 0.223265
 183.700000 -1.414151 0.240037
 183.800000 -0.945035 0.326624
 183.900000 -0.561207 0.462777
 184.000000 -0.268900 0.662463
 184.100000 -0.039082 0.900318
 184.200000 0.173324 1.167415
 184.300000 0.339917 1.458550
 184.400000 0.471848 1.725861
 184.500000 0.537796 1.913559
 184.600000 0.487698 1.979061
 184.700000 0.352957 1.894228
 184.800000 0.185795 1.706178
 184.900000 -0.023801 1.463703
 185.000000 -0.299163 1.195604
 185.100000 -0.662075 0.966566
 185.200000 -1.111536 0.770740
 185.300000 -1.660964 0.635641
 185.400000 -2.267973 0.578664
 185.500000 -2.693554 0.642791
 185.600000 -2.672410 0.835198
 185.700000 -2.240731 1.032791
 185.800000 -1.665461 1.021472
 185.900000 -1.125471 0.885354
 186.000000 -0.657471 0.811753
 186.100000 -0.261169 0.804344
 186.200000 0.075932 0.835603
 186.300000 0.388336 0.927067
 186.400000 0.650189 1.058003
 186.500000 0.833186 1.187276
 186.600000 0.922947 1.283497
 186.700000 0.864156 1.318911
 186.800000 0.668833 1.325022
 186.900000 0.385457 1.332892
 187.000000 0.036136 1.357450
 187.100000 -0.378470 1.377427
 187.200000 -0.794869 1.406050
 187.300000 -1.248854 1.359038
 187.400000 -1.744875 1.184687
 187.500000 -2.201767 0.795484
 187.600000 -2.553447 0.415278
 187.700000 -2.527013 0.262883
 187.800000 -2.102285 0.385569
 187.900000 -1.557771 0.664885
 188.000000 -1.067471 0.990261
 188.100000 -0.613688 1.285914
 188.200000 -0.203641 1.525152
 188.300000 0.160671 1.720579
 188.400000 0.469873 1.851341
 188.500000 0.720140 1.876915
 188.600000 0.797130 1.754336
 188.700000 0.694961 1.535865
 188.800000 0.460423 1.286681
 188.900000 0.172124 1.052791
 189.000000 -0.155076 0.867397
 189.100000 -0.519672 0.702931
 189.200000 -0.952542 0.542687
 189.300000 -1.455384 0.395786
 189.400000 -2.022864 0.362051
 189.500000 -2.501651 0.493167
 189.600000 -2.674121 0.757591
 189.700000 -2.460193 1.055859
 189.800000 -2.007094 1.174028
 189.900000 -1.501879 1.058136
 190.000000 -1.097202 0.823652
 190.100000 -0.750370 0.636939
 190.200000 -0.492913 0.486540
 190.300000 -0.330423 0.382202
 190.400000 -0.247196 0.332530
 190.500000 -0.233629 0.306483
 190.600000 -0.276611 0.312209
 190.700000 -0.370504 0.339020
 190.800000 -0.512996 0.395338
 190.900000 -0.726816 0.500251
 191.000000 -1.001487 0.653056
 191.100000 -1.366834 0.818125
 191.200000 -1.889665 0.940158
 191.300000 -2.402431 0.959743
 191.400000 -2.673783 0.876095
 191.500000 -2.544475 0.769470
 191.600000 -2.120817 0.720002
 191.700000 -1.605865 0.779087
 191.800000 -1.169663 0.874002
 191.900000 -0.840230 0.994107
 192.000000 -0.577135 1.159477
 192.100000 -0.388652 1.297761
 192.200000 -0.220859 1.457656
 192.300000 -0.061872 1.598611
 192.400000 0.031313 1.710418
 192.500000 0.032570 1.777835
 192.600000 -0.035386 1.766878
 192.700000 -0.127023 1.650350
 192.800000 -0.241239 1.436075
 192.900000 -0.367910 1.222773
 193.000000 -0.588992 1.033483
 193.100000 -0.928194 0.860943
 193.200000 -1.345754 0.769542
 193.300000 -1.899564 0.719447
 193.400000 -2.446084 0.778429
 193.500000 -2.725476 0.878154
 193.600000 -2.563193 0.940455
 193.700000 -2.054045 0.909490
 193.800000 -1.457120 0.807882
 193.900000 -1.010609 0.653225
 194.000000 -0.652117 0.488885
 194.100000 -0.334059 0.358028
 194.200000 -0.069293 0.254824
 194.300000 0.154942 0.180991
 194.400000 0.369226 0.124913
 194.500000 0.628075 0.058306
 194.600000 0.932084 -0.049970
 194.700000 1.286231 -0.260366
 194.800000 1.693363 -0.566813
 194.900000 2.107833 -0.945213
 195.000000 2.395562 -1.283977
 195.100000 2.383413 -1.295836
 195.200000 2.081115 -0.959029
 195.300000 1.657846 -0.571262
 195.400000 1.246006 -0.263959
 195.500000 0.892101 -0.047253
 195.600000 0.597251 0.070956
 195.700000 0.359634 0.157377
 195.800000 0.136712 0.230430
 195.900000 -0.120362 0.311508
 196.000000 -0.422424 0.421157
 196.100000 -0.797829 0.577238
 196.200000 -1.233482 0.788840
 196.300000 -1.804518 0.965534
 196.400000 -2.381616 0.993699
 196.500000 -2.739737 0.860988
 196.600000 -2.635139 0.696747
 196.700000 -2.149280 0.607304
 196.800000 -1.561695 0.633693
 196.900000 -1.060858 0.699553
 197.000000 -0.676464 0.806551
 197.100000 -0.389220 1.016100
 197.200000 -0.224386 1.270955
 197.300000 -0.107599 1.568410
 197.400000 -0.056221 1.806911
 197.500000 -0.010282 1.908119
 197.600000 0.039391 1.827465
 197.700000 0.048225 1.650723
 197.800000 -0.046576 1.452953
 197.900000 -0.228803 1.255574
 198.000000 -0.444265 1.123541
 198.100000 -0.759191 1.009093
 198.200000 -1.171053 0.926535
 198.300000 -1.654834 0.862310
 198.400000 -2.221801 0.801855
 198.500000 -2.636177 0.787620
 198.600000 -2.679809 0.806012
 198.700000 -2.318914 0.849903
 198.800000 -1.752652 0.902636
 198.900000 -1.241609 0.926814
 199.000000 -0.840906 0.941103
 199.100000 -0.525954 1.012233
 199.200000 -0.320007 1.089128
 199.300000 -0.181427 1.156808
 199.400000 -0.029384 1.277953
 199.500000 0.076864 1.372841
 199.600000 0.158994 1.434044
 199.700000 0.243109 1.435616
 199.800000 0.319375 1.387872
 199.900000 0.343348 1.337226
 200.000000 0.314083 1.290002
 200.100000 0.223157 1.257648
 200.200000 0.049536 1.227134
 200.300000 -0.154238 1.188741
 200.400000 -0.336698 1.218821
 200.500000 -0.562128 1.322131
 200.600000 -0.881986 1.385371
 200.700000 -1.245698 1.334600
 200.800000 -1.636927 1.163656
 200.900000 -1.988092 0.803119
 201.000000 -2.276311 0.455055
 201.100000 -2.396346 0.240791
 201.200000 -2.242054 0.288101
 201.300000 -1.898002 0.518853
 201.400000 -1.543640 0.858980
 201.500000 -1.380602 1.249444
 201.600000 -1.320190 1.544520
 201.700000 -1.242985 1.590447
 201.800000 -1.154314 1.357612
 201.900000 -1.111385 1.017886
 202.000000 -1.156358 0.698122
 202.100000 -1.385292 0.392769
 202.200000 -1.725813 0.176747
 202.300000 -2.032190 0.064102
 202.400000 -2.232751 0.134430
 202.500000 -2.260150 0.452025
 202.600000 -2.139914 0.923206
 202.700000 -1.956356 1.329911
 202.800000 -1.773929 1.488490
 202.900000 -1.527624 1.343053
 203.000000 -1.295104 0.983182
 203.100000 -1.167486 0.587938
 203.200000 -1.217259 0.196868
 203.300000 -1.292562 -0.126440
 203.400000 -1.400468 -0.363230
 203.500000 -1.462478 -0.487447
 203.600000 -1.476563 -0.471411
 203.700000 -1.413963 -0.314340
 203.800000 -1.302681 -0.055302
 203.900000 -1.211221 0.287086
 204.000000 -1.165308 0.660634
 204.100000 -1.295118 1.029622
 204.200000 -1.486493 1.420340
 204.300000 -1.639195 1.597840
 204.400000 -1.644274 1.413542
 204.500000 -1.559675 0.949173
 204.600000 -1.580288 0.431685
 204.700000 -1.646612 -0.015218
 204.800000 -1.693443 -0.303365
 204.900000 -1.664829 -0.416582
 205.000000 -1.505644 -0.368172
 205.100000 -1.274240 -0.194628
 205.200000 -1.106728 0.079601
 205.300000 -1.012822 0.447068
 205.400000 -1.010274 0.803461
 205.500000 -1.028779 1.207927
 205.600000 -1.109590 1.544270
 205.700000 -1.200645 1.645476
 205.800000 -1.272839 1.415298
 205.900000 -1.353199 1.002684
 206.000000 -1.558013 0.560115
 206.100000 -1.820715 0.165962
 206.200000 -2.009560 -0.080101
 206.300000 -2.061066 -0.100671
 206.400000 -1.924693 0.107744
 206.500000 -1.695798 0.480300
 206.600000 -1.536200 0.964753
 206.700000 -1.525531 1.394844
 206.800000 -1.523365 1.585892
 206.900000 -1.444084 1.437982
 207.000000 -1.345046 1.072501
 207.100000 -1.324769 0.644378
 207.200000 -1.448176 0.244147
 207.300000 -1.662640 -0.034497
 207.400000 -1.840207 -0.171943
 207.500000 -1.929816 -0.173285
 207.600000 -1.907459 0.001246
 207.700000 -1.815560 0.331675
 207.800000 -1.728490 0.820640
 207.900000 -1.672960 1.297310
 208.000000 -1.506395 1.516789
 208.100000 -1.282038 1.460373
 208.200000 -1.060156 1.211894
 208.300000 -0.921176 0.887289
 208.400000 -0.828515 0.596104
 208.500000 -0.766989 0.376366
 208.600000 -0.781180 0.219945
 208.700000 -0.908453 0.081962
 208.800000 -1.141782 0.006274
 208.900000 -1.427705 0.063491
 209.000000 -1.770359 0.224028
 209.100000 -2.114659 0.491078
 209.200000 -2.355139 0.919785
 209.300000 -2.393533 1.288189
 209.400000 -2.162197 1.334226
 209.500000 -1.800256 1.108646
 209.600000 -1.417398 0.734688
 209.700000 -1.172162 0.381750
 209.800000 -0.978614 0.118153
 209.900000 -0.859897 -0.086567
 210.000000 -0.808327 -0.240689
 210.100000 -0.811912 -0.402669
 210.200000 -0.849194 -0.585310
 210.300000 -0.885556 -0.774001
 210.400000 -0.910942 -0.941716
 210.500000 -0.922716 -1.081396
 210.600000 -0.885970 -1.208390
 210.700000 -0.805221 -1.296228
 210.800000 -0.659382 -1.393742
 210.900000 -0.447947 -1.524348
 211.000000 -0.202571 -1.650946
 211.100000 0.069330 -1.774131
 211.200000 0.321610 -1.758123
 211.300000 0.538891 -1.563333
 211.400000 0.719624 -1.271023
 211.500000 0.946102 -0.980365
 211.600000 1.259344 -0.728852
 211.700000 1.639814 -0.553131
 211.800000 1.996942 -0.387379
 211.900000 2.255016 -0.327644
 212.000000 2.289493 -0.494177
 212.100000 2.076109 -0.827615
 212.200000 1.747958 -1.153246
 212.300000 1.378235 -1.289534
 212.400000 0.998364 -1.224894
 212.500000 0.682718 -1.065047
 212.600000 0.414137 -0.931676
 212.700000 0.196308 -0.860522
 212.800000 0.016598 -0.854207
 212.900000 -0.117291 -0.882593
 213.000000 -0.230864 -0.949901
 213.100000 -0.398466 -1.078235
 213.200000 -0.593263 -1.250681
 213.300000 -0.712314 -1.440745
 213.400000 -0.726116 -1.650048
 213.500000 -0.624071 -1.810238
 213.600000 -0.442691 -1.860588
 213.700000 -0.181018 -1.800468
 213.800000 0.122239 -1.682096
 213.900000 0.406203 -1.507193
 214.000000 0.707424 -1.296902
 214.100000 1.080931 -1.062321
 214.200000 1.549576 -0.810966
 214.300000 2.066960 -0.645023
 214.400000 2.503459 -0.619304
 214.500000 2.638881 -0.694569
 214.600000 2.396838 -0.869577
 214.700000 1.924286 -1.066974
 214.800000 1.362786 -1.138048
 214.900000 0.837574 -1.128338
 215.000000 0.386669 -1.061376
 215.100000 -0.007798 -0.983321
 215.200000 -0.364386 -0.961496
 215.300000 -0.716888 -0.996300
 215.400000 -1.023786 -1.074181
 215.500000 -1.227137 -1.137181
 215.600000 -1.256259 -1.126993
 215.700000 -1.102457 -1.016856
 215.800000 -0.835870 -0.850871
 215.900000 -0.565980 -0.671326
 216.000000 -0.311666 -0.523432
 216.100000 -0.048864 -0.400189
 216.200000 0.222659 -0.327316
 216.300000 0.524024 -0.306660
 216.400000 0.888996 -0.359855
 216.500000 1.327131 -0.480334
 216.600000 1.804939 -0.666482
 216.700000 2.259978 -0.954280
 216.800000 2.477946 -1.191670
 216.900000 2.376605 -1.170926
 217.000000 2.016247 -0.914432
 217.100000 1.541631 -0.644241
 217.200000 1.063244 -0.485826
 217.300000 0.664859 -0.391318
 217.400000 0.334041 -0.334432
 217.500000 0.063292 -0.311683
 217.600000 -0.160432 -0.359312
 217.700000 -0.387861 -0.437227
 217.800000 -0.661052 -0.514180
 217.900000 -0.956360 -0.587037
 218.000000 -1.225550 -0.635244
 218.100000 -1.449927 -0.592062
 218.200000 -1.584023 -0.428398
 218.300000 -1.640065 -0.139139
 218.400000 -1.651727 0.292411
 218.500000 -1.692863 0.812273
 218.600000 -1.796886 1.324261
 218.700000 -1.860673 1.555662
 218.800000 -1.890033 1.383245
 218.900000 -1.888239 0.906130
 219.000000 -1.850870 0.348731
 219.100000 -1.774857 -0.071836
 219.200000 -1.624484 -0.355200
 219.300000 -1.440960 -0.487378
 219.400000 -1.208079 -0.501511
 219.500000 -0.966699 -0.405441
 219.600000 -0.770932 -0.272949
 219.700000 -0.594059 -0.123946
 219.800000 -0.468647 0.057658
 219.900000 -0.411344 0.266556
 220.000000 -0.423098 0.476994
 220.100000 -0.513493 0.757441
 220.200000 -0.619407 1.077904
 220.300000 -0.834978 1.405801
 220.400000 -1.094848 1.629753
 220.500000 -1.335340 1.576880
 220.600000 -1.537531 1.236318
 220.700000 -1.769223 0.719093
 220.800000 -2.029338 0.248191
 220.900000 -2.228842 -0.013659
 221.000000 -2.206069 0.020830
 221.100000 -1.974290 0.328894
 221.200000 -1.725265 0.826941
 221.300000 -1.523154 1.322104
 221.400000 -1.349450 1.596488
 221.500000 -1.139452 1.563302
 221.600000 -0.937542 1.277535
 221.700000 -0.791018 0.931712
 221.800000 -0.750218 0.623360
 221.900000 -0.816489 0.333615
 222.000000 -0.996578 0.102553
 222.100000 -1.262305 -0.055690
 222.200000 -1.576535 -0.114659
 222.300000 -1.857663 -0.052955
 222.400000 -2.046724 0.127032
 222.500000 -2.156799 0.476422
 222.600000 -2.145772 0.953981
 222.700000 -2.078139 1.329713
 222.800000 -1.962255 1.444379
 222.900000 -1.808659 1.256639
 223.000000 -1.623396 0.821809
 223.100000 -1.480775 0.409901
 223.200000 -1.388825 0.092129
 223.300000 -1.319911 -0.110177
 223.400000 -1.289405 -0.218615
 223.500000 -1.328796 -0.240012
 223.600000 -1.386257 -0.168560
 223.700000 -1.429174 0.015872
 223.800000 -1.480625 0.291953
 223.900000 -1.548048 0.642834
 224.000000 -1.668966 1.050483
 224.100000 -1.790114 1.337488
 224.200000 -1.869120 1.329403
 224.300000 -1.937270 1.080981
 224.400000 -1.970379 0.661052
 224.500000 -1.942616 0.307127
 224.600000 -1.886810 0.142534
 224.700000 -1.740330 0.100715
 224.800000 -1.530602 0.183296
 224.900000 -1.361487 0.334068
 225.000000 -1.322257 0.555756
 225.100000 -1.428047 0.861292
 225.200000 -1.693802 1.116553
 225.300000 -1.950490 1.230085
 225.400000 -2.158645 1.156717
 225.500000 -2.294909 0.852209
 225.600000 -2.278919 0.540874
 225.700000 -2.124279 0.383484
 225.800000 -1.879562 0.359843
 225.900000 -1.658708 0.585511
 226.000000 -1.560475 0.913760
 226.100000 -1.581180 1.251198
 226.200000 -1.628362 1.388087
 226.300000 -1.620950 1.264905
 226.400000 -1.589004 0.936348
 226.500000 -1.672402 0.609144
 226.600000 -1.888247 0.389280
 226.700000 -2.129378 0.402339
 226.800000 -2.260025 0.553765
 226.900000 -2.250495 0.836715
 227.000000 -2.134691 1.093753
 227.100000 -1.979548 1.102007
 227.200000 -1.773007 0.850124
 227.300000 -1.621176 0.546262
 227.400000 -1.591248 0.319716
 227.500000 -1.553600 0.202970
 227.600000 -1.541688 0.185963
 227.700000 -1.531629 0.251096
 227.800000 -1.499392 0.425923
 227.900000 -1.466644 0.644994
 228.000000 -1.454145 0.908678
 228.100000 -1.622452 1.156391
 228.200000 -1.816573 1.255292
 228.300000 -1.953968 1.109969
 228.400000 -2.050896 0.758166
 228.500000 -2.084669 0.435349
 228.600000 -2.043717 0.257837
 228.700000 -2.022714 0.297161
 228.800000 -2.005531 0.547416
 228.900000 -1.920611 0.925109
 229.000000 -1.800317 1.200308
 229.100000 -1.601333 1.231258
 229.200000 -1.435451 1.048121
 229.300000 -1.500425 0.823652
 229.400000 -1.754794 0.613042
 229.500000 -2.080016 0.492803
 229.600000 -2.269483 0.426283
 229.700000 -2.276224 0.420980
 229.800000 -2.125057 0.483144
 229.900000 -1.836653 0.606037
 230.000000 -1.563041 0.823650
 230.100000 -1.452802 1.090172
 230.200000 -1.551857 1.297717
 230.300000 -1.687436 1.321430
 230.400000 -1.703054 1.114874
 230.500000 -1.682554 0.740809
 230.600000 -1.806262 0.404257
 230.700000 -1.981130 0.242857
 230.800000 -2.145306 0.276266
 230.900000 -2.236686 0.492398
 231.000000 -2.187621 0.841385
 231.100000 -2.048421 1.179770
 231.200000 -1.842067 1.306589
 231.300000 -1.584567 1.208120
 231.400000 -1.397815 0.948092
 231.500000 -1.407666 0.632386
 231.600000 -1.486151 0.302197
 231.700000 -1.607846 0.047341
 231.800000 -1.727855 -0.066342
 231.900000 -1.720254 -0.024642
 232.000000 -1.602744 0.187559
 232.100000 -1.451151 0.492620
 232.200000 -1.316607 0.839668
 232.300000 -1.239800 1.121441
 232.400000 -1.132520 1.389841
 232.500000 -1.034380 1.527863
 232.600000 -0.956959 1.475675
 232.700000 -0.892374 1.285826
 232.800000 -0.842159 1.038101
 232.900000 -0.853462 0.804385
 233.000000 -0.921755 0.604962
 233.100000 -1.027437 0.393143
 233.200000 -1.226847 0.178198
 233.300000 -1.469382 0.016730
 233.400000 -1.748708 -0.038502
 233.500000 -1.951324 0.064726
 233.600000 -2.093051 0.329557
 233.700000 -2.176379 0.776961
 233.800000 -2.169644 1.233370
 233.900000 -2.065435 1.453103
 234.000000 -1.840325 1.313890
 234.100000 -1.557643 0.928508
 234.200000 -1.345398 0.484242
 234.300000 -1.242472 0.094140
 234.400000 -1.225364 -0.230583
 234.500000 -1.271296 -0.495915
 234.600000 -1.301224 -0.643448
 234.700000 -1.303621 -0.663312
 234.800000 -1.236060 -0.581025
 234.900000 -1.122436 -0.375142
 235.000000 -1.039776 -0.123046
 235.100000 -0.978604 0.187426
 235.200000 -1.014036 0.560156
 235.300000 -1.199212 0.894491
 235.400000 -1.453625 1.251887
 235.500000 -1.741061 1.487411
 235.600000 -1.976902 1.409534
 235.700000 -2.176037 1.083884
 235.800000 -2.300526 0.583420
 235.900000 -2.281530 0.193340
 236.000000 -2.042635 0.071991
 236.100000 -1.662492 0.145822
 236.200000 -1.263998 0.306653
 236.300000 -0.935013 0.528264
 236.400000 -0.675408 0.740434
 236.500000 -0.464681 0.999039
 236.600000 -0.317287 1.264368
 236.700000 -0.236622 1.576685
 236.800000 -0.174611 1.824666
 236.900000 -0.098408 1.904755
 237.000000 -0.003271 1.803027
 237.100000 0.051976 1.584844
 237.200000 0.021003 1.328724
 237.300000 -0.073634 1.037145
 237.400000 -0.145448 0.795140
 237.500000 -0.213697 0.558534
 237.600000 -0.287661 0.353969
 237.700000 -0.382673 0.164876
 237.800000 -0.535405 -0.010972
 237.900000 -0.744170 -0.154343
 238.000000 -1.011651 -0.268061
 238.100000 -1.307098 -0.403839
 238.200000 -1.560278 -0.488036
 238.300000 -1.715121 -0.443072
 238.400000 -1.746579 -0.191506
 238.500000 -1.684363 0.205249
 238.600000 -1.632419 0.687218
 238.700000 -1.695999 1.211773
 238.800000 -1.679814 1.527218
 238.900000 -1.557048 1.517273
 239.000000 -1.379878 1.203618
 239.100000 -1.210087 0.810800
 239.200000 -1.138493 0.410022
 239.300000 -1.117623 0.043796
 239.400000 -1.200729 -0.218707
 239.500000 -1.360102 -0.412317
 239.600000 -1.467890 -0.536241
 239.700000 -1.484924 -0.545305
 239.800000 -1.398621 -0.425586
 239.900000 -1.233649 -0.218662
 240.000000 -1.158377 0.073854
 240.100000 -1.153017 0.457855
 240.200000 -1.186361 0.835236
 240.300000 -1.306492 1.218340
 240.400000 -1.373739 1.553365
 240.500000 -1.387059 1.625025
 240.600000 -1.337288 1.360888
 240.700000 -1.247362 0.981609
 240.800000 -1.173163 0.624669
 240.900000 -1.261592 0.272094
 241.000000 -1.442032 -0.022655
 241.100000 -1.651976 -0.228847
 241.200000 -1.829172 -0.284015
 241.300000 -1.877163 -0.116371
 241.400000 -1.834099 0.219666
 241.500000 -1.740728 0.682932
 241.600000 -1.715080 1.199016
 241.700000 -1.602550 1.495953
 241.800000 -1.406351 1.493647
 241.900000 -1.173361 1.247099
 242.000000 -0.976907 0.921429
 242.100000 -0.801549 0.637742
 242.200000 -0.668754 0.408684
 242.300000 -0.630922 0.213781
 242.400000 -0.633965 0.038056
 242.500000 -0.720299 -0.090285
 242.600000 -0.861268 -0.157942
 242.700000 -1.004020 -0.137146
 242.800000 -1.110959 -0.024759
 242.900000 -1.273199 0.200260
 243.000000 -1.542238 0.493959
 243.100000 -1.910144 0.822612
 243.200000 -2.289373 1.106127
 243.300000 -2.526520 1.129146
 243.400000 -2.476537 0.868538
 243.500000 -2.168410 0.592515
 243.600000 -1.723914 0.441848
 243.700000 -1.311038 0.413933
 243.800000 -0.991091 0.455602
 243.900000 -0.767347 0.514333
 244.000000 -0.626539 0.593045
 244.100000 -0.581012 0.684854
 244.200000 -0.563059 0.796876
 244.300000 -0.557440 0.977178
 244.400000 -0.625104 1.194100
 244.500000 -0.835426 1.397506
 244.600000 -1.077954 1.495818
 244.700000 -1.320272 1.438773
 244.800000 -1.554727 1.207199
 244.900000 -1.828194 0.817741
 245.000000 -2.065747 0.404387
 245.100000 -2.226050 0.135212
 245.200000 -2.241959 0.179973
 245.300000 -2.099050 0.490486
 245.400000 -1.850364 0.902765
 245.500000 -1.559013 1.235427
 245.600000 -1.283537 1.379906
 245.700000 -1.037922 1.406043
 245.800000 -0.806755 1.338510
 245.900000 -0.633135 1.200725
 246.000000 -0.588865 1.032725
 246.100000 -0.676813 0.876886
 246.200000 -0.884167 0.806358
 246.300000 -1.155954 0.798883
 246.400000 -1.565361 0.828135
 246.500000 -2.092079 0.814597
 246.600000 -2.540759 0.826013
 246.700000 -2.678221 0.843021
 246.800000 -2.390565 0.867314
 246.900000 -1.858555 0.884802
 247.000000 -1.327540 0.863877
 247.100000 -0.913320 0.811150
 247.200000 -0.553697 0.838763
 247.300000 -0.258433 0.923647
 247.400000 -0.038165 1.048649
 247.500000 0.188551 1.226806
 247.600000 0.340786 1.421091
 247.700000 0.426228 1.637056
 247.800000 0.469053 1.805914
 247.900000 0.446910 1.888083
 248.000000 0.361806 1.845835
 248.100000 0.252839 1.728141
 248.200000 0.150861 1.534318
 248.300000 0.018598 1.291107
 248.400000 -0.139863 1.038294
 248.500000 -0.292181 0.866870
 248.600000 -0.525295 0.719481
 248.700000 -0.785257 0.595047
 248.800000 -1.116381 0.481655
 248.900000 -1.529582 0.344928
 249.000000 -1.958605 0.308677
 249.100000 -2.377003 0.433497
 249.200000 -2.603472 0.689570
 249.300000 -2.501259 1.014920
 249.400000 -2.138476 1.184399
 249.500000 -1.693678 1.108039
 249.600000 -1.262600 0.915259
 249.700000 -0.915432 0.767823
 249.800000 -0.604885 0.718196
 249.900000 -0.373442 0.679303
 250.000000 -0.226173 0.680742
