#! FIELDS time p.x p.y
 0.000000 -0.797616 -0.753934
 0.100000 -0.872817 -0.761342
 0.200000 -0.935366 -0.744691
 0.300000 -0.973397 -0.695238
 0.400000 -0.985934 -0.617210
 0.500000 -0.980274 -0.523244
 0.600000 -0.987784 -0.416266
 0.700000 -1.023674 -0.249289
 0.800000 -1.079724 -0.022750
 0.900000 -1.221529 0.271591
 1.000000 -1.461318 0.648073
 1.100000 -1.778332 1.061985
 1.200000 -2.103321 1.325615
 1.300000 -2.300172 1.242200
 1.400000 -2.301683 0.850744
 1.500000 -2.133512 0.413485
 1.600000 -1.843211 0.126687
 1.700000 -1.515567 0.025131
 1.800000 -1.227450 0.075851
 1.900000 -1.010195 0.238698
 2.000000 -0.889627 0.452360
 2.100000 -0.874873 0.728572
 2.200000 -0.961394 1.055287
 2.300000 -1.160159 1.351971
 2.400000 -1.389195 1.489055
 2.500000 -1.604280 1.345384
 2.600000 -1.820356 0.961580
 2.700000 -2.032348 0.505713
 2.800000 -2.155002 0.162213
 2.900000 -2.090456 0.053182
 3.000000 -1.817825 0.176173
 3.100000 -1.491388 0.477819
 3.200000 -1.229078 0.842565
 3.300000 -1.062348 1.210283
 3.400000 -0.969722 1.491126
 3.500000 -0.909782 1.578664
 3.600000 -0.849668 1.458909
 3.700000 -0.817147 1.213922
 3.800000 -0.865821 0.918026
 3.900000 -1.013985 0.631882
 4.000000 -1.299204 0.393568
 4.100000 -1.701228 0.243430
 4.200000 -2.104672 0.250488
 4.300000 -2.369510 0.458604
 4.400000 -2.388071 0.830260
 4.500000 -2.172812 1.178078
 4.600000 -1.816378 1.287034
 4.700000 -1.426064 1.160395
 4.800000 -1.106204 0.921427
 4.900000 -0.912930 0.687056
 5.000000 -0.845356 0.528567
 5.100000 -0.881263 0.471613
 5.200000 -1.051026 0.485439
 5.300000 -1.386391 0.556620
 5.400000 -1.837274 0.686340
 5.500000 -2.290703 0.867840
 5.600000 -2.558748 1.024053
 5.700000 -2.499905 1.022864
 5.800000 -2.145284 0.853265
 5.900000 -1.677371 0.647388
 6.000000 -1.255179 0.465981
 6.100000 -0.912224 0.358258
 6.200000 -0.700124 0.283387
 6.300000 -0.589245 0.243724
 6.400000 -0.548057 0.229339
 6.500000 -0.593498 0.272606
 6.600000 -0.729630 0.358479
 6.700000 -0.944359 0.476386
 6.800000 -1.284187 0.646537
 6.900000 -1.730379 0.888425
 7.000000 -2.239788 1.094346
 7.100000 -2.587631 1.113413
 7.200000 -2.582100 0.901661
 7.300000 -2.234190 0.632519
 7.400000 -1.738656 0.442245
 7.500000 -1.273729 0.373569
 7.600000 -0.913306 0.341382
 7.700000 -0.660920 0.334256
 7.800000 -0.508355 0.372690
 7.900000 -0.434014 0.467565
 8.000000 -0.458343 0.620062
 8.100000 -0.574241 0.852017
 8.200000 -0.786171 1.126403
 8.300000 -1.058232 1.374418
 8.400000 -1.364927 1.475463
 8.500000 -1.652883 1.300177
 8.600000 -1.938485 0.897184
 8.700000 -2.188881 0.450111
 8.800000 -2.267045 0.172864
 8.900000 -2.058292 0.163194
 9.000000 -1.705683 0.388851
 9.100000 -1.374303 0.756390
 9.200000 -1.137194 1.158891
 9.300000 -0.957141 1.473484
 9.400000 -0.812395 1.612641
 9.500000 -0.665650 1.567186
 9.600000 -0.542222 1.383662
 9.700000 -0.474170 1.133478
 9.800000 -0.501259 0.890147
 9.900000 -0.616786 0.705160
 10.000000 -0.833289 0.600815
 10.100000 -1.163290 0.615540
 10.200000 -1.610030 0.741771
 10.300000 -2.110318 0.891972
 10.400000 -2.505186 0.978285
 10.500000 -2.592360 0.936883
 10.600000 -2.322826 0.789228
 10.700000 -1.887865 0.639872
 10.800000 -1.458815 0.546076
 10.900000 -1.127378 0.522637
 11.000000 -0.920053 0.586406
 11.100000 -0.894061 0.759584
 11.200000 -0.993812 1.029984
 11.300000 -1.187666 1.277476
 11.400000 -1.423903 1.402843
 11.500000 -1.665551 1.289300
 11.600000 -1.884641 0.951016
 11.700000 -2.070542 0.537008
 11.800000 -2.163673 0.227018
 11.900000 -2.091289 0.152116
 12.000000 -1.878248 0.301317
 12.100000 -1.659935 0.619459
 12.200000 -1.490906 1.016105
 12.300000 -1.391807 1.349031
 12.400000 -1.307159 1.472249
 12.500000 -1.234653 1.338461
 12.600000 -1.232930 1.038110
 12.700000 -1.321502 0.685295
 12.800000 -1.500049 0.379639
 12.900000 -1.751476 0.162158
 13.000000 -1.938104 0.053605
 13.100000 -2.061169 0.128696
 13.200000 -2.074270 0.448712
 13.300000 -1.981507 0.926852
 13.400000 -1.839145 1.334370
 13.500000 -1.659204 1.438665
 13.600000 -1.454605 1.198888
 13.700000 -1.290887 0.808652
 13.800000 -1.212048 0.418485
 13.900000 -1.214965 0.097785
 14.000000 -1.287444 -0.148140
 14.100000 -1.412619 -0.307232
 14.200000 -1.537536 -0.333452
 14.300000 -1.620568 -0.191588
 14.400000 -1.644715 0.107222
 14.500000 -1.637227 0.549688
 14.600000 -1.651609 1.052283
 14.700000 -1.712906 1.452163
 14.800000 -1.749856 1.524504
 14.900000 -1.711625 1.168346
 15.000000 -1.671706 0.632369
 15.100000 -1.682231 0.155102
 15.200000 -1.661885 -0.181396
 15.300000 -1.563544 -0.345097
 15.400000 -1.396567 -0.343437
 15.500000 -1.224927 -0.234603
 15.600000 -1.053072 -0.048919
 15.700000 -0.935103 0.216899
 15.800000 -0.951214 0.503765
 15.900000 -1.157437 0.811576
 16.000000 -1.502498 1.130651
 16.100000 -1.911312 1.312870
 16.200000 -2.260913 1.177299
 16.300000 -2.451913 0.791476
 16.400000 -2.397271 0.395027
 16.500000 -2.076854 0.200544
 16.600000 -1.632705 0.216204
 16.700000 -1.204947 0.340791
 16.800000 -0.887754 0.495343
 16.900000 -0.676571 0.665410
 17.000000 -0.537591 0.900455
 17.100000 -0.489877 1.193387
 17.200000 -0.502624 1.495055
 17.300000 -0.523863 1.704214
 17.400000 -0.540515 1.742991
 17.500000 -0.521181 1.593841
 17.600000 -0.509527 1.321903
 17.700000 -0.542467 1.022343
 17.800000 -0.669322 0.772365
 17.900000 -0.927374 0.564080
 18.000000 -1.331019 0.464868
 18.100000 -1.852047 0.461447
 18.200000 -2.345517 0.590121
 18.300000 -2.603066 0.831020
 18.400000 -2.517938 1.047302
 18.500000 -2.136391 1.095648
 18.600000 -1.623009 0.970743
 18.700000 -1.151036 0.778228
 18.800000 -0.787740 0.633095
 18.900000 -0.526789 0.623903
 19.000000 -0.397125 0.695465
 19.100000 -0.348747 0.861473
 19.200000 -0.346573 1.114053
 19.300000 -0.391174 1.413547
 19.400000 -0.483166 1.668315
 19.500000 -0.576755 1.782662
 19.600000 -0.650097 1.664398
 19.700000 -0.713794 1.372828
 19.800000 -0.823559 0.995560
 19.900000 -1.029103 0.628521
 20.000000 -1.370775 0.347346
 20.100000 -1.816455 0.123263
 20.200000 -2.203489 0.055178
 20.300000 -2.352841 0.266837
 20.400000 -2.219274 0.736299
 20.500000 -1.927671 1.243143
 20.600000 -1.554639 1.502005
 20.700000 -1.137503 1.450788
 20.800000 -0.735512 1.195831
 20.900000 -0.395745 0.916335
 21.000000 -0.123251 0.707720
 21.100000 0.128825 0.563482
 21.200000 0.367390 0.445517
 21.300000 0.606739 0.340874
 21.400000 0.837555 0.213689
 21.500000 1.101450 0.027841
 21.600000 1.419390 -0.259323
 21.700000 1.793068 -0.667247
 21.800000 2.140345 -1.134267
 21.900000 2.331510 -1.391803
 22.000000 2.245527 -1.225509
 22.100000 1.951907 -0.771491
 22.200000 1.612168 -0.329036
 22.300000 1.294236 -0.024352
 22.400000 1.025350 0.155702
 22.500000 0.788772 0.249410
 22.600000 0.584162 0.299416
 22.700000 0.423695 0.334378
 22.800000 0.319251 0.350341
 22.900000 0.224618 0.378879
 23.000000 0.130699 0.419022
 23.100000 0.007074 0.473120
 23.200000 -0.181518 0.562250
 23.300000 -0.432973 0.676280
 23.400000 -0.770711 0.834896
 23.500000 -1.230362 1.019972
 23.600000 -1.780185 1.143794
 23.700000 -2.323660 1.085087
 23.800000 -2.653482 0.847389
 23.900000 -2.572416 0.590854
 24.000000 -2.115000 0.452698
 24.100000 -1.522558 0.461883
 24.200000 -1.009312 0.605970
 24.300000 -0.644496 0.865542
 24.400000 -0.391338 1.187840
 24.500000 -0.191085 1.529634
 24.600000 -0.026843 1.828194
 24.700000 0.118156 1.988286
 24.800000 0.261463 1.956302
 24.900000 0.387327 1.774120
 25.000000 0.441796 1.507121
 25.100000 0.419561 1.224031
 25.200000 0.346963 0.951200
 25.300000 0.228289 0.707559
 25.400000 0.091930 0.505650
 25.500000 -0.091615 0.362162
 25.600000 -0.345560 0.251198
 25.700000 -0.668839 0.183526
 25.800000 -1.075766 0.164383
 25.900000 -1.559811 0.217266
 26.000000 -2.065795 0.390988
 26.100000 -2.476385 0.713187
 26.200000 -2.599187 1.078737
 26.300000 -2.366501 1.250270
 26.400000 -1.904287 1.132727
 26.500000 -1.395036 0.836882
 26.600000 -0.978819 0.529679
 26.700000 -0.726362 0.228119
 26.800000 -0.561388 -0.055693
 26.900000 -0.466398 -0.327907
 27.000000 -0.389940 -0.616670
 27.100000 -0.327234 -0.968578
 27.200000 -0.252471 -1.385749
 27.300000 -0.149856 -1.790487
 27.400000 -0.049925 -2.094744
 27.500000 0.013825 -2.152781
 27.600000 0.013517 -1.935605
 27.700000 -0.039055 -1.559266
 27.800000 -0.087655 -1.150575
 27.900000 -0.113690 -0.794698
 28.000000 -0.106370 -0.500359
 28.100000 -0.066640 -0.249468
 28.200000 -0.024346 -0.037520
 28.300000 -0.002273 0.163815
 28.400000 -0.009341 0.343324
 28.500000 -0.079727 0.511619
 28.600000 -0.203975 0.685185
 28.700000 -0.382939 0.914224
 28.800000 -0.627303 1.211226
 28.900000 -0.951682 1.502564
 29.000000 -1.281771 1.614639
 29.100000 -1.604597 1.393645
 29.200000 -1.931961 0.904490
 29.300000 -2.219751 0.367787
 29.400000 -2.357483 0.034437
 29.500000 -2.154253 0.030335
 29.600000 -1.729408 0.299329
 29.700000 -1.292351 0.706430
 29.800000 -0.941842 1.161265
 29.900000 -0.672280 1.555478
 30.000000 -0.410810 1.807043
 30.100000 -0.110556 1.872428
 30.200000 0.219858 1.762517
 30.300000 0.508108 1.574818
 30.400000 0.723836 1.373872
 30.500000 0.838109 1.152697
 30.600000 0.853190 0.911685
 30.700000 0.810490 0.650696
 30.800000 0.760928 0.354228
 30.900000 0.722147 0.039212
 31.000000 0.722270 -0.327685
 31.100000 0.829561 -0.776349
 31.200000 1.035264 -1.273835
 31.300000 1.271091 -1.669151
 31.400000 1.456727 -1.706863
 31.500000 1.527675 -1.317520
 31.600000 1.554610 -0.719337
 31.700000 1.608756 -0.160254
 31.800000 1.633765 0.235902
 31.900000 1.568037 0.421998
 32.000000 1.384166 0.414495
 32.100000 1.140778 0.262287
 32.200000 0.909159 0.009514
 32.300000 0.760425 -0.302996
 32.400000 0.714620 -0.682602
 32.500000 0.733833 -1.118917
 32.600000 0.811556 -1.544396
 32.700000 0.899720 -1.824733
 32.800000 0.908888 -1.788635
 32.900000 0.834735 -1.439968
 33.000000 0.751517 -0.966988
 33.100000 0.721836 -0.507916
 33.200000 0.775669 -0.091699
 33.300000 0.912163 0.274596
 33.400000 1.056771 0.574906
 33.500000 1.168856 0.803496
 33.600000 1.169934 0.946984
 33.700000 1.037387 1.018785
 33.800000 0.783758 1.004544
 33.900000 0.459818 0.974464
 34.000000 0.108525 0.964452
 34.100000 -0.301102 1.007918
 34.200000 -0.784564 1.096297
 34.300000 -1.341860 1.171415
 34.400000 -1.943131 1.139115
 34.500000 -2.467845 0.934369
 34.600000 -2.693430 0.661590
 34.700000 -2.463242 0.499564
 34.800000 -1.935038 0.518303
 34.900000 -1.364360 0.699552
 35.000000 -0.873287 0.934648
 35.100000 -0.471296 1.193567
 35.200000 -0.141109 1.455210
 35.300000 0.162430 1.679620
 35.400000 0.424773 1.840776
 35.500000 0.605634 1.907727
 35.600000 0.658878 1.837768
 35.700000 0.544889 1.661027
 35.800000 0.328062 1.450742
 35.900000 0.042477 1.243439
 36.000000 -0.292024 1.052846
 36.100000 -0.683145 0.908169
 36.200000 -1.172871 0.805054
 36.300000 -1.759042 0.728823
 36.400000 -2.375982 0.692025
 36.500000 -2.749275 0.716775
 36.600000 -2.631580 0.839814
 36.700000 -2.135485 0.964137
 36.800000 -1.529477 0.986362
 36.900000 -1.002356 0.918781
 37.000000 -0.616667 0.835732
 37.100000 -0.346176 0.757508
 37.200000 -0.133466 0.766672
 37.300000 0.022181 0.851785
 37.400000 0.110430 0.955496
 37.500000 0.139427 1.088952
 37.600000 0.130299 1.307149
 37.700000 0.076041 1.562422
 37.800000 0.005197 1.791241
 37.900000 -0.057660 1.913372
 38.000000 -0.107305 1.867069
 38.100000 -0.153750 1.637410
 38.200000 -0.200527 1.296933
 38.300000 -0.289048 0.976600
 38.400000 -0.427601 0.685503
 38.500000 -0.657463 0.443630
 38.600000 -0.974037 0.224493
 38.700000 -1.385193 0.062635
 38.800000 -1.846065 0.033128
 38.900000 -2.213603 0.190006
 39.000000 -2.378455 0.608283
 39.100000 -2.308018 1.136824
 39.200000 -2.045576 1.447654
 39.300000 -1.629869 1.337642
 39.400000 -1.195863 0.986870
 39.500000 -0.858240 0.613000
 39.600000 -0.611455 0.332480
 39.700000 -0.434954 0.074754
 39.800000 -0.326916 -0.170688
 39.900000 -0.251685 -0.422447
 40.000000 -0.190044 -0.714069
 40.100000 -0.133064 -1.089099
 40.200000 -0.058535 -1.510032
 40.300000 0.049186 -1.925321
 40.400000 0.118796 -2.178178
 40.500000 0.083330 -2.104051
 40.600000 -0.022645 -1.769295
 40.700000 -0.140505 -1.344155
 40.800000 -0.220890 -0.963924
 40.900000 -0.298330 -0.671695
 41.000000 -0.378344 -0.447802
 41.100000 -0.482859 -0.206212
 41.200000 -0.645455 0.057588
 41.300000 -0.905484 0.363543
 41.400000 -1.285636 0.688285
 41.500000 -1.757532 1.042981
 41.600000 -2.224506 1.263147
 41.700000 -2.512485 1.179349
 41.800000 -2.470769 0.824072
 41.900000 -2.130542 0.471150
 42.000000 -1.654331 0.273469
 42.100000 -1.170753 0.192694
 42.200000 -0.760220 0.175820
 42.300000 -0.434751 0.205540
 42.400000 -0.190581 0.271629
 42.500000 -0.006769 0.359397
 42.600000 0.102240 0.477612
 42.700000 0.167303 0.650224
 42.800000 0.215918 0.861663
 42.900000 0.248651 1.090028
 43.000000 0.252046 1.350107
 43.100000 0.192022 1.638523
 43.200000 0.083764 1.878715
 43.300000 -0.017995 1.982858
 43.400000 -0.078164 1.918973
 43.500000 -0.083715 1.708620
 43.600000 -0.091641 1.373230
 43.700000 -0.142330 1.043750
 43.800000 -0.226409 0.764173
 43.900000 -0.387163 0.547135
 44.000000 -0.613628 0.331447
 44.100000 -0.944847 0.147808
 44.200000 -1.372204 0.021846
 44.300000 -1.849349 0.008919
 44.400000 -2.253614 0.171990
 44.500000 -2.411921 0.581780
 44.600000 -2.307398 1.097024
 44.700000 -2.028210 1.413376
 44.800000 -1.621970 1.324472
 44.900000 -1.218992 1.003263
 45.000000 -0.886194 0.643106
 45.100000 -0.637229 0.376435
 45.200000 -0.445002 0.175349
 45.300000 -0.307841 -0.010895
 45.400000 -0.212342 -0.185944
 45.500000 -0.124984 -0.357259
 45.600000 -0.041298 -0.515729
 45.700000 0.075808 -0.724807
 45.800000 0.228172 -1.008928
 45.900000 0.413487 -1.339931
 46.000000 0.620959 -1.636714
 46.100000 0.807237 -1.785204
 46.200000 0.903707 -1.665983
 46.300000 0.957177 -1.313770
 46.400000 1.060867 -0.863637
 46.500000 1.246981 -0.439795
 46.600000 1.506530 -0.103381
 46.700000 1.785090 0.066279
 46.800000 1.968638 0.019941
 46.900000 1.993093 -0.273092
 47.000000 1.905349 -0.755360
 47.100000 1.791597 -1.257662
 47.200000 1.614183 -1.531281
 47.300000 1.361578 -1.440729
 47.400000 1.099756 -1.128952
 47.500000 0.900157 -0.767314
 47.600000 0.787093 -0.439928
 47.700000 0.779038 -0.201153
 47.800000 0.858155 -0.024378
 47.900000 1.017468 0.089242
 48.000000 1.200232 0.132776
 48.100000 1.435398 0.070963
 48.200000 1.681123 -0.131690
 48.300000 1.891526 -0.483767
 48.400000 2.059047 -0.959546
 48.500000 2.116378 -1.337657
 48.600000 1.981803 -1.374916
 48.700000 1.713421 -1.066067
 48.800000 1.435950 -0.652979
 48.900000 1.217051 -0.296493
 49.000000 1.061800 -0.051903
 49.100000 0.955377 0.104283
 49.200000 0.885009 0.206807
 49.300000 0.854189 0.253013
 49.400000 0.859341 0.257678
 49.500000 0.904530 0.226769
 49.600000 0.985133 0.141263
 49.700000 1.105171 -0.026096
 49.800000 1.304685 -0.288822
 49.900000 1.562997 -0.656767
 50.000000 1.861781 -1.063358
 50.100000 2.110317 -1.346673
 50.200000 2.167262 -1.307364
 50.300000 2.007749 -0.961642
 50.400000 1.772590 -0.543892
 50.500000 1.531420 -0.214715
 50.600000 1.331116 -0.020792
 50.700000 1.171096 0.031144
 50.800000 1.062934 -0.061802
 50.900000 1.003112 -0.282876
 51.000000 1.039040 -0.592092
 51.100000 1.162395 -0.992351
 51.200000 1.339672 -1.384609
 51.300000 1.503872 -1.568106
 51.400000 1.595018 -1.393605
 51.500000 1.640734 -0.962463
 51.600000 1.708687 -0.488351
 51.700000 1.788502 -0.113628
 51.800000 1.803467 0.065618
 51.900000 1.714685 0.013837
 52.000000 1.565944 -0.220941
 52.100000 1.428053 -0.625586
 52.200000 1.353142 -1.096381
 52.300000 1.325807 -1.498895
 52.400000 1.249579 -1.644765
 52.500000 1.106220 -1.463802
 52.600000 0.938231 -1.090858
 52.700000 0.841018 -0.707587
 52.800000 0.842480 -0.386821
 52.900000 0.930795 -0.155711
 53.000000 1.070286 -0.032555
 53.100000 1.285463 -0.003132
 53.200000 1.579218 -0.110538
 53.300000 1.869332 -0.355635
 53.400000 2.123069 -0.738006
 53.500000 2.274389 -1.134703
 53.600000 2.244118 -1.300931
 53.700000 2.005885 -1.156167
 53.800000 1.654281 -0.822127
 53.900000 1.326748 -0.486731
 54.000000 1.069869 -0.217492
 54.100000 0.863156 -0.052868
 54.200000 0.692455 0.023889
 54.300000 0.573518 0.032775
 54.400000 0.487796 0.005472
 54.500000 0.435191 -0.073489
 54.600000 0.420422 -0.191116
 54.700000 0.456767 -0.361636
 54.800000 0.560813 -0.601069
 54.900000 0.720151 -0.894726
 55.000000 0.937999 -1.212315
 55.100000 1.224037 -1.478900
 55.200000 1.496210 -1.522099
 55.300000 1.722715 -1.254295
 55.400000 1.899020 -0.798039
 55.500000 2.023654 -0.347297
 55.600000 2.032615 -0.061133
 55.700000 1.866978 -0.038598
 55.800000 1.581782 -0.228610
 55.900000 1.309123 -0.579144
 56.000000 1.109461 -1.012624
 56.100000 0.983616 -1.430296
 56.200000 0.871780 -1.724574
 56.300000 0.695830 -1.770567
 56.400000 0.467570 -1.604016
 56.500000 0.191888 -1.344561
 56.600000 -0.067261 -1.111759
 56.700000 -0.324332 -0.939717
 56.800000 -0.577951 -0.857059
 56.900000 -0.801514 -0.796254
 57.000000 -0.997717 -0.743774
 57.100000 -1.177105 -0.642942
 57.200000 -1.344423 -0.455629
 57.300000 -1.487133 -0.145692
 57.400000 -1.620823 0.319789
 57.500000 -1.756038 0.896698
 57.600000 -1.908034 1.411660
 57.700000 -1.954736 1.550184
 57.800000 -1.848301 1.211945
 57.900000 -1.709028 0.654449
 58.000000 -1.615518 0.131308
 58.100000 -1.520962 -0.278260
 58.200000 -1.390342 -0.517949
 58.300000 -1.207196 -0.620743
 58.400000 -1.011595 -0.628496
 58.500000 -0.808589 -0.541444
 58.600000 -0.632557 -0.419703
 58.700000 -0.492726 -0.289753
 58.800000 -0.416768 -0.144801
 58.900000 -0.417846 -0.006888
 59.000000 -0.480358 0.127056
 59.100000 -0.620073 0.292992
 59.200000 -0.858366 0.484140
 59.300000 -1.237049 0.671628
 59.400000 -1.751215 0.907700
 59.500000 -2.282060 1.097255
 59.600000 -2.621850 1.085476
 59.700000 -2.576977 0.866048
 59.800000 -2.189617 0.599684
 59.900000 -1.676979 0.475477
 60.000000 -1.219754 0.490653
 60.100000 -0.892299 0.627067
 60.200000 -0.727669 0.898675
 60.300000 -0.684632 1.243296
 60.400000 -0.712395 1.560814
 60.500000 -0.740146 1.728036
 60.600000 -0.747727 1.660525
 60.700000 -0.749440 1.410667
 60.800000 -0.794043 1.055514
 60.900000 -0.917833 0.713607
 61.000000 -1.189455 0.469773
 61.100000 -1.554066 0.300944
 61.200000 -1.991147 0.239518
 61.300000 -2.348890 0.354674
 61.400000 -2.464375 0.662669
 61.500000 -2.314352 1.058114
 61.600000 -1.977440 1.296056
 61.700000 -1.537730 1.250441
 61.800000 -1.111673 1.041757
 61.900000 -0.788788 0.803143
 62.000000 -0.579334 0.594908
 62.100000 -0.466682 0.396213
 62.200000 -0.412801 0.235315
 62.300000 -0.398749 0.159689
 62.400000 -0.404512 0.141510
 62.500000 -0.448101 0.165453
 62.600000 -0.555383 0.254084
 62.700000 -0.750580 0.414382
 62.800000 -1.033098 0.580655
 62.900000 -1.476673 0.807455
 63.000000 -1.974742 1.072677
 63.100000 -2.402282 1.178218
 63.200000 -2.584463 1.044134
 63.300000 -2.423543 0.730286
 63.400000 -2.022076 0.479035
 63.500000 -1.539525 0.405132
 63.600000 -1.138280 0.427200
 63.700000 -0.830381 0.457733
 63.800000 -0.612456 0.478268
 63.900000 -0.493233 0.524395
 64.000000 -0.430610 0.532214
 64.100000 -0.420341 0.525364
 64.200000 -0.434663 0.483477
 64.300000 -0.497180 0.400533
 64.400000 -0.643108 0.342669
 64.500000 -0.905336 0.312833
 64.600000 -1.264501 0.292965
 64.700000 -1.699177 0.265458
 64.800000 -2.146262 0.354313
 64.900000 -2.485149 0.590504
 65.000000 -2.539707 0.942234
 65.100000 -2.288057 1.217323
 65.200000 -1.842706 1.242089
 65.300000 -1.352798 1.037430
 65.400000 -0.955214 0.760925
 65.500000 -0.665895 0.581203
 65.600000 -0.475015 0.451291
 65.700000 -0.371939 0.315428
 65.800000 -0.313525 0.225762
 65.900000 -0.282194 0.212974
 66.000000 -0.296696 0.236543
 66.100000 -0.375078 0.308432
 66.200000 -0.528170 0.450996
 66.300000 -0.765361 0.626737
 66.400000 -1.049128 0.889430
 66.500000 -1.444982 1.166389
 66.600000 -1.889680 1.330917
 66.700000 -2.288955 1.207589
 66.800000 -2.488195 0.842379
 66.900000 -2.394944 0.438924
 67.000000 -2.069528 0.208319
 67.100000 -1.623502 0.177562
 67.200000 -1.157839 0.260580
 67.300000 -0.775531 0.379280
 67.400000 -0.495862 0.509247
 67.500000 -0.300792 0.641496
 67.600000 -0.148253 0.825628
 67.700000 -0.054466 1.069587
 67.800000 -0.020355 1.353503
 67.900000 -0.035751 1.618087
 68.000000 -0.072138 1.791645
 68.100000 -0.086193 1.812686
 68.200000 -0.087926 1.668512
 68.300000 -0.102118 1.404124
 68.400000 -0.142768 1.130895
 68.500000 -0.234725 0.872353
 68.600000 -0.367013 0.683845
 68.700000 -0.542231 0.563069
 68.800000 -0.846879 0.480676
 68.900000 -1.243841 0.388207
 69.000000 -1.715218 0.302631
 69.100000 -2.195843 0.348809
 69.200000 -2.537502 0.575189
 69.300000 -2.556479 0.926312
 69.400000 -2.242896 1.215674
 69.500000 -1.755032 1.259817
 69.600000 -1.245248 1.102989
 69.700000 -0.823266 0.882388
 69.800000 -0.532508 0.673772
 69.900000 -0.350805 0.539541
 70.000000 -0.203708 0.440335
 70.100000 -0.081306 0.384467
 70.200000 0.014166 0.344117
 70.300000 0.055096 0.301170
 70.400000 0.036987 0.246835
 70.500000 -0.001751 0.177268
 70.600000 -0.071480 0.110331
 70.700000 -0.149495 0.049635
 70.800000 -0.246563 -0.014211
 70.900000 -0.369691 -0.095299
 71.000000 -0.525532 -0.208864
 71.100000 -0.734064 -0.316135
 71.200000 -1.005314 -0.407550
 71.300000 -1.296629 -0.443726
 71.400000 -1.568966 -0.386883
 71.500000 -1.748070 -0.161312
 71.600000 -1.849965 0.239343
 71.700000 -1.936538 0.806709
 71.800000 -1.998407 1.356039
 71.900000 -1.936784 1.564336
 72.000000 -1.733516 1.279601
 72.100000 -1.517424 0.739278
 72.200000 -1.397105 0.233093
 72.300000 -1.382992 -0.191710
 72.400000 -1.407410 -0.485989
 72.500000 -1.365828 -0.653045
 72.600000 -1.244506 -0.702084
 72.700000 -1.065351 -0.661581
 72.800000 -0.899262 -0.539134
 72.900000 -0.752424 -0.375689
 73.000000 -0.662270 -0.189942
 73.100000 -0.660803 0.021417
 73.200000 -0.755979 0.287735
 73.300000 -0.949901 0.550351
 73.400000 -1.298205 0.851923
 73.500000 -1.764796 1.143391
 73.600000 -2.231491 1.241307
 73.700000 -2.522391 1.074813
 73.800000 -2.491249 0.723397
 73.900000 -2.171992 0.402136
 74.000000 -1.720248 0.236746
 74.100000 -1.226213 0.196735
 74.200000 -0.794051 0.219898
 74.300000 -0.477521 0.295841
 74.400000 -0.249608 0.425611
 74.500000 -0.095005 0.602444
 74.600000 0.039381 0.807396
 74.700000 0.151779 1.044964
 74.800000 0.226355 1.325170
 74.900000 0.224212 1.611720
 75.000000 0.180771 1.857287
 75.100000 0.134791 1.984161
 75.200000 0.087528 1.968067
 75.300000 0.042740 1.831155
 75.400000 0.013467 1.569376
 75.500000 -0.033584 1.248178
 75.600000 -0.139898 0.948833
 75.700000 -0.284521 0.710834
 75.800000 -0.457931 0.550426
 75.900000 -0.706905 0.404407
 76.000000 -1.057452 0.282549
 76.100000 -1.517609 0.171130
 76.200000 -2.008218 0.119086
 76.300000 -2.403444 0.247908
 76.400000 -2.509230 0.623649
 76.500000 -2.291222 1.082691
 76.600000 -1.873006 1.359613
 76.700000 -1.373836 1.347708
 76.800000 -0.896069 1.138513
 76.900000 -0.504264 0.899243
 77.000000 -0.180034 0.744518
 77.100000 0.115718 0.658353
 77.200000 0.399283 0.626150
 77.300000 0.685956 0.626656
 77.400000 0.960886 0.623631
 77.500000 1.191191 0.575677
 77.600000 1.342794 0.453631
 77.700000 1.420560 0.217885
 77.800000 1.485551 -0.169002
 77.900000 1.562801 -0.690739
 78.000000 1.676330 -1.245240
 78.100000 1.763220 -1.610421
 78.200000 1.717280 -1.533067
 78.300000 1.570574 -1.081253
 78.400000 1.439511 -0.527374
 78.500000 1.370187 -0.047616
 78.600000 1.333624 0.297347
 78.700000 1.260166 0.480304
 78.800000 1.102066 0.557043
 78.900000 0.895791 0.563787
 79.000000 0.668186 0.513713
 79.100000 0.438918 0.448555
 79.200000 0.195186 0.382283
 79.300000 -0.042179 0.317375
 79.400000 -0.300780 0.257248
 79.500000 -0.603209 0.219179
 79.600000 -1.005831 0.216947
 79.700000 -1.494542 0.226993
 79.800000 -1.993046 0.327007
 79.900000 -2.416306 0.578444
 80.000000 -2.596121 0.928262
 80.100000 -2.445601 1.182763
 80.200000 -2.027716 1.206601
 80.300000 -1.537104 1.023974
 80.400000 -1.116368 0.733180
 80.500000 -0.873514 0.491899
 80.600000 -0.789296 0.260480
 80.700000 -0.834616 0.039845
 80.800000 -0.995503 -0.125912
 80.900000 -1.236090 -0.233286
 81.000000 -1.489457 -0.251997
 81.100000 -1.730543 -0.112552
 81.200000 -1.923496 0.208247
 81.300000 -2.045927 0.688043
 81.400000 -2.065800 1.199564
 81.500000 -1.984888 1.476436
 81.600000 -1.772392 1.343369
 81.700000 -1.527747 0.925765
 81.800000 -1.366307 0.450026
 81.900000 -1.357657 0.004858
 82.000000 -1.426744 -0.340495
 82.100000 -1.484489 -0.560855
 82.200000 -1.452412 -0.630800
 82.300000 -1.287362 -0.543019
 82.400000 -1.071000 -0.369932
 82.500000 -0.884733 -0.153758
 82.600000 -0.779075 0.118552
 82.700000 -0.794346 0.439072
 82.800000 -0.884123 0.785733
 82.900000 -1.062452 1.199268
 83.000000 -1.349823 1.509727
 83.100000 -1.682599 1.510857
 83.200000 -1.982052 1.166111
 83.300000 -2.242122 0.626069
 83.400000 -2.341040 0.171223
 83.500000 -2.163490 0.012506
 83.600000 -1.755564 0.125960
 83.700000 -1.287696 0.312771
 83.800000 -0.875975 0.493787
 83.900000 -0.541090 0.697697
 84.000000 -0.313505 0.995541
 84.100000 -0.113799 1.346184
 84.200000 0.073696 1.691622
 84.300000 0.263259 1.940919
 84.400000 0.454406 2.044800
 84.500000 0.562680 1.954771
 84.600000 0.569401 1.713727
 84.700000 0.499770 1.410561
 84.800000 0.378977 1.074279
 84.900000 0.242674 0.767953
 85.000000 0.094358 0.503321
 85.100000 -0.107786 0.258424
 85.200000 -0.334956 -0.003107
 85.300000 -0.579730 -0.264408
 85.400000 -0.864872 -0.530854
 85.500000 -1.157679 -0.770253
 85.600000 -1.384677 -0.956426
 85.700000 -1.431162 -1.005341
 85.800000 -1.250708 -0.911147
 85.900000 -0.958665 -0.738717
 86.000000 -0.636966 -0.524933
 86.100000 -0.338266 -0.291697
 86.200000 -0.083993 -0.045882
 86.300000 0.144861 0.206551
 86.400000 0.392913 0.445117
 86.500000 0.674441 0.700532
 86.600000 0.926797 0.955790
 86.700000 1.075803 1.165167
 86.800000 1.047008 1.286919
 86.900000 0.841883 1.316368
 87.000000 0.503235 1.318429
 87.100000 0.081494 1.308474
 87.200000 -0.400222 1.307274
 87.300000 -0.911140 1.297425
 87.400000 -1.471222 1.208614
 87.500000 -2.063668 0.980564
 87.600000 -2.555595 0.644900
 87.700000 -2.690066 0.428870
 87.800000 -2.311843 0.463927
 87.900000 -1.712311 0.674573
 88.000000 -1.164746 0.979392
 88.100000 -0.701954 1.286296
 88.200000 -0.284737 1.565684
 88.300000 0.115430 1.748875
 88.400000 0.498398 1.794214
 88.500000 0.787482 1.726307
 88.600000 0.900901 1.566859
 88.700000 0.829412 1.322495
 88.800000 0.616384 1.053792
 88.900000 0.340654 0.799593
 89.000000 0.048979 0.576877
 89.100000 -0.295294 0.406124
 89.200000 -0.717309 0.272067
 89.300000 -1.257678 0.178060
 89.400000 -1.881207 0.147538
 89.500000 -2.433689 0.245671
 89.600000 -2.649879 0.609251
 89.700000 -2.457348 1.087468
 89.800000 -1.999669 1.369145
 89.900000 -1.442405 1.304825
 90.000000 -0.907753 1.046556
 90.100000 -0.470528 0.803547
 90.200000 -0.103288 0.622543
 90.300000 0.225447 0.488839
 90.400000 0.584615 0.393538
 90.500000 0.938740 0.260986
 90.600000 1.293305 0.073943
 90.700000 1.694869 -0.222580
 90.800000 2.088636 -0.663708
 90.900000 2.373912 -1.148357
 91.000000 2.417506 -1.395190
 91.100000 2.166898 -1.215331
 91.200000 1.726922 -0.780335
 91.300000 1.290079 -0.343716
 91.400000 0.932306 -0.009487
 91.500000 0.604544 0.272550
 91.600000 0.312857 0.528129
 91.700000 0.035341 0.819960
 91.800000 -0.254960 1.164145
 91.900000 -0.589112 1.528813
 92.000000 -0.948323 1.738586
 92.100000 -1.274110 1.643400
 92.200000 -1.575695 1.239148
 92.300000 -1.908564 0.682261
 92.400000 -2.216564 0.194230
 92.500000 -2.336204 -0.036722
 92.600000 -2.106885 0.108659
 92.700000 -1.720137 0.516081
 92.800000 -1.372951 1.055534
 92.900000 -1.083474 1.508012
 93.000000 -0.798180 1.707641
 93.100000 -0.439215 1.647660
 93.200000 -0.086731 1.441823
 93.300000 0.218496 1.219912
 93.400000 0.452351 1.009929
 93.500000 0.633263 0.816145
 93.600000 0.793796 0.628942
 93.700000 0.949222 0.425377
 93.800000 1.113113 0.152355
 93.900000 1.320416 -0.189409
 94.000000 1.596447 -0.666295
 94.100000 1.899768 -1.188124
 94.200000 2.136975 -1.518420
 94.300000 2.153219 -1.362315
 94.400000 1.967499 -0.843930
 94.500000 1.733437 -0.284569
 94.600000 1.504157 0.134730
 94.700000 1.273328 0.386939
 94.800000 1.002207 0.507902
 94.900000 0.734618 0.570977
 95.000000 0.480766 0.633956
 95.100000 0.202149 0.729890
 95.200000 -0.109862 0.885405
 95.300000 -0.445545 1.087954
 95.400000 -0.847533 1.321436
 95.500000 -1.290143 1.469120
 95.600000 -1.723068 1.341373
 95.700000 -2.146884 0.959755
 95.800000 -2.463978 0.476162
 95.900000 -2.500880 0.181251
 96.000000 -2.160339 0.209898
 96.100000 -1.657152 0.487740
 96.200000 -1.212199 0.894288
 96.300000 -0.884783 1.286377
 96.400000 -0.641482 1.601735
 96.500000 -0.406998 1.750300
 96.600000 -0.141018 1.710566
 96.700000 0.127170 1.525149
 96.800000 0.349243 1.315035
 96.900000 0.511130 1.096616
 97.000000 0.613907 0.862545
 97.100000 0.671918 0.634960
 97.200000 0.718616 0.428965
 97.300000 0.801883 0.173849
 97.400000 0.899585 -0.160981
 97.500000 1.030207 -0.543588
 97.600000 1.251243 -0.966224
 97.700000 1.547149 -1.348940
 97.800000 1.820484 -1.511834
 97.900000 1.962168 -1.290024
 98.000000 2.010792 -0.789962
 98.100000 2.018271 -0.288811
 98.200000 1.917124 0.014136
 98.300000 1.672302 0.063539
 98.400000 1.361704 -0.091403
 98.500000 1.107948 -0.389413
 98.600000 0.966390 -0.765850
 98.700000 0.889319 -1.171459
 98.800000 0.817718 -1.525371
 98.900000 0.732960 -1.733630
 99.000000 0.611482 -1.736412
 99.100000 0.431856 -1.562777
 99.200000 0.205596 -1.297975
 99.300000 -0.025453 -1.046463
 99.400000 -0.238362 -0.861153
 99.500000 -0.433078 -0.758403
 99.600000 -0.626482 -0.755262
 99.700000 -0.808680 -0.790578
 99.800000 -0.957966 -0.846970
 99.900000 -1.050128 -0.908986
 100.000000 -1.081184 -0.955800
 100.100000 -1.028998 -0.950065
 100.200000 -0.864661 -0.927163
 100.300000 -0.643092 -0.925926
 100.400000 -0.409830 -0.963431
 100.500000 -0.147970 -1.049481
 100.600000 0.123086 -1.184980
 100.700000 0.401867 -1.373129
 100.800000 0.676667 -1.543701
 100.900000 0.950978 -1.560494
 101.000000 1.210525 -1.415268
 101.100000 1.481479 -1.102367
 101.200000 1.763141 -0.702363
 101.300000 2.031098 -0.346405
 101.400000 2.186414 -0.168247
 101.500000 2.109599 -0.256579
 101.600000 1.857858 -0.581879
 101.700000 1.580266 -0.987789
 101.800000 1.336809 -1.346567
 101.900000 1.143823 -1.519791
 102.000000 0.919857 -1.509678
 102.100000 0.667678 -1.334583
 102.200000 0.425490 -1.099104
 102.300000 0.198027 -0.906693
 102.400000 0.005283 -0.773941
 102.500000 -0.145390 -0.723541
 102.600000 -0.262465 -0.794653
 102.700000 -0.370564 -0.971258
 102.800000 -0.461640 -1.199665
 102.900000 -0.510214 -1.483624
 103.000000 -0.500507 -1.767025
 103.100000 -0.413964 -1.990720
 103.200000 -0.281543 -2.085510
 103.300000 -0.146993 -1.981561
 103.400000 -0.021018 -1.713907
 103.500000 0.101434 -1.394617
 103.600000 0.252502 -1.083306
 103.700000 0.445893 -0.812986
 103.800000 0.696682 -0.614886
 103.900000 1.033718 -0.487360
 104.000000 1.468234 -0.414282
 104.100000 1.969819 -0.445674
 104.200000 2.373466 -0.622318
 104.300000 2.511403 -0.917415
 104.400000 2.326545 -1.140217
 104.500000 1.916017 -1.116877
 104.600000 1.428477 -0.926310
 104.700000 1.002224 -0.728033
 104.800000 0.677498 -0.606508
 104.900000 0.451774 -0.561941
 105.000000 0.285781 -0.588829
 105.100000 0.144561 -0.695889
 105.200000 0.031660 -0.893953
 105.300000 -0.032850 -1.172181
 105.400000 -0.067890 -1.513184
 105.500000 -0.100406 -1.851402
 105.600000 -0.134166 -2.064939
 105.700000 -0.186112 -2.077364
 105.800000 -0.263357 -1.893297
 105.900000 -0.333035 -1.590291
 106.000000 -0.362051 -1.269602
 106.100000 -0.353111 -0.973210
 106.200000 -0.348608 -0.744765
 106.300000 -0.354438 -0.603561
 106.400000 -0.360998 -0.523335
 106.500000 -0.363747 -0.473120
 106.600000 -0.385077 -0.424050
 106.700000 -0.441934 -0.368155
 106.800000 -0.528262 -0.290490
 106.900000 -0.667404 -0.268281
 107.000000 -0.893339 -0.277193
 107.100000 -1.212782 -0.243100
 107.200000 -1.543508 -0.118066
 107.300000 -1.866915 0.158270
 107.400000 -2.141674 0.578537
 107.500000 -2.267977 1.092595
 107.600000 -2.213116 1.404607
 107.700000 -1.962597 1.324405
 107.800000 -1.603653 0.936755
 107.900000 -1.293187 0.487871
 108.000000 -1.093175 0.103284
 108.100000 -0.984118 -0.264656
 108.200000 -0.961896 -0.604656
 108.300000 -0.931953 -0.904156
 108.400000 -0.805659 -1.186570
 108.500000 -0.598514 -1.478783
 108.600000 -0.307163 -1.759909
 108.700000 0.028549 -1.968866
 108.800000 0.317663 -1.984315
 108.900000 0.512423 -1.772074
 109.000000 0.579089 -1.398037
 109.100000 0.620288 -0.954729
 109.200000 0.699025 -0.537270
 109.300000 0.857793 -0.210888
 109.400000 1.089008 0.033246
 109.500000 1.349460 0.223888
 109.600000 1.621593 0.276133
 109.700000 1.800037 0.126710
 109.800000 1.868251 -0.242821
 109.900000 1.866622 -0.784174
 110.000000 1.799013 -1.336361
 110.100000 1.666992 -1.644491
 110.200000 1.418286 -1.517186
 110.300000 1.131791 -1.080490
 110.400000 0.928659 -0.569358
 110.500000 0.800436 -0.116710
 110.600000 0.735247 0.267972
 110.700000 0.721976 0.593918
 110.800000 0.735284 0.904084
 110.900000 0.769352 1.216479
 111.000000 0.716293 1.514618
 111.100000 0.552422 1.776052
 111.200000 0.296046 1.967134
 111.300000 0.009897 2.018108
 111.400000 -0.243524 1.902759
 111.500000 -0.467097 1.627154
 111.600000 -0.693641 1.202338
 111.700000 -0.979062 0.765753
 111.800000 -1.373277 0.388441
 111.900000 -1.842489 0.081802
 112.000000 -2.213391 -0.087136
 112.100000 -2.317131 0.073000
 112.200000 -2.156257 0.562479
 112.300000 -1.902234 1.164685
 112.400000 -1.594005 1.567202
 112.500000 -1.237189 1.584944
 112.600000 -0.861294 1.321123
 112.700000 -0.524797 0.968571
 112.800000 -0.253833 0.698086
 112.900000 -0.037989 0.489291
 113.000000 0.090770 0.288193
 113.100000 0.207930 0.034881
 113.200000 0.355370 -0.253014
 113.300000 0.537435 -0.575521
 113.400000 0.781998 -0.956954
 113.500000 1.088102 -1.358089
 113.600000 1.406765 -1.634132
 113.700000 1.656082 -1.556529
 113.800000 1.823301 -1.116718
 113.900000 1.946012 -0.546861
 114.000000 1.993361 -0.088054
 114.100000 1.884840 0.149251
 114.200000 1.620916 0.140272
 114.300000 1.311510 -0.053543
 114.400000 1.066599 -0.374693
 114.500000 0.924545 -0.790985
 114.600000 0.870813 -1.255239
 114.700000 0.841729 -1.654582
 114.800000 0.789348 -1.849157
 114.900000 0.665787 -1.758500
 115.000000 0.489630 -1.475557
 115.100000 0.277597 -1.130482
 115.200000 0.084127 -0.817647
 115.300000 -0.092023 -0.577554
 115.400000 -0.239916 -0.395517
 115.500000 -0.377304 -0.203413
 115.600000 -0.530597 0.013397
 115.700000 -0.769631 0.242001
 115.800000 -1.112108 0.503010
 115.900000 -1.529507 0.869505
 116.000000 -1.999017 1.224710
 116.100000 -2.373402 1.334598
 116.200000 -2.455921 1.052223
 116.300000 -2.238272 0.610805
 116.400000 -1.819999 0.276556
 116.500000 -1.375080 0.098312
 116.600000 -0.983300 0.024707
 116.700000 -0.679991 -0.002215
 116.800000 -0.453729 0.023880
 116.900000 -0.285500 0.042742
 117.000000 -0.149267 0.040221
 117.100000 -0.015456 0.053327
 117.200000 0.131228 0.044189
 117.300000 0.290614 0.006147
 117.400000 0.487352 -0.070670
 117.500000 0.717819 -0.198360
 117.600000 1.030357 -0.359172
 117.700000 1.425873 -0.612809
 117.800000 1.862130 -0.952962
 117.900000 2.264105 -1.225945
 118.000000 2.443714 -1.217453
 118.100000 2.331623 -0.884008
 118.200000 1.982337 -0.477847
 118.300000 1.541766 -0.200066
 118.400000 1.130062 -0.052522
 118.500000 0.776754 0.011788
 118.600000 0.464068 0.031200
 118.700000 0.186009 0.027563
 118.800000 -0.090549 0.010429
 118.900000 -0.372066 -0.041267
 119.000000 -0.714707 -0.083814
 119.100000 -1.153304 -0.070179
 119.200000 -1.659304 0.032010
 119.300000 -2.122371 0.247209
 119.400000 -2.443568 0.652736
 119.500000 -2.503950 1.122364
 119.600000 -2.247172 1.363343
 119.700000 -1.774782 1.225283
 119.800000 -1.273296 0.852125
 119.900000 -0.884595 0.471989
 120.000000 -0.661837 0.109879
 120.100000 -0.526371 -0.206049
 120.200000 -0.392040 -0.499903
 120.300000 -0.281478 -0.827491
 120.400000 -0.172087 -1.224304
 120.500000 -0.030559 -1.660902
 120.600000 0.098853 -2.046248
 120.700000 0.135390 -2.180322
 120.800000 0.053818 -1.994001
 120.900000 -0.079736 -1.620528
 121.000000 -0.203965 -1.221589
 121.100000 -0.306697 -0.866719
 121.200000 -0.405106 -0.596769
 121.300000 -0.544048 -0.385092
 121.400000 -0.746077 -0.195229
 121.500000 -1.039616 0.004812
 121.600000 -1.427118 0.241930
 121.700000 -1.861234 0.574416
 121.800000 -2.282609 1.000568
 121.900000 -2.536677 1.273207
 122.000000 -2.452568 1.174144
 122.100000 -2.096169 0.804342
 122.200000 -1.653495 0.415000
 122.300000 -1.243062 0.156378
 122.400000 -0.948962 -0.051659
 122.500000 -0.749210 -0.213875
 122.600000 -0.642270 -0.378032
 122.700000 -0.599053 -0.548516
 122.800000 -0.590456 -0.734807
 122.900000 -0.581777 -0.978326
 123.000000 -0.564273 -1.260783
 123.100000 -0.508425 -1.592923
 123.200000 -0.375187 -1.918315
 123.300000 -0.178632 -2.124403
 123.400000 -0.003314 -2.098619
 123.500000 0.096782 -1.828278
 123.600000 0.157642 -1.436565
 123.700000 0.202227 -1.040372
 123.800000 0.261518 -0.709144
 123.900000 0.376136 -0.467165
 124.000000 0.549152 -0.296397
 124.100000 0.789243 -0.185859
 124.200000 1.099920 -0.137809
 124.300000 1.481857 -0.216308
 124.400000 1.894742 -0.418323
 124.500000 2.261289 -0.763467
 124.600000 2.462118 -1.118206
 124.700000 2.365116 -1.210987
 124.800000 1.996649 -0.980689
 124.900000 1.556810 -0.676431
 125.000000 1.168711 -0.432989
 125.100000 0.876837 -0.289582
 125.200000 0.679189 -0.224384
 125.300000 0.563546 -0.176154
 125.400000 0.503352 -0.128369
 125.500000 0.495038 -0.092256
 125.600000 0.538560 -0.071493
 125.700000 0.629717 -0.075176
 125.800000 0.804300 -0.120737
 125.900000 1.043838 -0.236268
 126.000000 1.332843 -0.456671
 126.100000 1.689408 -0.785250
 126.200000 2.047230 -1.149376
 126.300000 2.281575 -1.309480
 126.400000 2.259746 -1.142204
 126.500000 2.054476 -0.724961
 126.600000 1.788124 -0.344369
 126.700000 1.526544 -0.114513
 126.800000 1.296348 -0.034772
 126.900000 1.142653 -0.079419
 127.000000 1.149614 -0.237129
 127.100000 1.296865 -0.513397
 127.200000 1.518936 -0.906142
 127.300000 1.766792 -1.267812
 127.400000 1.969461 -1.390132
 127.500000 2.060303 -1.172161
 127.600000 2.048818 -0.744679
 127.700000 1.971070 -0.340800
 127.800000 1.775460 -0.112776
 127.900000 1.512939 -0.089606
 128.000000 1.273015 -0.196572
 128.100000 1.131929 -0.418494
 128.200000 1.055190 -0.737468
 128.300000 1.083847 -1.103870
 128.400000 1.168366 -1.428331
 128.500000 1.257585 -1.588683
 128.600000 1.311054 -1.501910
 128.700000 1.371990 -1.189529
 128.800000 1.495758 -0.780696
 128.900000 1.683870 -0.419919
 129.000000 1.910033 -0.190140
 129.100000 2.055340 -0.185596
 129.200000 2.088498 -0.439632
 129.300000 2.029365 -0.828775
 129.400000 1.945221 -1.206673
 129.500000 1.816638 -1.367484
 129.600000 1.634311 -1.280572
 129.700000 1.396865 -1.021812
 129.800000 1.199805 -0.716836
 129.900000 1.106656 -0.463765
 130.000000 1.080415 -0.328704
 130.100000 1.081429 -0.332692
 130.200000 1.109516 -0.492461
 130.300000 1.227462 -0.764549
 130.400000 1.459494 -1.087840
 130.500000 1.728242 -1.308234
 130.600000 1.950810 -1.315719
 130.700000 2.093507 -1.051490
 130.800000 2.122539 -0.660309
 130.900000 2.054220 -0.367084
 131.000000 1.867143 -0.277607
 131.100000 1.593055 -0.423646
 131.200000 1.346880 -0.727293
 131.300000 1.192571 -1.085511
 131.400000 1.129420 -1.393488
 131.500000 1.071512 -1.551076
 131.600000 1.019338 -1.533285
 131.700000 0.986235 -1.329057
 131.800000 1.008657 -1.042124
 131.900000 1.077719 -0.740287
 132.000000 1.259322 -0.528261
 132.100000 1.553729 -0.450697
 132.200000 1.913964 -0.503587
 132.300000 2.221827 -0.664520
 132.400000 2.377086 -0.895535
 132.500000 2.306730 -1.062331
 132.600000 2.007243 -1.041511
 132.700000 1.637405 -0.879072
 132.800000 1.301653 -0.698600
 132.900000 1.042129 -0.607960
 133.000000 0.867053 -0.639250
 133.100000 0.744495 -0.751616
 133.200000 0.682926 -0.922856
 133.300000 0.679535 -1.114303
 133.400000 0.739533 -1.345278
 133.500000 0.860850 -1.501259
 133.600000 0.962779 -1.509967
 133.700000 1.063776 -1.347331
 133.800000 1.207780 -1.065360
 133.900000 1.441752 -0.758331
 134.000000 1.762871 -0.487550
 134.100000 2.101842 -0.344153
 134.200000 2.322163 -0.413284
 134.300000 2.294198 -0.666238
 134.400000 2.050054 -0.994990
 134.500000 1.729685 -1.246165
 134.600000 1.376761 -1.305706
 134.700000 1.040188 -1.179875
 134.800000 0.779503 -0.977803
 134.900000 0.581867 -0.823980
 135.000000 0.438477 -0.726443
 135.100000 0.356631 -0.716468
 135.200000 0.296097 -0.819331
 135.300000 0.238564 -1.027030
 135.400000 0.221410 -1.306462
 135.500000 0.219812 -1.620288
 135.600000 0.196326 -1.866714
 135.700000 0.103284 -1.959186
 135.800000 -0.052369 -1.870532
 135.900000 -0.214685 -1.666926
 136.000000 -0.365694 -1.411789
 136.100000 -0.496803 -1.188414
 136.200000 -0.610031 -0.972932
 136.300000 -0.715402 -0.781422
 136.400000 -0.810158 -0.609507
 136.500000 -0.921592 -0.447608
 136.600000 -1.055872 -0.272704
 136.700000 -1.248564 -0.043485
 136.800000 -1.488076 0.292323
 136.900000 -1.781208 0.729732
 137.000000 -2.110379 1.173456
 137.100000 -2.324364 1.380668
 137.200000 -2.291781 1.183673
 137.300000 -2.059009 0.713754
 137.400000 -1.744976 0.274678
 137.500000 -1.420352 -0.033102
 137.600000 -1.104664 -0.228406
 137.700000 -0.833016 -0.349918
 137.800000 -0.628501 -0.461254
 137.900000 -0.482352 -0.551475
 138.000000 -0.393324 -0.691350
 138.100000 -0.321179 -0.921756
 138.200000 -0.243424 -1.222484
 138.300000 -0.116186 -1.552521
 138.400000 0.037944 -1.878565
 138.500000 0.155019 -2.065411
 138.600000 0.194477 -1.984469
 138.700000 0.172180 -1.679789
 138.800000 0.116628 -1.296233
 138.900000 0.069563 -0.948873
 139.000000 0.042546 -0.677620
 139.100000 0.038625 -0.450033
 139.200000 0.067196 -0.245715
 139.300000 0.110273 -0.072080
 139.400000 0.140511 0.059080
 139.500000 0.169078 0.158920
 139.600000 0.208161 0.212152
 139.700000 0.296020 0.239526
 139.800000 0.428822 0.244535
 139.900000 0.567033 0.213182
 140.000000 0.730103 0.153123
 140.100000 0.951442 0.014475
 140.200000 1.209240 -0.203053
 140.300000 1.553627 -0.495878
 140.400000 1.941942 -0.864527
 140.500000 2.238659 -1.206352
 140.600000 2.304501 -1.277868
 140.700000 2.120331 -1.046769
 140.800000 1.810346 -0.677815
 140.900000 1.491054 -0.367371
 141.000000 1.238814 -0.167364
 141.100000 1.106190 -0.043111
 141.200000 1.034131 0.020917
 141.300000 0.981344 0.055861
 141.400000 0.916582 0.075159
 141.500000 0.889812 0.044461
 141.600000 0.907567 -0.048757
 141.700000 0.935030 -0.226310
 141.800000 0.967030 -0.505939
 141.900000 1.048060 -0.868458
 142.000000 1.204621 -1.285328
 142.100000 1.421054 -1.594526
 142.200000 1.581452 -1.568223
 142.300000 1.636135 -1.153729
 142.400000 1.665548 -0.584301
 142.500000 1.711815 -0.093065
 142.600000 1.712438 0.234365
 142.700000 1.613187 0.333872
 142.800000 1.430630 0.241519
 142.900000 1.221271 -0.005289
 143.000000 1.105105 -0.334791
 143.100000 1.053363 -0.778723
 143.200000 1.097703 -1.266363
 143.300000 1.152649 -1.664362
 143.400000 1.147187 -1.780530
 143.500000 1.049734 -1.526369
 143.600000 0.943102 -1.076074
 143.700000 0.915065 -0.599442
 143.800000 0.954155 -0.190102
 143.900000 0.974517 0.140205
 144.000000 1.022253 0.430862
 144.100000 1.088112 0.659392
 144.200000 1.128535 0.818700
 144.300000 1.082763 0.901155
 144.400000 0.932197 0.924676
 144.500000 0.691959 0.916413
 144.600000 0.409217 0.953026
 144.700000 0.075477 1.045009
 144.800000 -0.274846 1.201389
 144.900000 -0.656454 1.397834
 145.000000 -1.079738 1.488100
 145.100000 -1.519974 1.330281
 145.200000 -1.947848 0.944128
 145.300000 -2.326483 0.481806
 145.400000 -2.463829 0.202809
 145.500000 -2.221410 0.249931
 145.600000 -1.802583 0.543302
 145.700000 -1.390446 0.959236
 145.800000 -1.071181 1.346472
 145.900000 -0.808186 1.556613
 146.000000 -0.558020 1.553327
 146.100000 -0.310226 1.428000
 146.200000 -0.061642 1.255951
 146.300000 0.127996 1.118682
 146.400000 0.273141 1.041722
 146.500000 0.399643 1.025893
 146.600000 0.483246 1.049351
 146.700000 0.528376 1.097269
 146.800000 0.522375 1.162675
 146.900000 0.460034 1.186550
 147.000000 0.349173 1.177411
 147.100000 0.185544 1.161594
 147.200000 -0.042517 1.162192
 147.300000 -0.318197 1.213685
 147.400000 -0.635120 1.287261
 147.500000 -0.995412 1.320044
 147.600000 -1.415702 1.227202
 147.700000 -1.866531 0.996838
 147.800000 -2.286104 0.661761
 147.900000 -2.511122 0.387921
 148.000000 -2.393002 0.328700
 148.100000 -1.985650 0.521645
 148.200000 -1.521752 0.853804
 148.300000 -1.148579 1.171580
 148.400000 -0.848850 1.416592
 148.500000 -0.589426 1.529254
 148.600000 -0.348186 1.496297
 148.700000 -0.101891 1.387636
 148.800000 0.102151 1.270696
 148.900000 0.233939 1.157110
 149.000000 0.290591 1.049294
 149.100000 0.315825 0.945236
 149.200000 0.338717 0.833207
 149.300000 0.317946 0.733744
 149.400000 0.258855 0.673657
 149.500000 0.171224 0.679687
 149.600000 0.081668 0.792783
 149.700000 -0.029938 0.968531
 149.800000 -0.194115 1.193757
 149.900000 -0.404933 1.476509
 150.000000 -0.620138 1.702506
 150.100000 -0.821621 1.755792
 150.200000 -1.004976 1.579541
 150.300000 -1.207120 1.167112
 150.400000 -1.502133 0.673712
 150.500000 -1.872349 0.250695
 150.600000 -2.219351 0.025568
 150.700000 -2.320450 0.095908
 150.800000 -2.153191 0.485079
 150.900000 -1.865355 1.017352
 151.000000 -1.526179 1.413914
 151.100000 -1.180535 1.548067
 151.200000 -0.820671 1.417090
 151.300000 -0.499460 1.158975
 151.400000 -0.259957 0.895717
 151.500000 -0.112344 0.697369
 151.600000 -0.023169 0.571203
 151.700000 -0.015450 0.487339
 151.800000 -0.104476 0.422045
 151.900000 -0.255455 0.369546
 152.000000 -0.495698 0.347879
 152.100000 -0.856815 0.373224
 152.200000 -1.320555 0.384766
 152.300000 -1.860205 0.442058
 152.400000 -2.374104 0.655525
 152.500000 -2.652957 0.947369
 152.600000 -2.574499 1.141643
 152.700000 -2.180257 1.104305
 152.800000 -1.646461 0.846488
 152.900000 -1.166653 0.564725
 153.000000 -0.795939 0.395002
 153.100000 -0.547017 0.211563
 153.200000 -0.405169 0.038471
 153.300000 -0.308927 -0.154506
 153.400000 -0.240660 -0.349618
 153.500000 -0.172687 -0.523057
 153.600000 -0.086460 -0.729735
 153.700000 0.015716 -1.021244
 153.800000 0.135282 -1.367878
 153.900000 0.275278 -1.725547
 154.000000 0.396600 -1.956374
 154.100000 0.443525 -1.954840
 154.200000 0.414372 -1.688553
 154.300000 0.317438 -1.292340
 154.400000 0.221796 -0.912894
 154.500000 0.157283 -0.607759
 154.600000 0.111731 -0.366369
 154.700000 0.070275 -0.215413
 154.800000 0.045585 -0.140285
 154.900000 0.038370 -0.121033
 155.000000 0.051416 -0.123858
 155.100000 0.090609 -0.157157
 155.200000 0.179518 -0.246053
 155.300000 0.312809 -0.377871
 155.400000 0.488439 -0.574260
 155.500000 0.725631 -0.822135
 155.600000 1.032850 -1.098340
 155.700000 1.422005 -1.309920
 155.800000 1.816368 -1.345311
 155.900000 2.131618 -1.137305
 156.000000 2.286421 -0.726656
 156.100000 2.247867 -0.356444
 156.200000 1.999833 -0.228023
 156.300000 1.668249 -0.340366
 156.400000 1.339710 -0.594517
 156.500000 1.121170 -0.957741
 156.600000 0.999656 -1.309704
 156.700000 0.916150 -1.574585
 156.800000 0.803679 -1.682712
 156.900000 0.687799 -1.596978
 157.000000 0.618331 -1.353066
 157.100000 0.609020 -1.033856
 157.200000 0.625645 -0.743041
 157.300000 0.707798 -0.514737
 157.400000 0.855371 -0.381508
 157.500000 1.050995 -0.360574
 157.600000 1.246709 -0.492581
 157.700000 1.527021 -0.774223
 157.800000 1.847337 -1.090200
 157.900000 2.113723 -1.296116
 158.000000 2.195256 -1.247166
 158.100000 2.045101 -0.936585
 158.200000 1.793817 -0.571412
 158.300000 1.541902 -0.292279
 158.400000 1.346517 -0.130980
 158.500000 1.266329 -0.045500
 158.600000 1.318783 -0.003818
 158.700000 1.455577 -0.047338
 158.800000 1.637938 -0.232772
 158.900000 1.830092 -0.565355
 159.000000 2.016979 -0.985925
 159.100000 2.110909 -1.320933
 159.200000 2.012192 -1.355399
 159.300000 1.795717 -1.089486
 159.400000 1.555607 -0.701311
 159.500000 1.342446 -0.384266
 159.600000 1.260167 -0.183675
 159.700000 1.345091 -0.083681
 159.800000 1.512588 -0.059692
 159.900000 1.688812 -0.155859
 160.000000 1.843961 -0.378756
 160.100000 1.953808 -0.772696
 160.200000 2.028043 -1.197250
 160.300000 1.980230 -1.436023
 160.400000 1.815438 -1.300145
 160.500000 1.602604 -0.915380
 160.600000 1.396270 -0.513061
 160.700000 1.269989 -0.214413
 160.800000 1.289752 0.016867
 160.900000 1.419007 0.168701
 161.000000 1.550259 0.167633
 161.100000 1.654108 -0.040853
 161.200000 1.750666 -0.427890
 161.300000 1.792927 -0.930488
 161.400000 1.799021 -1.382392
 161.500000 1.728710 -1.543938
 161.600000 1.541683 -1.327611
 161.700000 1.325749 -0.918295
 161.800000 1.173982 -0.503411
 161.900000 1.110402 -0.218743
 162.000000 1.081380 -0.017575
 162.100000 1.080911 0.161813
 162.200000 1.075031 0.290491
 162.300000 1.064595 0.339658
 162.400000 1.084285 0.295705
 162.500000 1.098705 0.160225
 162.600000 1.124768 0.003903
 162.700000 1.257247 -0.179358
 162.800000 1.514165 -0.445201
 162.900000 1.831302 -0.800725
 163.000000 2.093927 -1.170921
 163.100000 2.215324 -1.368905
 163.200000 2.103873 -1.284277
 163.300000 1.801593 -0.978002
 163.400000 1.457573 -0.605750
 163.500000 1.181194 -0.325489
 163.600000 1.006717 -0.151829
 163.700000 0.796261 -0.077210
 163.800000 0.650244 -0.088929
 163.900000 0.568836 -0.150617
 164.000000 0.524702 -0.249520
 164.100000 0.499827 -0.375755
 164.200000 0.512358 -0.597190
 164.300000 0.609783 -0.855696
 164.400000 0.776437 -1.167071
 164.500000 0.954651 -1.466011
 164.600000 1.134112 -1.609155
 164.700000 1.252940 -1.510689
 164.800000 1.379521 -1.214020
 164.900000 1.567794 -0.809811
 165.000000 1.797587 -0.465379
 165.100000 2.035720 -0.276260
 165.200000 2.213712 -0.321412
 165.300000 2.205851 -0.582205
 165.400000 2.011054 -0.946193
 165.500000 1.737918 -1.239160
 165.600000 1.414294 -1.308905
 165.700000 1.091580 -1.175408
 165.800000 0.815755 -0.953233
 165.900000 0.616986 -0.750668
 166.000000 0.523287 -0.613141
 166.100000 0.551100 -0.515467
 166.200000 0.650742 -0.450589
 166.300000 0.844754 -0.492171
 166.400000 1.111964 -0.612043
 166.500000 1.469171 -0.813217
 166.600000 1.853289 -1.033165
 166.700000 2.172547 -1.131893
 166.800000 2.332041 -0.975979
 166.900000 2.275958 -0.702364
 167.000000 2.023746 -0.499039
 167.100000 1.702142 -0.424398
 167.200000 1.366960 -0.457842
 167.300000 1.142968 -0.617603
 167.400000 1.017212 -0.922011
 167.500000 0.970494 -1.242168
 167.600000 0.976559 -1.476899
 167.700000 1.006531 -1.542272
 167.800000 1.040757 -1.445716
 167.900000 1.070421 -1.221958
 168.000000 1.126815 -0.932577
 168.100000 1.257161 -0.640947
 168.200000 1.483169 -0.463277
 168.300000 1.784049 -0.419421
 168.400000 2.052646 -0.517247
 168.500000 2.254005 -0.746929
 168.600000 2.283103 -1.023248
 168.700000 2.151883 -1.143025
 168.800000 1.895454 -1.030542
 168.900000 1.567736 -0.804245
 169.000000 1.266120 -0.620858
 169.100000 1.044614 -0.560322
 169.200000 0.893727 -0.580869
 169.300000 0.812119 -0.654327
 169.400000 0.797665 -0.806330
 169.500000 0.857926 -0.999398
 169.600000 1.021599 -1.196241
 169.700000 1.235978 -1.312813
 169.800000 1.501926 -1.275257
 169.900000 1.752853 -1.050956
 170.000000 1.942543 -0.719682
 170.100000 2.086198 -0.423033
 170.200000 2.143099 -0.287040
 170.300000 2.050901 -0.376324
 170.400000 1.890174 -0.625353
 170.500000 1.683501 -0.950248
 170.600000 1.462349 -1.236020
 170.700000 1.257421 -1.379082
 170.800000 1.089068 -1.347493
 170.900000 0.915072 -1.208636
 171.000000 0.783827 -1.035480
 171.100000 0.731539 -0.881487
 171.200000 0.736575 -0.719223
 171.300000 0.807183 -0.611182
 171.400000 0.912723 -0.544134
 171.500000 1.063466 -0.518038
 171.600000 1.269119 -0.579827
 171.700000 1.567180 -0.765172
 171.800000 1.884484 -1.014715
 171.900000 2.119807 -1.181312
 172.000000 2.192562 -1.079652
 172.100000 2.097462 -0.753419
 172.200000 1.923571 -0.440576
 172.300000 1.726102 -0.257048
 172.400000 1.488573 -0.187802
 172.500000 1.309724 -0.228333
 172.600000 1.297912 -0.371720
 172.700000 1.450965 -0.593309
 172.800000 1.709332 -0.923028
 172.900000 1.949453 -1.236947
 173.000000 2.054553 -1.342095
 173.100000 1.960103 -1.172417
 173.200000 1.728614 -0.816749
 173.300000 1.481923 -0.467240
 173.400000 1.310758 -0.211578
 173.500000 1.302221 -0.038366
 173.600000 1.409475 0.065656
 173.700000 1.517674 0.034334
 173.800000 1.607501 -0.168913
 173.900000 1.697708 -0.506022
 174.000000 1.764572 -0.950212
 174.100000 1.823017 -1.333730
 174.200000 1.803046 -1.471626
 174.300000 1.675673 -1.288813
 174.400000 1.490257 -0.907054
 174.500000 1.379890 -0.523761
 174.600000 1.388029 -0.251498
 174.700000 1.477714 -0.072385
 174.800000 1.569576 -0.018121
 174.900000 1.615125 -0.121828
 175.000000 1.669251 -0.359922
 175.100000 1.706155 -0.728302
 175.200000 1.726069 -1.123433
 175.300000 1.685913 -1.363764
 175.400000 1.576344 -1.381954
 175.500000 1.410563 -1.173244
 175.600000 1.298102 -0.859335
 175.700000 1.288325 -0.583525
 175.800000 1.390863 -0.424824
 175.900000 1.607333 -0.361066
 176.000000 1.831840 -0.412475
 176.100000 2.061662 -0.601191
 176.200000 2.236935 -0.894302
 176.300000 2.278782 -1.114287
 176.400000 2.203846 -1.067318
 176.500000 2.025878 -0.784161
 176.600000 1.816789 -0.486062
 176.700000 1.565907 -0.329884
 176.800000 1.318256 -0.295829
 176.900000 1.214101 -0.365787
 177.000000 1.254500 -0.552164
 177.100000 1.409052 -0.852564
 177.200000 1.630332 -1.184364
 177.300000 1.796695 -1.356620
 177.400000 1.896575 -1.267154
 177.500000 1.937789 -0.940363
 177.600000 1.918693 -0.570911
 177.700000 1.894935 -0.301040
 177.800000 1.872252 -0.195318
 177.900000 1.754529 -0.237089
 178.000000 1.572467 -0.373012
 178.100000 1.395624 -0.630892
 178.200000 1.344807 -0.982909
 178.300000 1.378593 -1.305538
 178.400000 1.463884 -1.446129
 178.500000 1.536574 -1.346955
 178.600000 1.560865 -1.046921
 178.700000 1.587678 -0.665410
 178.800000 1.641073 -0.364267
 178.900000 1.686562 -0.196723
 179.000000 1.714869 -0.145952
 179.100000 1.716521 -0.208089
 179.200000 1.693399 -0.369658
 179.300000 1.624470 -0.648844
 179.400000 1.551581 -1.030104
 179.500000 1.493839 -1.352259
 179.600000 1.423828 -1.465148
 179.700000 1.340679 -1.304946
 179.800000 1.333712 -0.976436
 179.900000 1.419542 -0.607833
 180.000000 1.592709 -0.353252
 180.100000 1.768213 -0.235540
 180.200000 1.914537 -0.232315
 180.300000 2.042584 -0.395043
 180.400000 2.150286 -0.707486
 180.500000 2.158444 -1.065964
 180.600000 2.028206 -1.230026
 180.700000 1.717618 -1.158464
 180.800000 1.364873 -0.928468
 180.900000 1.066100 -0.674952
 181.000000 0.861078 -0.503980
 181.100000 0.738901 -0.390194
 181.200000 0.715463 -0.367820
 181.300000 0.781195 -0.455745
 181.400000 0.919081 -0.626566
 181.500000 1.144792 -0.873407
 181.600000 1.473394 -1.113681
 181.700000 1.833213 -1.239346
 181.800000 2.113521 -1.153760
 181.900000 2.218416 -0.838488
 182.000000 2.181613 -0.475866
 182.100000 1.983390 -0.243492
 182.200000 1.732542 -0.208149
 182.300000 1.453200 -0.267893
 182.400000 1.190482 -0.405314
 182.500000 1.011227 -0.628435
 182.600000 0.908702 -0.950148
 182.700000 0.896766 -1.272916
 182.800000 0.916375 -1.531461
 182.900000 0.923855 -1.652832
 183.000000 0.897235 -1.584985
 183.100000 0.813129 -1.335116
 183.200000 0.725303 -1.026702
 183.300000 0.659242 -0.742191
 183.400000 0.660723 -0.532850
 183.500000 0.756629 -0.408505
 183.600000 0.936228 -0.372774
 183.700000 1.185140 -0.422584
 183.800000 1.530721 -0.563110
 183.900000 1.936343 -0.791985
 184.000000 2.277492 -1.026280
 184.100000 2.466789 -1.084772
 184.200000 2.393033 -0.928873
 184.300000 2.092901 -0.696358
 184.400000 1.715250 -0.519116
 184.500000 1.345764 -0.528027
 184.600000 1.073043 -0.674709
 184.700000 0.888959 -0.932828
 184.800000 0.818463 -1.218174
 184.900000 0.795905 -1.493630
 185.000000 0.750671 -1.639292
 185.100000 0.681030 -1.616225
 185.200000 0.609729 -1.439622
 185.300000 0.570781 -1.181420
 185.400000 0.546435 -0.894504
 185.500000 0.603152 -0.694779
 185.600000 0.784169 -0.587653
 185.700000 1.022198 -0.547817
 185.800000 1.332007 -0.604467
 185.900000 1.744763 -0.775527
 186.000000 2.144671 -0.966648
 186.100000 2.446767 -1.046899
 186.200000 2.501428 -0.924505
 186.300000 2.262180 -0.710752
 186.400000 1.846096 -0.552330
 186.500000 1.396846 -0.564878
 186.600000 1.063461 -0.751870
 186.700000 0.816739 -1.039793
 186.800000 0.658662 -1.337591
 186.900000 0.578618 -1.568150
 187.000000 0.453190 -1.684395
 187.100000 0.209485 -1.675957
 187.200000 -0.049995 -1.579753
 187.300000 -0.293351 -1.458076
 187.400000 -0.514501 -1.389175
 187.500000 -0.714198 -1.391025
 187.600000 -0.850940 -1.414369
 187.700000 -0.851100 -1.420409
 187.800000 -0.722363 -1.419025
 187.900000 -0.494353 -1.425390
 188.000000 -0.220626 -1.481306
 188.100000 0.115063 -1.583915
 188.200000 0.453607 -1.654518
 188.300000 0.712818 -1.610473
 188.400000 0.943692 -1.401240
 188.500000 1.200278 -1.055849
 188.600000 1.541918 -0.713196
 188.700000 1.927881 -0.454860
 188.800000 2.277178 -0.358867
 188.900000 2.415994 -0.456510
 189.000000 2.261376 -0.744095
 189.100000 1.920861 -1.058737
 189.200000 1.507797 -1.252265
 189.300000 1.108176 -1.286322
 189.400000 0.739011 -1.224389
 189.500000 0.426234 -1.147654
 189.600000 0.155698 -1.100399
 189.700000 -0.102121 -1.113199
 189.800000 -0.333934 -1.136128
 189.900000 -0.558539 -1.150271
 190.000000 -0.769257 -1.166768
 190.100000 -0.944257 -1.186935
 190.200000 -1.056408 -1.185851
 190.300000 -1.037711 -1.139692
 190.400000 -0.902174 -1.060530
 190.500000 -0.704126 -0.975256
 190.600000 -0.470878 -0.894941
 190.700000 -0.219646 -0.893290
 190.800000 0.067523 -0.992541
 190.900000 0.393556 -1.159204
 191.000000 0.742970 -1.326983
 191.100000 1.144467 -1.388203
 191.200000 1.561146 -1.294339
 191.300000 1.953407 -1.010323
 191.400000 2.268951 -0.631511
 191.500000 2.385559 -0.321005
 191.600000 2.191129 -0.252639
 191.700000 1.819284 -0.414005
 191.800000 1.461226 -0.747838
 191.900000 1.146283 -1.128917
 192.000000 0.908682 -1.457903
 192.100000 0.677214 -1.642663
 192.200000 0.423973 -1.653272
 192.300000 0.119397 -1.558044
 192.400000 -0.184229 -1.418541
 192.500000 -0.434464 -1.285457
 192.600000 -0.662648 -1.168953
 192.700000 -0.826088 -1.050397
 192.800000 -0.928285 -0.931388
 192.900000 -0.928610 -0.812102
 193.000000 -0.863642 -0.701102
 193.100000 -0.771229 -0.557099
 193.200000 -0.718621 -0.387315
 193.300000 -0.748510 -0.208783
 193.400000 -0.890872 -0.022678
 193.500000 -1.126938 0.204867
 193.600000 -1.465886 0.462449
 193.700000 -1.914231 0.752278
 193.800000 -2.323553 1.023695
 193.900000 -2.543265 1.091153
 194.000000 -2.435985 0.975968
 194.100000 -2.025568 0.738146
 194.200000 -1.545382 0.500748
 194.300000 -1.183772 0.331292
 194.400000 -0.932335 0.191165
 194.500000 -0.748868 0.109467
 194.600000 -0.698018 0.084922
 194.700000 -0.794822 0.097994
 194.800000 -1.021119 0.159023
 194.900000 -1.329939 0.272229
 195.000000 -1.719287 0.411030
 195.100000 -2.134129 0.726248
 195.200000 -2.428801 1.083400
 195.300000 -2.451928 1.241445
 195.400000 -2.197786 1.120950
 195.500000 -1.820968 0.783369
 195.600000 -1.466489 0.419964
 195.700000 -1.219600 0.120737
 195.800000 -1.096904 -0.124961
 195.900000 -1.066497 -0.303346
 196.000000 -1.097744 -0.421654
 196.100000 -1.155460 -0.487295
 196.200000 -1.236030 -0.494157
 196.300000 -1.309228 -0.438689
 196.400000 -1.330482 -0.313246
 196.500000 -1.310941 -0.107563
 196.600000 -1.330499 0.215116
 196.700000 -1.463119 0.573962
 196.800000 -1.734608 0.983305
 196.900000 -2.015580 1.278952
 197.000000 -2.192877 1.338059
 197.100000 -2.236500 1.090283
 197.200000 -2.153275 0.642574
 197.300000 -1.956688 0.272766
 197.400000 -1.714967 0.057363
 197.500000 -1.451353 -0.069309
 197.600000 -1.219827 -0.067148
 197.700000 -1.041238 0.047476
 197.800000 -0.927537 0.209092
 197.900000 -0.887523 0.390329
 198.000000 -1.003696 0.539327
 198.100000 -1.314981 0.753638
 198.200000 -1.727569 1.021513
 198.300000 -2.137756 1.182250
 198.400000 -2.427341 1.112806
 198.500000 -2.442161 0.852701
 198.600000 -2.172099 0.541572
 198.700000 -1.762162 0.395219
 198.800000 -1.347709 0.459204
 198.900000 -1.071636 0.683978
 199.000000 -0.954476 0.998354
 199.100000 -0.988798 1.313227
 199.200000 -1.086548 1.524829
 199.300000 -1.167813 1.504847
 199.400000 -1.267836 1.244665
 199.500000 -1.424836 0.822909
 199.600000 -1.666429 0.423131
 199.700000 -1.946282 0.167100
 199.800000 -2.172903 0.086681
 199.900000 -2.228564 0.241606
 200.000000 -2.133760 0.620691
 200.100000 -1.950528 1.099079
 200.200000 -1.713749 1.401586
 200.300000 -1.453884 1.426155
 200.400000 -1.203103 1.188062
 200.500000 -1.033788 0.858530
 200.600000 -1.032798 0.539021
 200.700000 -1.205914 0.266657
 200.800000 -1.459942 0.025733
 200.900000 -1.717823 -0.094800
 201.000000 -1.913002 -0.030150
 201.100000 -1.990870 0.237286
 201.200000 -1.986346 0.704925
 201.300000 -1.890392 1.181735
 201.400000 -1.727153 1.447075
 201.500000 -1.546689 1.417221
 201.600000 -1.399358 1.130926
 201.700000 -1.306598 0.747515
 201.800000 -1.334539 0.431601
 201.900000 -1.545937 0.239541
 202.000000 -1.767555 0.113082
 202.100000 -1.932044 0.057176
 202.200000 -2.025586 0.195919
 202.300000 -2.007062 0.524786
 202.400000 -1.891213 0.968238
 202.500000 -1.740835 1.307183
 202.600000 -1.578063 1.414682
 202.700000 -1.410551 1.255243
 202.800000 -1.284263 0.927635
 202.900000 -1.258640 0.582683
 203.000000 -1.368349 0.351852
 203.100000 -1.620896 0.160480
 203.200000 -1.865613 0.038113
 203.300000 -2.006443 0.072133
 203.400000 -2.033194 0.307550
 203.500000 -1.931392 0.737565
 203.600000 -1.803592 1.199744
 203.700000 -1.648321 1.471814
 203.800000 -1.472158 1.444178
 203.900000 -1.280926 1.150572
 204.000000 -1.159332 0.744462
 204.100000 -1.156823 0.374030
 204.200000 -1.217054 0.087246
 204.300000 -1.369074 -0.096547
 204.400000 -1.551624 -0.093752
 204.500000 -1.730744 0.074271
 204.600000 -1.880298 0.321666
 204.700000 -2.031722 0.720262
 204.800000 -2.103777 1.162960
 204.900000 -2.082678 1.370818
 205.000000 -1.883409 1.247677
 205.100000 -1.600935 0.888709
 205.200000 -1.390182 0.485191
 205.300000 -1.359617 0.164345
 205.400000 -1.420415 -0.100454
 205.500000 -1.529831 -0.190938
 205.600000 -1.669323 -0.089427
 205.700000 -1.782245 0.140215
 205.800000 -1.897781 0.462556
 205.900000 -2.012800 0.904773
 206.000000 -2.076372 1.233935
 206.100000 -2.038499 1.327449
 206.200000 -1.853651 1.212536
 206.300000 -1.605340 0.901507
 206.400000 -1.407995 0.554448
 206.500000 -1.371022 0.327636
 206.600000 -1.478981 0.114511
 206.700000 -1.592647 -0.037342
 206.800000 -1.674799 -0.060000
 206.900000 -1.708192 0.054943
 207.000000 -1.672186 0.228274
 207.100000 -1.549451 0.499255
 207.200000 -1.458748 0.893696
 207.300000 -1.459881 1.275629
 207.400000 -1.480877 1.461424
 207.500000 -1.527708 1.351184
 207.600000 -1.598375 0.988124
 207.700000 -1.732824 0.548456
 207.800000 -1.953790 0.263278
 207.900000 -2.146506 0.189147
 208.000000 -2.183856 0.323267
 208.100000 -2.128355 0.687622
 208.200000 -1.995244 1.111586
 208.300000 -1.789522 1.312998
 208.400000 -1.521354 1.267768
 208.500000 -1.260783 1.057126
 208.600000 -1.089674 0.805994
 208.700000 -1.042269 0.583340
 208.800000 -1.166167 0.462038
 208.900000 -1.326844 0.437162
 209.000000 -1.645707 0.527504
 209.100000 -2.059702 0.718420
 209.200000 -2.397382 0.966352
 209.300000 -2.473350 1.117139
 209.400000 -2.263806 1.091353
 209.500000 -1.898104 0.857277
 209.600000 -1.530583 0.576816
 209.700000 -1.285152 0.405286
 209.800000 -1.148856 0.282724
 209.900000 -1.105216 0.175907
 210.000000 -1.186492 0.139190
 210.100000 -1.406364 0.152104
 210.200000 -1.662160 0.228370
 210.300000 -1.863939 0.402150
 210.400000 -2.085005 0.757732
 210.500000 -2.218229 1.132287
 210.600000 -2.252173 1.262454
 210.700000 -2.192612 1.110277
 210.800000 -2.029942 0.730091
 210.900000 -1.801199 0.357694
 211.000000 -1.616241 0.159875
 211.100000 -1.387488 0.026449
 211.200000 -1.195743 0.032028
 211.300000 -1.094435 0.101358
 211.400000 -1.067312 0.203699
 211.500000 -1.096777 0.364855
 211.600000 -1.183175 0.576140
 211.700000 -1.353749 0.879188
 211.800000 -1.630757 1.158141
 211.900000 -1.927016 1.238880
 212.000000 -2.128907 1.068241
 212.100000 -2.245592 0.680068
 212.200000 -2.219645 0.354881
 212.300000 -2.079916 0.232924
 212.400000 -1.825057 0.322629
 212.500000 -1.635401 0.616136
 212.600000 -1.523179 1.009119
 212.700000 -1.465777 1.323883
 212.800000 -1.424337 1.406434
 212.900000 -1.396578 1.215562
 213.000000 -1.374769 0.870446
 213.100000 -1.447235 0.516785
 213.200000 -1.635652 0.266275
 213.300000 -1.770040 0.157864
 213.400000 -1.919854 0.131717
 213.500000 -2.025814 0.287371
 213.600000 -1.980109 0.628625
 213.700000 -1.828247 1.033799
 213.800000 -1.636009 1.294926
 213.900000 -1.436248 1.300051
 214.000000 -1.236851 1.108852
 214.100000 -1.090841 0.857978
 214.200000 -1.025532 0.615509
 214.300000 -1.135327 0.480900
 214.400000 -1.290552 0.425380
 214.500000 -1.534559 0.433365
 214.600000 -1.882309 0.564446
 214.700000 -2.228778 0.817544
 214.800000 -2.419528 1.044360
 214.900000 -2.331565 1.082053
 215.000000 -2.053055 0.919859
 215.100000 -1.697096 0.633287
 215.200000 -1.402141 0.416246
 215.300000 -1.254209 0.261839
 215.400000 -1.217640 0.105931
 215.500000 -1.321092 0.001425
 215.600000 -1.518239 -0.001876
 215.700000 -1.713963 0.091127
 215.800000 -1.892729 0.218403
 215.900000 -2.072345 0.499601
 216.000000 -2.130187 0.919882
 216.100000 -2.100336 1.250195
 216.200000 -1.972963 1.351913
 216.300000 -1.735676 1.223149
 216.400000 -1.484145 0.871914
 216.500000 -1.337383 0.498291
 216.600000 -1.353230 0.239048
 216.700000 -1.465346 -0.000483
 216.800000 -1.616262 -0.123875
 216.900000 -1.755973 -0.078126
 217.000000 -1.787877 0.103088
 217.100000 -1.824956 0.387069
 217.200000 -1.957709 0.853359
 217.300000 -2.018919 1.269879
 217.400000 -1.957365 1.459005
 217.500000 -1.764528 1.311721
 217.600000 -1.511069 0.899474
 217.700000 -1.357845 0.443319
 217.800000 -1.369601 0.059142
 217.900000 -1.454213 -0.216320
 218.000000 -1.532192 -0.321715
 218.100000 -1.626248 -0.289353
 218.200000 -1.718518 -0.087344
 218.300000 -1.724661 0.224959
 218.400000 -1.728799 0.657289
 218.500000 -1.800260 1.161173
 218.600000 -1.855328 1.472693
 218.700000 -1.824724 1.414875
 218.800000 -1.732065 1.019437
 218.900000 -1.651473 0.499456
 219.000000 -1.558724 0.108209
 219.100000 -1.377572 -0.187505
 219.200000 -1.204967 -0.354986
 219.300000 -1.057074 -0.424625
 219.400000 -0.935610 -0.430772
 219.500000 -0.835987 -0.424894
 219.600000 -0.778251 -0.412091
 219.700000 -0.744709 -0.385925
 219.800000 -0.758428 -0.351888
 219.900000 -0.811630 -0.326178
 220.000000 -0.896252 -0.321780
 220.100000 -1.043499 -0.294011
 220.200000 -1.259453 -0.198830
 220.300000 -1.502339 -0.000209
 220.400000 -1.723013 0.296634
 220.500000 -1.969533 0.745322
 220.600000 -2.188945 1.186505
 220.700000 -2.302457 1.369231
 220.800000 -2.241467 1.151682
 220.900000 -2.059043 0.686823
 221.000000 -1.817481 0.261455
 221.100000 -1.606339 -0.029297
 221.200000 -1.384930 -0.238770
 221.300000 -1.149915 -0.293020
 221.400000 -0.964291 -0.252054
 221.500000 -0.908465 -0.101601
 221.600000 -0.972161 0.116109
 221.700000 -1.121963 0.378603
 221.800000 -1.325092 0.713271
 221.900000 -1.612316 1.089760
 222.000000 -1.952590 1.335806
 222.100000 -2.183693 1.343426
 222.200000 -2.285987 1.050332
 222.300000 -2.254125 0.586230
 222.400000 -2.059848 0.218216
 222.500000 -1.761366 0.027037
 222.600000 -1.403113 -0.080054
 222.700000 -1.077536 -0.063960
 222.800000 -0.831231 0.028868
 222.900000 -0.716908 0.202047
 223.000000 -0.749084 0.404888
 223.100000 -0.840989 0.661041
 223.200000 -0.992775 1.036958
 223.300000 -1.253878 1.397588
 223.400000 -1.530323 1.543758
 223.500000 -1.793110 1.368606
 223.600000 -1.975374 0.911864
 223.700000 -2.029186 0.374268
 223.800000 -1.947217 0.002323
 223.900000 -1.766994 -0.200214
 224.000000 -1.501737 -0.210136
 224.100000 -1.242166 -0.009252
 224.200000 -1.048101 0.270908
 224.300000 -0.983746 0.610925
 224.400000 -1.112611 1.014523
 224.500000 -1.334706 1.391821
 224.600000 -1.581715 1.543986
 224.700000 -1.795520 1.347527
 224.800000 -1.928171 0.870061
 224.900000 -1.980856 0.312482
 225.000000 -1.952996 -0.078290
 225.100000 -1.810769 -0.274609
 225.200000 -1.540530 -0.263006
 225.300000 -1.276635 -0.050765
 225.400000 -1.082389 0.291030
 225.500000 -1.015724 0.697948
 225.600000 -1.118357 1.166643
 225.700000 -1.290248 1.568779
 225.800000 -1.440220 1.665458
 225.900000 -1.562178 1.398693
 226.000000 -1.689253 0.857160
 226.100000 -1.886215 0.306370
 226.200000 -2.131646 -0.040507
 226.300000 -2.199995 -0.097264
 226.400000 -2.005568 0.162015
 226.500000 -1.763182 0.669881
 226.600000 -1.601707 1.246145
 226.700000 -1.471834 1.617388
 226.800000 -1.318546 1.649224
 226.900000 -1.127407 1.350486
 227.000000 -1.004543 0.871023
 227.100000 -1.054103 0.412192
 227.200000 -1.234036 0.011235
 227.300000 -1.482594 -0.295664
 227.400000 -1.713845 -0.463846
 227.500000 -1.825898 -0.437968
 227.600000 -1.762399 -0.149473
 227.700000 -1.568684 0.279015
 227.800000 -1.350824 0.808244
 227.900000 -1.223220 1.346624
 228.000000 -1.127634 1.720072
 228.100000 -0.977669 1.793854
 228.200000 -0.775340 1.571185
 228.300000 -0.587597 1.138157
 228.400000 -0.483797 0.712760
 228.500000 -0.455642 0.359325
 228.600000 -0.483205 0.044892
 228.700000 -0.552183 -0.248321
 228.800000 -0.643081 -0.546250
 228.900000 -0.768076 -0.840535
 229.000000 -0.864827 -1.154828
 229.100000 -0.891629 -1.493149
 229.200000 -0.799505 -1.809133
 229.300000 -0.543358 -2.024678
 229.400000 -0.215187 -2.076041
 229.500000 0.093817 -1.920226
 229.600000 0.355248 -1.607024
 229.700000 0.553504 -1.197347
 229.800000 0.722132 -0.752585
 229.900000 0.925086 -0.364387
 230.000000 1.153161 -0.035983
 230.100000 1.467180 0.211683
 230.200000 1.748000 0.306506
 230.300000 1.873461 0.188357
 230.400000 1.829047 -0.165442
 230.500000 1.685111 -0.664705
 230.600000 1.528349 -1.245916
 230.700000 1.347235 -1.676731
 230.800000 1.094372 -1.741863
 230.900000 0.775477 -1.502419
 231.000000 0.453187 -1.129731
 231.100000 0.163874 -0.750413
 231.200000 -0.053633 -0.447746
 231.300000 -0.231170 -0.168525
 231.400000 -0.466239 0.094576
 231.500000 -0.780850 0.350374
 231.600000 -1.235962 0.565462
 231.700000 -1.801320 0.860988
 231.800000 -2.370179 1.117012
 231.900000 -2.716545 1.156504
 232.000000 -2.640663 0.948306
 232.100000 -2.183740 0.616699
 232.200000 -1.563007 0.380969
 232.300000 -1.014607 0.267383
 232.400000 -0.569151 0.189545
 232.500000 -0.204489 0.122148
 232.600000 0.109993 0.062965
 232.700000 0.429845 0.010490
 232.800000 0.785728 -0.080927
 232.900000 1.163824 -0.259908
 233.000000 1.592688 -0.551617
 233.100000 2.041847 -0.964983
 233.200000 2.370955 -1.300615
 233.300000 2.450873 -1.304803
 233.400000 2.245527 -0.950481
 233.500000 1.904103 -0.476807
 233.600000 1.546647 -0.115320
 233.700000 1.193337 0.171438
 233.800000 0.878455 0.385265
 233.900000 0.581293 0.544505
 234.000000 0.296871 0.696132
 234.100000 -0.010823 0.889346
 234.200000 -0.368385 1.120444
 234.300000 -0.786169 1.388240
 234.400000 -1.221324 1.537839
 234.500000 -1.627713 1.402189
 234.600000 -2.001185 0.998191
 234.700000 -2.269292 0.458186
 234.800000 -2.336441 0.072566
 234.900000 -2.099118 0.012300
 235.000000 -1.750162 0.245648
 235.100000 -1.433119 0.662864
 235.200000 -1.181606 1.135101
 235.300000 -1.015563 1.534899
 235.400000 -0.845819 1.688509
 235.500000 -0.660954 1.564029
 235.600000 -0.518499 1.239798
 235.700000 -0.440641 0.912556
 235.800000 -0.437720 0.638252
 235.900000 -0.500287 0.430279
 236.000000 -0.620425 0.269867
 236.100000 -0.854365 0.116383
 236.200000 -1.196616 -0.013322
 236.300000 -1.593652 -0.050533
 236.400000 -1.954435 0.032447
 236.500000 -2.173509 0.312509
 236.600000 -2.255509 0.766978
 236.700000 -2.229298 1.216766
 236.800000 -2.108881 1.404775
 236.900000 -1.854171 1.270001
 237.000000 -1.529796 0.901708
 237.100000 -1.283351 0.493410
 237.200000 -1.129932 0.181740
 237.300000 -1.060423 -0.104547
 237.400000 -1.060651 -0.337080
 237.500000 -1.134334 -0.489255
 237.600000 -1.219783 -0.587694
 237.700000 -1.282126 -0.614547
 237.800000 -1.288427 -0.555155
 237.900000 -1.246023 -0.406229
 238.000000 -1.209987 -0.200317
 238.100000 -1.174123 0.082150
 238.200000 -1.220179 0.421038
 238.300000 -1.333428 0.831494
 238.400000 -1.543320 1.261547
 238.500000 -1.781386 1.493078
 238.600000 -1.967530 1.360830
 238.700000 -2.037034 0.960011
 238.800000 -1.985250 0.426564
 238.900000 -1.867348 0.060853
 239.000000 -1.691154 -0.144133
 239.100000 -1.433997 -0.167227
 239.200000 -1.164916 0.029623
 239.300000 -0.958686 0.318638
 239.400000 -0.891182 0.608305
 239.500000 -0.939946 0.971462
 239.600000 -1.098285 1.335025
 239.700000 -1.311861 1.545209
 239.800000 -1.517769 1.459579
 239.900000 -1.721478 1.098692
 240.000000 -1.933192 0.602430
 240.100000 -2.087030 0.177593
 240.200000 -2.058275 -0.062818
 240.300000 -1.875481 -0.069715
 240.400000 -1.559029 0.060883
 240.500000 -1.214608 0.253518
 240.600000 -0.972231 0.478468
 240.700000 -0.909981 0.751621
 240.800000 -0.981190 1.094663
 240.900000 -1.161868 1.419423
 241.000000 -1.379728 1.509969
 241.100000 -1.601030 1.278222
 241.200000 -1.845485 0.820389
 241.300000 -2.094041 0.380414
 241.400000 -2.222376 0.129393
 241.500000 -2.153301 0.091067
 241.600000 -1.900810 0.278619
 241.700000 -1.681999 0.675205
 241.800000 -1.560674 1.166965
 241.900000 -1.504318 1.500450
 242.000000 -1.484405 1.539653
 242.100000 -1.486249 1.260379
 242.200000 -1.523332 0.783752
 242.300000 -1.621387 0.319032
 242.400000 -1.606297 -0.019256
 242.500000 -1.554187 -0.219956
 242.600000 -1.522782 -0.200052
 242.700000 -1.483443 0.048617
 242.800000 -1.422929 0.403345
 242.900000 -1.505140 0.828189
 243.000000 -1.670567 1.252436
 243.100000 -1.827750 1.485284
 243.200000 -1.900319 1.367807
 243.300000 -1.858877 0.981928
 243.400000 -1.795301 0.472598
 243.500000 -1.838550 0.142097
 243.600000 -1.914193 -0.021329
 243.700000 -1.881494 -0.015014
 243.800000 -1.747627 0.137019
 243.900000 -1.564435 0.372784
 244.000000 -1.368797 0.735338
 244.100000 -1.277916 1.120669
 244.200000 -1.280622 1.442572
 244.300000 -1.262815 1.479541
 244.400000 -1.203678 1.220401
 244.500000 -1.221858 0.856561
 244.600000 -1.335446 0.501135
 244.700000 -1.608113 0.298303
 244.800000 -1.870216 0.280692
 244.900000 -2.156370 0.472171
 245.000000 -2.312922 0.817780
 245.100000 -2.279288 1.136373
 245.200000 -2.116307 1.256276
 245.300000 -1.872215 1.128168
 245.400000 -1.569835 0.808540
 245.500000 -1.369459 0.491161
 245.600000 -1.342911 0.239271
 245.700000 -1.426463 0.010398
 245.800000 -1.527098 -0.086786
 245.900000 -1.614821 -0.004249
 246.000000 -1.656700 0.113992
 246.100000 -1.649715 0.237167
 246.200000 -1.523346 0.532825
 246.300000 -1.444614 0.913971
 246.400000 -1.479892 1.268145
 246.500000 -1.535914 1.414075
 246.600000 -1.608628 1.254644
 246.700000 -1.683001 0.877355
 246.800000 -1.808476 0.495767
 246.900000 -1.978911 0.282389
 247.000000 -2.067670 0.272902
 247.100000 -1.999709 0.456565
 247.200000 -1.804986 0.808972
 247.300000 -1.631760 1.164070
 247.400000 -1.483693 1.341900
 247.500000 -1.316354 1.248400
 247.600000 -1.213119 1.022665
 247.700000 -1.243579 0.776968
 247.800000 -1.368595 0.562443
 247.900000 -1.617648 0.460705
 248.000000 -1.901848 0.500055
 248.100000 -2.175629 0.710959
 248.200000 -2.311688 0.967940
 248.300000 -2.282331 1.106194
 248.400000 -2.127683 1.044492
 248.500000 -1.894805 0.819620
 248.600000 -1.628391 0.575342
 248.700000 -1.410170 0.425829
 248.800000 -1.385591 0.382034
 248.900000 -1.570818 0.383484
 249.000000 -1.760410 0.536429
 249.100000 -1.985506 0.837791
 249.200000 -2.151513 1.096286
 249.300000 -2.251443 1.145998
 249.400000 -2.274873 0.987552
 249.500000 -2.159973 0.676767
 249.600000 -1.924732 0.449574
 249.700000 -1.685657 0.411468
 249.800000 -1.437708 0.571794
 249.900000 -1.275711 0.789745
 250.000000 -1.215911 1.010220
