#! FIELDS time dist nh sigma_dist sigma_nh height biasf
#! SET multivariate false
                      1     0.4179343320562003     0.2578024427471237                    0.1                    0.2     0.4444444444444445                     10
                      2    -0.1280478569359971     0.4376984825419656                    0.1                    0.2     0.4444444444444445                     10
                      3     0.1201596941714567     0.4996110924991704                    0.1                    0.2     0.4442044597415687                     10
                      4 -0.0008637179690440533     0.6611495353610373                    0.1                    0.2     0.4416152229285419                     10
                      5    0.06946871282360667  -0.001379654495425875                    0.1                    0.2     0.4441820846786436                     10
                      6    0.04330999929352908    0.01676612974028924                    0.1                    0.2     0.4394672104080752                     10
                      7   -0.04289270550197433    -0.1411783731139817                    0.1                    0.2     0.4399764246598589                     10
                      8    -0.2648070278278893     0.4310254527714799                    0.1                    0.2     0.4424704446033155                     10
                      9    -0.2255204980649121     0.5223302236551641                    0.1                    0.2     0.4374019439939196                     10
                     10    -0.1340768503271319     0.5920211396223718                    0.1                    0.2     0.4344664266040588                     10
                     11     0.2128602442207106     0.1206170407262661                    0.1                    0.2     0.4409423174566531                     10
                     12    -0.2414471739181736    0.06282895627033058                    0.1                    0.2     0.4422154717887679                     10
                     13   -0.02602449307698218    -0.7790214970993494                    0.1                    0.2     0.4444151760955373                     10
                     14   -0.08771549179423888    0.04758972223393876                    0.1                    0.2     0.4357348248861091                     10
                     15     0.1489434896074691     0.5127182521188005                    0.1                    0.2     0.4375827726059959                     10
                     16     0.2180887776026721     0.3136249480245641                    0.1                    0.2     0.4356985991345095                     10
                     17     0.1019854657784924     0.4519259968112117                    0.1                    0.2     0.4302836862943195                     10
                     18     0.1459143243791774     0.5983284943904934                    0.1                    0.2     0.4295362556022452                     10
                     19    -0.2788098998064774     0.1011794900217702                    0.1                    0.2     0.4370369521882572                     10
                     20   -0.04635678677184463   -0.05745975292482197                    0.1                    0.2     0.4298324732057567                     10
                     21   -0.08533998524103859    -0.2038856538628493                    0.1                    0.2     0.4320280810897489                     10
                     22    -0.1838758168087526    -0.1186014532279351                    0.1                    0.2     0.4313538983167995                     10
                     23    -0.2085761694832204    -0.2462230610923195                    0.1                    0.2     0.4336616512137543                     10
                     24     0.2027520860483394     0.8879354098985455                    0.1                    0.2     0.4411681348113428                     10
                     25     0.1663856412103526     0.8610459719621479                    0.1                    0.2      0.434952212831212                     10
                     26   0.007008228707082731     0.9596791244015341                    0.1                    0.2     0.4398374713018671                     10
                     27     0.2965610712364319     0.6334212925493659                    0.1                    0.2     0.4363933451407208                     10
                     28    0.09489597499942626    0.07598575455845946                    0.1                    0.2     0.4272579210098804                     10
                     29     0.2498555666269848     0.9013764636314465                    0.1                    0.2     0.4331642996421917                     10
                     30     0.1072101151130573     0.6384756874552937                    0.1                    0.2     0.4205413088838772                     10
                     31      0.186234218384332     0.9335379073980763                    0.1                    0.2     0.4266268126197775                     10
                     32     0.1774730234344515      0.521008262860037                    0.1                    0.2     0.4164190806461762                     10
                     33     0.1280562648956645     0.7701981461641778                    0.1                    0.2     0.4152704184365746                     10
                     34     0.1137983151941664     0.9447855651986565                    0.1                    0.2     0.4218462140285823                     10
#! FIELDS time dist nh sigma_dist sigma_nh height biasf
#! SET multivariate false
                     35        0.1366377395662     0.9061179958522296                    0.1                    0.2     0.4137352256398609                     10
#! FIELDS time dist nh sigma_dist sigma_nh height biasf
#! SET multivariate false
                     36     0.0654871589162922     0.5106321444924968                    0.1                    0.2     0.4140406837274528                     10
                     37    -0.1567536240928629     0.1997535040651499                    0.1                    0.2     0.4269843736398171                     10
                     38     0.2945233484823333    0.09351080391973987                    0.1                    0.2     0.4354469658223258                     10
                     39    -0.2470513280930628     0.1768986602405889                    0.1                    0.2     0.4253595528602409                     10
                     40  -0.003656586295523789     0.2738048001226714                    0.1                    0.2     0.4234527784551647                     10
                     41    -0.2760860204551543    -0.6322179329148128                    0.1                    0.2     0.4434808109725987                     10
                     42    0.01737418207767805    -0.6537799350487306                    0.1                    0.2     0.4402552403810399                     10
                     43    -0.1211670590558627     0.1524881740750526                    0.1                    0.2     0.4176793266309599                     10
                     44     0.4143378405530733     0.1965941507070634                    0.1                    0.2     0.4362856441761414                     10
                     45  -0.002325155014156532     0.7568446232758852                    0.1                    0.2     0.4204493643392763                     10
                     46     0.1125531203528449      0.260075104545284                    0.1                    0.2     0.4156852418220474                     10
                     47    0.09644553438908976     0.7356393822248708                    0.1                    0.2     0.4020244349945139                     10
                     48     0.1292769973175274     0.8304918966408406                    0.1                    0.2     0.4003074148144142                     10
                     49    0.06379992499085874    0.04750838443543026                    0.1                    0.2     0.4157001032059955                     10
                     50      0.187530748425091     0.3078835114841394                    0.1                    0.2      0.412248462613013                     10
                     51   -0.03602319347993954     0.7304600367832128                    0.1                    0.2      0.417524299486062                     10
                     52     0.2233670836939456     0.8725537618633148                    0.1                    0.2     0.4082111217124239                     10
                     53      0.106013987099502     -0.247022453629167                    0.1                    0.2     0.4331448293450432                     10
                     54    -0.1054850112122643    -0.6257290322456073                    0.1                    0.2     0.4370297085869054                     10
                     55    -0.2424601864039213   -0.03260342767476621                    0.1                    0.2     0.4208915451645323                     10
                     56    0.08416837469852245     0.1868283075935633                    0.1                    0.2      0.407531330590629                     10
#! FIELDS time dist nh sigma_dist sigma_nh height biasf
#! SET multivariate false
                     57    -0.3302282353586048    -0.4667207306367005                    0.1                    0.2     0.4390093149198513                     10
                     58    0.07578286350099206     0.5012870519016466                    0.1                    0.2     0.3968290064226008                     10
                     59    -0.1002122633697435     0.3961929586445141                    0.1                    0.2     0.4163682908017622                     10
                     60    0.07125834242513607     0.5733589363449276                    0.1                    0.2     0.3908963725737401                     10
                     61    -0.2645516483291825     0.3015682278439278                    0.1                    0.2     0.4206144290417577                     10
                     62     0.1917555060643041     0.3398789125506565                    0.1                    0.2       0.40310304208237                     10
                     63    -0.1917724429323562    -0.1389034463904157                    0.1                    0.2     0.4161476035823497                     10
                     64    -0.2057981899786165    -0.1093632102881792                    0.1                    0.2     0.4112946030587175                     10
                     65   -0.09804241482056542      0.265414742494068                    0.1                    0.2     0.4079379590764531                     10
                     66    0.09206578206207117     0.7278487284335642                    0.1                    0.2     0.3863757554405106                     10
                     67   -0.05829258741711807     0.3822230844466108                    0.1                    0.2     0.4045413330150044                     10
                     68    0.09491045914365714    -0.3811995943532498                    0.1                    0.2     0.4341632976905102                     10
                     69     0.1767742560863139    -0.3799012694923072                    0.1                    0.2      0.435449851614624                     10
                     70    -0.1818766496912665    -0.2477655988742744                    0.1                    0.2     0.4149027714086749                     10
                     71    -0.0978800730325069     0.4104298886981865                    0.1                    0.2     0.4034011529187128                     10
                     72    0.01623222215938069   -0.03497769822419183                    0.1                    0.2     0.4045611817552777                     10
                     73    0.04636414190696359    -0.6820829919659268                    0.1                    0.2     0.4325637227235642                     10
                     74    -0.3899337504613627    -0.3609319709390757                    0.1                    0.2     0.4369467816219101                     10
                     75   -0.01445148399515617    -0.7654270349983945                    0.1                    0.2     0.4290249116318472                     10
                     76     0.1452537590391227   -0.06069428730112625                    0.1                    0.2     0.4142542659051713                     10
                     77   -0.07921970471077033    -0.5359890773220992                    0.1                    0.2     0.4254937957603409                     10
                     78    -0.1113200557995102    -0.5196078675954836                    0.1                    0.2     0.4221920933628525                     10
#! FIELDS time dist nh sigma_dist sigma_nh height biasf
#! SET multivariate false
                     79    -0.1098662593568498    -0.1937327192516887                    0.1                    0.2     0.4041069678808445                     10
                     80    -0.1381544185353361     0.2533481001568436                    0.1                    0.2     0.3977414472264544                     10
                     81    -0.1177643448070773    -0.5263570426018842                    0.1                    0.2     0.4172029932445395                     10
                     82    -0.4324450193805045    -0.9308851040466681                    0.1                    0.2     0.4437105400412011                     10
                     83   -0.01570818124449969    -0.9169522944487007                    0.1                    0.2     0.4307987887787554                     10
                     84     0.1606509862425236   -0.01045843174974515                    0.1                    0.2     0.4094006759720169                     10
                     85    -0.0291938643148828    -0.1627777212049164                    0.1                    0.2     0.4006773488932804                     10
                     86     0.2473634637011819   -0.04840787179182815                    0.1                    0.2       0.42183332576572                     10
                     87    -0.2115653984387091    0.08908273171875125                    0.1                    0.2      0.397494504795092                     10
                     88    0.06657219315150908     0.7491799781960395                    0.1                    0.2     0.3861700500081067                     10
                     89    0.01252593314503869     0.7755292503825517                    0.1                    0.2     0.3949240063766555                     10
                     90     0.4036254240198582     0.8093275517345724                    0.1                    0.2     0.4382428335887371                     10
                     91     0.1266679887351687   -0.01149009719396688                    0.1                    0.2     0.3978783983533922                     10
                     92     0.1151404291265992     0.7072939285050004                    0.1                    0.2     0.3754655625210211                     10
                     93    0.07514438403909773     0.7234468880191691                    0.1                    0.2     0.3739797212519134                     10
                     94    -0.1777670112014293    -0.3272997455250695                    0.1                    0.2     0.4063503595595421                     10
                     95   -0.01306038618996586     -0.564020735803076                    0.1                    0.2     0.4123482431892302                     10
                     96    -0.2665539358007134    -0.1505379192942433                    0.1                    0.2     0.4065820352259051                     10
                     97    -0.3370554596257476    -0.5408376116369822                    0.1                    0.2     0.4288854452522479                     10
                     98    0.06760758160076241     0.5052332169734259                    0.1                    0.2     0.3760671437898355                     10
                     99     -0.103143053668139     0.1524284171356798                    0.1                    0.2     0.3884767365074418                     10
#! FIELDS time dist nh sigma_dist sigma_nh height biasf
#! SET multivariate false
                    100   -0.05404348219701927    0.08376725647235395                    0.1                    0.2     0.3852985666826621                     10
                    101     0.4497891308768251     0.1005871016651962                    0.1                    0.2     0.4345082733411554                     10
                    102    -0.1198613420486461     -0.018657838967437                    0.1                    0.2     0.3812690535349184                     10
                    103   -0.07235683250303548     0.1261134260251315                    0.1                    0.2     0.3791739522374696                     10
                    104    -0.1879486707675606    -0.4176176151789561                    0.1                    0.2     0.4054233279648931                     10
                    105    -0.3062356015030716    -0.3983955624097313                    0.1                    0.2     0.4151190229454343                     10
                    106    -0.3007896510750467   -0.08131299873137365                    0.1                    0.2     0.4060531987374838                     10
                    107     0.1317349209369256     0.8313811493627585                    0.1                    0.2     0.3766781009662301                     10
                    108     0.2054823475087624     0.3614371448744778                    0.1                    0.2      0.395506863648719                     10
                    109   -0.01538167912035249    -0.3892021443274687                    0.1                    0.2     0.4048636927789552                     10
                    110    0.07091606014769547    -0.6140585134935985                    0.1                    0.2     0.4169817614438245                     10
                    111    -0.3429737030816893    -0.9260947468045941                    0.1                    0.2     0.4383211549542861                     10
                    112     0.1381931351064019    -0.2288393315124435                    0.1                    0.2     0.4091071715792455                     10
                    113    -0.1269256630050666    -0.6809317276405487                    0.1                    0.2     0.4119620004038216                     10
                    114    -0.3239959681772242    -0.7203838695973142                    0.1                    0.2     0.4261939064643788                     10
                    115    0.06177650483224006     0.4316724047216263                    0.1                    0.2     0.3751095069312601                     10
                    116   -0.06127249446583871     0.2683057268806055                    0.1                    0.2     0.3797647907640308                     10
                    117    -0.2013114056037382     0.1721592817253776                    0.1                    0.2      0.383733913129067                     10
                    118   -0.02460692871412373    -0.7424239672425883                    0.1                    0.2     0.4067350492167009                     10
                    119     -0.252736040538702     -0.877733404239659                    0.1                    0.2     0.4296623057149584                     10
                    120     0.1835442725463829     -0.318806395490415                    0.1                    0.2     0.4179322321492345                     10
                    121     -0.125201839970998    0.07940446938413226                    0.1                    0.2       0.36963966596617                     10
                    122     0.1080865265151385     0.9347522003868072                    0.1                    0.2      0.387694774288678                     10
                    123     0.2067067205590105     0.7579070286522376                    0.1                    0.2     0.3822932240058307                     10
                    124    -0.1908357156326681   -0.09752501867534624                    0.1                    0.2     0.3752816245789658                     10
                    125     0.1159510169577633    -0.1000682332849547                    0.1                    0.2     0.3906248805073203                     10
                    126     0.3285665692922983     0.1926584952253614                    0.1                    0.2     0.4179447999043824                     10
                    127     0.1507129874697233   -0.04882630297809776                    0.1                    0.2     0.3890849448216135                     10
                    128     0.4560990958673925   -0.02916883642825319                    0.1                    0.2      0.433576409409004                     10
                    129 -0.0007138284135859152    -0.7826835188531294                    0.1                    0.2     0.4069182882881843                     10
                    130   -0.02428014105572074    -0.5720744563763887                    0.1                    0.2     0.3935478657444278                     10
                    131    -0.4092705882893719    -0.7620429459845812                    0.1                    0.2      0.428149074959541                     10
                    132    -0.1473879961965088    -0.6249288759180436                    0.1                    0.2     0.3994709575399756                     10
