#! FIELDS time dist nh sigma_dist sigma_nh height biasf
#! SET multivariate false
                      1     0.4179340442821149     0.2578013425507049                    0.1                    0.2     0.4444444444444445                     10
                      2     0.1554804032166668    0.05768814144611145                    0.1                    0.2     0.4443505988270987                     10
                      3       0.10137206673308     0.4668842220164868                    0.1                    0.2     0.4439096902352437                     10
                      4     0.1869045749762215     0.6929220658135131                    0.1                    0.2     0.4426133550104751                     10
                      5  -0.004137849987105424      0.257943280793254                    0.1                    0.2     0.4419486862796744                     10
                      6      0.169486860243198      0.814056618451656                    0.1                    0.2     0.4396382481999686                     10
                      7     0.1165729605748562     0.8586832857284903                    0.1                    0.2     0.4370372246117453                     10
                      8     0.2327630048781213      0.869385102170912                    0.1                    0.2     0.4351262893343594                     10
                      9    0.08157192384740575     0.1095588315406517                    0.1                    0.2     0.4373836368746361                     10
                     10    0.08495861373814351     0.1455245627693258                    0.1                    0.2     0.4323095746651742                     10
                     11    0.04140240588322674     0.6625975649013074                    0.1                    0.2     0.4352885223432404                     10
                     12     0.1933390481798325     0.7443938647408181                    0.1                    0.2     0.4264387584373264                     10
                     13     0.2693409689454107   -0.03471238527776066                    0.1                    0.2     0.4403380934252221                     10
                     14    0.09038856083791846    -0.1061150740593235                    0.1                    0.2     0.4353660509340084                     10
                     15      0.010800798478102     0.0296812683844494                    0.1                    0.2     0.4307944139994248                     10
                     16      -0.14215938623465    -0.2378680112575364                    0.1                    0.2     0.4433448499638721                     10
                     17    -0.1655683240064165    -0.3750996707645537                    0.1                    0.2     0.4405304859716748                     10
                     18   -0.04122779990157155    -0.3734760343045367                    0.1                    0.2     0.4383096963421955                     10
                     19    -0.1531391419750661     0.0534683451585054                    0.1                    0.2     0.4391282119326912                     10
                     20    -0.3275117160724403    0.03041964326973279                    0.1                    0.2     0.4428488010442168                     10
                     21   -0.06450504031589266    -0.5770597533276991                    0.1                    0.2     0.4389776281081276                     10
                     22    -0.1391139528091099    -0.5945328333971203                    0.1                    0.2     0.4357300478362178                     10
                     23    -0.2312368774572815    -0.5396061928608606                    0.1                    0.2     0.4359040063640451                     10
                     24   -0.03454659882780753     0.4908886307253613                    0.1                    0.2     0.4354300773178685                     10
                     25     0.2123782181174578      1.381909526601621                    0.1                    0.2     0.4440534459285004                     10
                     26     0.3549823859838823      1.465107200270394                    0.1                    0.2     0.4428136568581533                     10
                     27     0.1443461272700195      1.223777291934544                    0.1                    0.2     0.4388909762902481                     10
                     28     0.1974310154911338      1.464314361384669                    0.1                    0.2     0.4365882144232384                     10
                     29     0.3529896878069378      1.533829554431749                    0.1                    0.2     0.4370926240765332                     10
#! FIELDS time dist nh sigma_dist sigma_nh height biasf
#! SET multivariate false
                     30     0.2496249519964819      1.207866542416686                    0.1                    0.2     0.4325154170115132                     10
                     31     0.1800660463570116      1.273790463690874                    0.1                    0.2     0.4272940065065866                     10
                     32     0.1935279790767424      1.479632621709458                    0.1                    0.2     0.4269499367384152                     10
                     33     0.2848290352047127      1.278595694387846                    0.1                    0.2     0.4240720324209767                     10
                     34     0.1865385600936156      1.338011879782721                    0.1                    0.2     0.4168553834750736                     10
                     35     0.2676186787014119      1.329045417699362                    0.1                    0.2      0.414153368404047                     10
                     36     0.1792480163073376      1.361814141015414                    0.1                    0.2     0.4106200701093415                     10
                     37     0.1458749581298766      1.129111069046055                    0.1                    0.2     0.4181104071591221                     10
                     38     0.1649756347508771      1.363661722259934                    0.1                    0.2     0.4062773882038955                     10
                     39     0.2329190417280709      1.401113196595398                    0.1                    0.2     0.4012752301373164                     10
                     40     0.1565045336473629      1.639056841433935                    0.1                    0.2     0.4263819659254742                     10
                     41     0.2543384320637876      1.578904521982696                    0.1                    0.2     0.4135458716147067                     10
                     42     0.2470190308569824      1.259226919254286                    0.1                    0.2     0.3981781100509246                     10
                     43      0.333319113422992      1.390331036197413                    0.1                    0.2     0.4092388251738664                     10
                     44     0.1942369303181055      1.498932558579564                    0.1                    0.2     0.3968950931114351                     10
                     45     0.1994048959475645      1.275037560803753                    0.1                    0.2     0.3879555334115661                     10
                     46     0.2120445764456089      1.467830700038588                    0.1                    0.2     0.3864553695328917                     10
                     47    0.09983664762313249      1.571334249329153                    0.1                    0.2     0.4165761015087449                     10
                     48     0.1933048681055058      1.569154230398796                    0.1                    0.2     0.3947309238830498                     10
                     49     0.3980732940675953      1.449954557136521                    0.1                    0.2     0.4201592260949875                     10
                     50     0.2618164856322389      1.578441992901988                    0.1                    0.2     0.3945476675102836                     10
                     51      0.242967043017575      1.282606587348751                    0.1                    0.2      0.378887208031256                     10
                     52     0.1495961146996254      1.266859900392202                    0.1                    0.2     0.3856638765793988                     10
                     53     0.1710434947450141      1.563647285737089                    0.1                    0.2     0.3874685031252577                     10
                     54     0.1884839952212916      1.352778692343696                    0.1                    0.2     0.3664550593534741                     10
                     55      0.262874678758177      1.264726646756084                    0.1                    0.2     0.3754016741936788                     10
                     56     0.3098606962275747      1.650497797166374                    0.1                    0.2     0.4063912426869173                     10
#! FIELDS time dist nh sigma_dist sigma_nh height biasf
#! SET multivariate false
                     57     0.1479330483879038      1.526660641727178                    0.1                    0.2     0.3802044015636074                     10
                     58   -0.05142993881338653     0.1808468213846028                    0.1                    0.2     0.4279996598929016                     10
                     59     0.2154540265312459    -0.3752042703232847                    0.1                    0.2     0.4417292864992661                     10
                     60    0.01671693770320348    -0.1997463052892754                    0.1                    0.2     0.4285912115589195                     10
                     61    -0.2024731155500366   -0.09719591539837502                    0.1                    0.2     0.4319504409673013                     10
                     62    0.09413925066862094   -0.02003743742131636                    0.1                    0.2     0.4195519781833549                     10
                     63    -0.2468400275609106    -0.5643387450314976                    0.1                    0.2     0.4327162492149686                     10
                     64   -0.05288764745172903     -0.488994065575612                    0.1                    0.2     0.4261239556869016                     10
                     65    -0.2451412415023635     0.1183495836853123                    0.1                    0.2     0.4340098476820202                     10
                     66    -0.2435087906887357     0.2789618907209066                    0.1                    0.2     0.4356254308373775                     10
                     67     0.1412769992164327     0.4600498831329625                    0.1                    0.2     0.4272832725709907                     10
                     68     0.1314915807205421     0.7440784482137075                    0.1                    0.2     0.4178319980652029                     10
                     69   -0.05024605899892243     0.4213582052366593                    0.1                    0.2     0.4270540728886241                     10
                     70    0.03447299927636327    -0.2632673609325176                    0.1                    0.2      0.422942728871969                     10
                     71    0.09000466710523036     -0.741814553794276                    0.1                    0.2     0.4412047167455313                     10
                     72    0.03517689543799918    -0.5554487386900337                    0.1                    0.2     0.4281379283286756                     10
                     73     -0.025618128682104    -0.2883782461793785                    0.1                    0.2     0.4157088416976544                     10
                     74     0.0909843341424954     0.2018317366231184                    0.1                    0.2     0.4148793825989872                     10
                     75     0.1821009593269889     0.4041109391684756                    0.1                    0.2     0.4240258807084252                     10
                     76    -0.2271364433237566     0.1271015991637781                    0.1                    0.2     0.4250982781323937                     10
                     77    -0.1862245235975923    0.07131256558028731                    0.1                    0.2     0.4188490275075433                     10
                     78   -0.02531881258058877    -0.5734923094801672                    0.1                    0.2     0.4190233649056291                     10
                     79     0.2582623749829316     0.5332747596985792                    0.1                    0.2     0.4276471009709958                     10
                     80    0.05334753547071069     0.8239679189423645                    0.1                    0.2      0.422419195706647                     10
                     81    0.06914196802870043      0.658055948232227                    0.1                    0.2     0.4129979442908266                     10
                     82    -0.0992298560391236     0.6063187393130303                    0.1                    0.2     0.4315471023866084                     10
                     83   0.008688569535304058 -4.231637257845478e-05                    0.1                    0.2     0.4085673517141048                     10
                     84    -0.1332447564215222    -0.3060120376048303                    0.1                    0.2     0.4131481984303487                     10
                     85    -0.2058122571517162     -1.115405867889689                    0.1                    0.2     0.4440548121911452                     10
                     86    -0.2876368581533524     -1.380945969714012                    0.1                    0.2     0.4430110951241265                     10
                     87    -0.2464589221270148     -1.542905831825571                    0.1                    0.2     0.4408064773114753                     10
                     88    -0.3082467873817929     -1.416743190123768                    0.1                    0.2     0.4356978969718103                     10
                     89    -0.2102408078781548     -1.513087441159101                    0.1                    0.2     0.4339485095663526                     10
#! FIELDS time dist nh sigma_dist sigma_nh height biasf
#! SET multivariate false
                     90    -0.2816963813072799     -1.644339414749382                    0.1                    0.2     0.4331221893021329                     10
                     91     -0.302652726767473     -1.458492558198534                    0.1                    0.2     0.4253604398349231                     10
                     92    -0.2849386380879169     -1.279569011238371                    0.1                    0.2     0.4267284076761251                     10
                     93    -0.2041462930641169     -1.628441892829198                    0.1                    0.2     0.4272167237084617                     10
                     94    -0.3460864780423223     -1.558345003256183                    0.1                    0.2     0.4235584642718167                     10
                     95     -0.219337467955681     -1.422045937574618                    0.1                    0.2      0.416255387893047                     10
                     96    -0.2390637154778101     -1.403652292445452                    0.1                    0.2     0.4106075424178549                     10
                     97    -0.2169072011880002     -1.541543237894408                    0.1                    0.2     0.4094953759164222                     10
                     98    -0.2740518088666617      -1.41748803777296                    0.1                    0.2     0.4023080486066266                     10
                     99    -0.3600985002142494     -1.344734407194142                    0.1                    0.2     0.4161010888309568                     10
                    100    -0.1964881482934386     -1.464390664983996                    0.1                    0.2     0.4035132916748882                     10
                    101    -0.1558806020767955     -1.457091419282351                    0.1                    0.2     0.4100270977431741                     10
                    102    -0.2131774246602076     -1.269087794675438                    0.1                    0.2     0.4072582805005946                     10
                    103    -0.1864376972969173     -1.375157442607207                    0.1                    0.2     0.3980083925628322                     10
                    104    -0.1787665362514554     -1.515704496673635                    0.1                    0.2     0.3959666218997122                     10
                    105    -0.1995220051867326     -1.378485688541532                    0.1                    0.2     0.3883190682434914                     10
                    106     -0.239709019836623     -1.330682342790792                    0.1                    0.2     0.3852902759579507                     10
                    107    -0.3031037941761299     -1.447406189647973                    0.1                    0.2     0.3840221277038061                     10
#! FIELDS time dist nh sigma_dist sigma_nh height biasf
#! SET multivariate false
                    108    -0.2557067869512439     -1.421420735950459                    0.1                    0.2     0.3729045603310505                     10
                    109    -0.3159107092399296     -1.632255770408978                    0.1                    0.2      0.399836292396834                     10
                    110    -0.3503992007797467     -1.571383752906652                    0.1                    0.2     0.3976324343952683                     10
                    111    -0.2515914421608214     -1.421382857529215                    0.1                    0.2     0.3659885404841661                     10
                    112    -0.4111385369205705     -1.465221956452273                    0.1                    0.2     0.4103310609667661                     10
                    113    -0.1949344794070793     -1.498518402766975                    0.1                    0.2      0.372262363797262                     10
                    114    -0.2869916251877767     -1.317641822766958                    0.1                    0.2     0.3735819030615605                     10
                    115    -0.2289494157717218     -1.256720294429309                    0.1                    0.2     0.3797775301638417                     10
                    116    -0.2427059444002129     -1.365811592592272                    0.1                    0.2     0.3578094145841914                     10
                    117    -0.2555705498062255     -1.525802191341059                    0.1                    0.2     0.3575019453761206                     10
                    118    -0.1748161976157039     -1.283070681513163                    0.1                    0.2     0.3798670379581879                     10
                    119    -0.2663043500186155     -1.302139241119437                    0.1                    0.2     0.3602962306535877                     10
                    120    -0.3963222452144444      -1.52849482085825                    0.1                    0.2      0.397249229178151                     10
                    121    -0.2097413300375164     -1.247699060439122                    0.1                    0.2     0.3708030372825555                     10
                    122    -0.2718009520125875     -1.363507512010358                    0.1                    0.2     0.3456552831675483                     10
                    123    -0.1287118799337348     -1.689666690269552                    0.1                    0.2     0.4115970775549379                     10
                    124    -0.4161943513092556     -1.631325978437411                    0.1                    0.2      0.410112624173991                     10
                    125    -0.2986883567969654     -1.574704287413478                    0.1                    0.2     0.3589203885113111                     10
                    126    -0.2691635967996833     -1.586298040644054                    0.1                    0.2     0.3542208990621998                     10
                    127    -0.2129288869951425     -1.460627889687691                    0.1                    0.2     0.3393943492785195                     10
                    128    -0.1999163036242746     -1.364214827699043                    0.1                    0.2     0.3437127448547522                     10
                    129    -0.2077886204271169     -1.645766902548031                    0.1                    0.2     0.3685052268035747                     10
                    130    -0.3083924796760911     -1.603830356206686                    0.1                    0.2     0.3567390186162709                     10
                    131     -0.336023617749847     -1.296206408667222                    0.1                    0.2     0.3657131573613421                     10
                    132    -0.1206894278982058     -1.471797521588924                    0.1                    0.2     0.3771804366925221                     10
                    133    -0.2183153885965925     -1.265489224232405                    0.1                    0.2     0.3497853144433148                     10
                    134    -0.4027935838066685     -1.625314843383527                    0.1                    0.2     0.3931501347828036                     10
                    135     -0.382722521021811     -1.374537980253499                    0.1                    0.2     0.3725038156884238                     10
                    136    -0.2463098436943694     -1.565326852010742                    0.1                    0.2     0.3331993324068561                     10
                    137    -0.2701372448583281     -1.367007546864981                    0.1                    0.2     0.3224329740932934                     10
#! FIELDS time dist nh sigma_dist sigma_nh height biasf
#! SET multivariate false
                    138   -0.09207027884420627     -1.526368130010536                    0.1                    0.2     0.3914029579216243                     10
                    139    -0.1545817348167657     -1.487363098731292                    0.1                    0.2     0.3471042332791378                     10
                    140    -0.2187100232602774     -1.605826453006181                    0.1                    0.2     0.3396639343997363                     10
                    141     -0.212077028653507     -1.540378247962984                    0.1                    0.2     0.3238046854672658                     10
                    142    -0.3194720812955782     -1.565391799325879                    0.1                    0.2     0.3359052896735091                     10
                    143    -0.1555622495244167     -1.482863076312825                    0.1                    0.2     0.3384803123539488                     10
#! FIELDS time dist nh sigma_dist sigma_nh height biasf
#! SET multivariate false
                    144    -0.1176812341786275     -1.329292488217325                    0.1                    0.2     0.3694444447306321                     10
                    145    -0.1951653858199944     -1.439874255158958                    0.1                    0.2     0.3132818455385459                     10
                    146    -0.1598430204592571     -1.509908733236374                    0.1                    0.2     0.3311732095706154                     10
                    147    -0.2926889697226831     -1.441423506735845                    0.1                    0.2     0.3089107499337398                     10
                    148    -0.4131409744661125     -1.379432849277882                    0.1                    0.2     0.3801775438934673                     10
                    149    -0.2874863729042414     -1.258053219592099                    0.1                    0.2     0.3376096645517331                     10
#! FIELDS time dist nh sigma_dist sigma_nh height biasf
#! SET multivariate false
                    150    -0.3382527087450371     -1.477065037853319                    0.1                    0.2     0.3246872133414797                     10
                    151    -0.5500078284708971     -1.195000533475631                    0.1                    0.2     0.4387282703168329                     10
                    152   -0.09937237369434992     -1.134290427735098                    0.1                    0.2     0.4088417939957909                     10
                    153    -0.2392285418606206     -1.439939952499235                    0.1                    0.2     0.2942690638815637                     10
                    154    -0.2256024689258871     -1.379741956737223                    0.1                    0.2     0.2979630597496993                     10
#! FIELDS time dist nh sigma_dist sigma_nh height biasf
#! SET multivariate false
                    155    -0.2288998682003103     -1.300383099804241                    0.1                    0.2     0.3116457437742391                     10
                    156    -0.1989863386306234     -1.105344337086697                    0.1                    0.2      0.380480978376354                     10
                    157    -0.2635788647273256     -1.718667375941079                    0.1                    0.2     0.3582378279515628                     10
                    158     -0.387175602872023     -1.388297792463791                    0.1                    0.2     0.3522834226425893                     10
                    159    -0.3277027743646823     -1.245224951252866                    0.1                    0.2      0.344148225434721                     10
                    160    -0.3557789442224353     -1.368613979254149                    0.1                    0.2     0.3287648864765084                     10
#! FIELDS time dist nh sigma_dist sigma_nh height biasf
#! SET multivariate false
                    161    -0.1294452874408198     -1.094380298774572                    0.1                    0.2     0.3973584623717621                     10
                    162    -0.2484783260597545     -1.393547057615248                    0.1                    0.2     0.2849730875978072                     10
                    163    -0.2260348282210356     -1.487901932220107                    0.1                    0.2     0.2867072795106661                     10
                    164   -0.08295074363847998     -1.306903759065291                    0.1                    0.2     0.3771960188770977                     10
                    165    -0.2756534408458295     -1.329063496379897                    0.1                    0.2     0.2939571132713113                     10
                    166    -0.2643541732100845     -1.586512755831986                    0.1                    0.2     0.3026331370008317                     10
#! FIELDS time dist nh sigma_dist sigma_nh height biasf
#! SET multivariate false
                    167    -0.1284813193405678     -1.273109534776341                    0.1                    0.2     0.3474054251053859                     10
                    168    -0.3389822378752012     -1.350227261525701                    0.1                    0.2     0.3132709915116705                     10
                    169    -0.1378647305738363     -1.374523059312744                    0.1                    0.2     0.3223754539208736                     10
                    170    -0.3597433190924457     -1.384523774389431                    0.1                    0.2     0.3193215563666068                     10
                    171    -0.2284074635568214     -1.340520347130219                    0.1                    0.2     0.2818805048770537                     10
                    172    -0.1333397220678789      -1.16185832569511                    0.1                    0.2     0.3659853407751599                     10
#! FIELDS time dist nh sigma_dist sigma_nh height biasf
#! SET multivariate false
                    173    -0.5232469943930316     -1.493935348032287                    0.1                    0.2     0.4191304617202377                     10
                    174    -0.2765724665923417      -1.42072266556109                    0.1                    0.2     0.2722242033138195                     10
                    175     -0.320013881846104     -1.416490849468397                    0.1                    0.2     0.2868584832289049                     10
                    176    -0.1109074777052084     -1.562977783261376                    0.1                    0.2     0.3511971685428544                     10
                    177     -0.405319998867784     -1.286560808872232                    0.1                    0.2     0.3602975250758145                     10
                    178    -0.1359001827350619     -1.260510826278701                    0.1                    0.2     0.3337888346979928                     10
#! FIELDS time dist nh sigma_dist sigma_nh height biasf
#! SET multivariate false
                    179    -0.1740557550886912     -1.269831994953374                    0.1                    0.2     0.3077046682474857                     10
                    180    -0.6911533348858245     -1.329081688768101                    0.1                    0.2     0.4418143122574663                     10
                    181     -0.141768212214588     -1.121525303258009                    0.1                    0.2     0.3656766630292551                     10
                    182    -0.1815243895524421     -1.531025856181729                    0.1                    0.2      0.292941458042386                     10
                    183     -0.024991171010043     -1.164922062438056                    0.1                    0.2     0.4084178042882884                     10
#! FIELDS time dist nh sigma_dist sigma_nh height biasf
#! SET multivariate false
                    184     -0.228136951306005     -1.528018004887238                    0.1                    0.2     0.2746522372509432                     10
                    185    -0.3548300280655421     -1.418556390748162                    0.1                    0.2     0.3019656854316335                     10
                    186    -0.4305727192013349     -1.283623015123153                    0.1                    0.2     0.3716090279872802                     10
                    187    -0.3041912988180004      -1.62281644616946                    0.1                    0.2     0.3096277470174819                     10
                    188    -0.2223278806226152     -1.329319375857634                    0.1                    0.2     0.2700237119273191                     10
                    189    -0.2603149251693191     -1.522406504709123                    0.1                    0.2     0.2665356351612189                     10
#! FIELDS time dist nh sigma_dist sigma_nh height biasf
#! SET multivariate false
                    190    -0.3451934509995946     -1.591040729140946                    0.1                    0.2       0.31319427730012                     10
                    191    -0.3772988268603676     -1.434959569099032                    0.1                    0.2     0.3095065932835017                     10
                    192   -0.04547702398631492     -1.178830214841551                    0.1                    0.2     0.3924435944791854                     10
                    193    -0.2093175795774291     -1.671448317629878                    0.1                    0.2      0.321515105400357                     10
                    194    -0.2034147581173171     -1.364427511277504                    0.1                    0.2     0.2641619104358942                     10
                    195    -0.2013473861082853     -1.464665385437369                    0.1                    0.2     0.2610365748316133                     10
#! FIELDS time dist nh sigma_dist sigma_nh height biasf
#! SET multivariate false
                    196    -0.3329710637791714     -1.020558895350974                    0.1                    0.2      0.400433604758455                     10
                    197    -0.2561984419868897     -1.347914220989363                    0.1                    0.2     0.2565068104448465                     10
                    198    -0.1196889475838916     -1.232643564060776                    0.1                    0.2     0.3325293735294271                     10
                    199    -0.3735887323403724     -1.242113742167739                    0.1                    0.2     0.3358824735790372                     10
                    200     -0.513446984819552     -1.388867567274094                    0.1                    0.2     0.4016446145928149                     10
#! FIELDS time dist nh sigma_dist sigma_nh height biasf
#! SET multivariate false
                    201    -0.2716272309802605     -1.548796090225988                    0.1                    0.2      0.264618260634306                     10
                    202    -0.3805782862779612     -1.230347501846746                    0.1                    0.2     0.3397600628770495                     10
                    203    -0.1541294398490787     -1.559673379131739                    0.1                    0.2     0.3010279549889777                     10
                    204    -0.4262861500324249     -1.600971321451349                    0.1                    0.2     0.3598304664731826                     10
                    205    -0.0988946863257758      -1.57918862140766                    0.1                    0.2     0.3463948671853849                     10
                    206    -0.4193802740368786     -1.514195906753703                    0.1                    0.2     0.3361108816284403                     10
#! FIELDS time dist nh sigma_dist sigma_nh height biasf
#! SET multivariate false
                    207    -0.2909876317159084     -1.536802152551185                    0.1                    0.2      0.260790791132088                     10
                    208    -0.3585316777319283     -1.373144466462754                    0.1                    0.2     0.2853927257556775                     10
                    209    -0.1354160269046316     -1.438359496292704                    0.1                    0.2     0.2910334754551814                     10
                    210    -0.4106551049890579     -1.387344535621138                    0.1                    0.2     0.3205022478003842                     10
                    211    -0.2125573215198204     -1.254429976881083                    0.1                    0.2     0.2771544744523147                     10
                    212    -0.4272899778987724     -1.232143649039534                    0.1                    0.2     0.3587788542342861                     10
#! FIELDS time dist nh sigma_dist sigma_nh height biasf
#! SET multivariate false
                    213    -0.5151980002077563     -1.248085691516124                    0.1                    0.2     0.4000341494664389                     10
                    214    -0.2566386656070205     -1.422767300448379                    0.1                    0.2     0.2368223341208809                     10
                    215    -0.2176469086018429     -1.629398497894661                    0.1                    0.2     0.2870206603793986                     10
                    216   -0.05204706016099725     -1.171697923917209                    0.1                    0.2     0.3804278456774512                     10
                    217    -0.3405595769665668      -1.07238163943677                    0.1                    0.2     0.3710775481008851                     10
#! FIELDS time dist nh sigma_dist sigma_nh height biasf
#! SET multivariate false
                    218   -0.09645446518666989     -1.551154451107051                    0.1                    0.2     0.3347981670843386                     10
                    219    -0.1964114474163312     -1.459295325792258                    0.1                    0.2     0.2462430544123975                     10
                    220    -0.1176266675526629     -1.297641025143189                    0.1                    0.2     0.3074972380100297                     10
                    221   -0.03360709762255198     -1.462904450927089                    0.1                    0.2     0.3726812969139876                     10
                    222    -0.3780224865927826     -1.262982359034371                    0.1                    0.2     0.3122859284853102                     10
#! FIELDS time dist nh sigma_dist sigma_nh height biasf
#! SET multivariate false
                    223    -0.3753332496260517      -1.64388251972075                    0.1                    0.2     0.3281191374963436                     10
                    224    -0.1818749949083189     -1.648031043208286                    0.1                    0.2     0.3016281317341454                     10
                    225     -0.492127464740697    -0.9535861663867731                    0.1                    0.2     0.4293686141352592                     10
                    226     -0.159128498646542     -1.217036529567127                    0.1                    0.2     0.3000465101581211                     10
                    227    -0.2344778594581434     -1.707940866451515                    0.1                    0.2     0.3140159414811118                     10
#! FIELDS time dist nh sigma_dist sigma_nh height biasf
#! SET multivariate false
                    228    -0.2345554845962565     -1.288240317400602                    0.1                    0.2     0.2523459763627322                     10
                    229    -0.4241675332249859     -1.211231093765994                    0.1                    0.2     0.3505734461439343                     10
                    230    -0.4158654169238243     -1.240010883219962                    0.1                    0.2     0.3351928077084499                     10
                    231     -0.297073559425383       -1.3468214851164                    0.1                    0.2     0.2427990679811566                     10
                    232    -0.4335057205280959     -1.556705432352465                    0.1                    0.2     0.3385370361366933                     10
#! FIELDS time dist nh sigma_dist sigma_nh height biasf
#! SET multivariate false
                    233    -0.1321627315627381     -1.681324984656906                    0.1                    0.2     0.3376441983402845                     10
                    234    -0.1858001048058662     -1.690141699800456                    0.1                    0.2     0.3117006439351671                     10
                    235     -0.352382187350986     -1.663155292737389                    0.1                    0.2     0.3150835765059901                     10
                    236    -0.3736281410006064     -1.516640713693931                    0.1                    0.2     0.2810344142675102                     10
                    237    -0.2741283440038356     -1.107568753666448                    0.1                    0.2     0.3294849971985683                     10
                    238    -0.3649307913995712     -1.163896190372502                    0.1                    0.2     0.3272668989965652                     10
                    239   -0.07631942062137709       -1.6595828027455                    0.1                    0.2     0.3635491187200099                     10
                    240    -0.4027788203759028     -1.424563618854463                    0.1                    0.2     0.2916402693980694                     10
                    241    -0.1706642561182179     -1.570823257816051                    0.1                    0.2     0.2677383018205972                     10
                    242    -0.1689148960507663     -1.222800126970808                    0.1                    0.2     0.2867340574844868                     10
                    243     -0.145588213422333     -1.448121838025985                    0.1                    0.2     0.2614605892959238                     10
#! FIELDS time dist nh sigma_dist sigma_nh height biasf
#! SET multivariate false
                    244    -0.3112516939380412      -1.60321096671848                    0.1                    0.2     0.2662070106096565                     10
                    245     -0.324470440854667    -0.9781102286180681                    0.1                    0.2     0.3870813972147103                     10
                    246    -0.8780415319113302     -1.562549054460732                    0.1                    0.2     0.4440193517888358                     10
                    247    -0.2009853318404826     -1.732971255504256                    0.1                    0.2     0.3197888128199116                     10
                    248   -0.01833138427016379      -1.20686066334069                    0.1                    0.2     0.3842442939801309                     10
                    249    -0.3815576898159527     -1.469554701643736                    0.1                    0.2      0.273978728823606                     10
#! FIELDS time dist nh sigma_dist sigma_nh height biasf
#! SET multivariate false
                    250     -0.096667700826637     -1.158195655607681                    0.1                    0.2     0.3418094603024072                     10
                    251    -0.1085283567297228     -1.171726088223164                    0.1                    0.2     0.3283111216191613                     10
                    252    -0.3021044442876053      -1.55477340413935                    0.1                    0.2     0.2433019813929185                     10
                    253    -0.1501492863077605     -1.161289178705021                    0.1                    0.2     0.3090759776950336                     10
                    254   -0.07838394542336391     -1.392788207488388                    0.1                    0.2     0.3129914477515856                     10
                    255    -0.5307456949434186     -1.364117559449926                    0.1                    0.2     0.3857470761883929                     10
#! FIELDS time dist nh sigma_dist sigma_nh height biasf
#! SET multivariate false
                    256     -0.093376106958873     -1.620855362959266                    0.1                    0.2      0.330287431448963                     10
                    257    -0.3982798552115807     -1.641694303476458                    0.1                    0.2     0.3232009688617261                     10
                    258     -0.167948649013036     -1.547591942097038                    0.1                    0.2     0.2532093533756888                     10
                    259    -0.2771919878874636     -1.300879170043248                    0.1                    0.2     0.2363442258319769                     10
                    260    -0.4052719001446081     -1.428330871753555                    0.1                    0.2      0.284359167941136                     10
                    261    -0.3463014682871355     -1.099322752034976                    0.1                    0.2     0.3378160872196092                     10
                    262    -0.2560771928614902     -1.495293474336719                    0.1                    0.2      0.216656138607899                     10
                    263    -0.2137849548540267     -1.515389594389561                    0.1                    0.2     0.2236706011510615                     10
                    264    -0.0826813806636304     -1.245294816575984                    0.1                    0.2     0.3193218794964752                     10
                    265    -0.1928652138107447     -1.154938789787567                    0.1                    0.2     0.2921630607006991                     10
                    266    -0.1704529296237978      -1.16174021385067                    0.1                    0.2     0.2927628696532839                     10
                    267    -0.3405034960853082     -1.592071048121385                    0.1                    0.2     0.2646636730495228                     10
                    268    -0.3771406444861085     -1.531220640795603                    0.1                    0.2     0.2691655807959515                     10
                    269    -0.1044635722405109     -1.456265767917519                    0.1                    0.2      0.281723368997333                     10
                    270    -0.1094978214431741     -1.088938095071776                    0.1                    0.2     0.3419677143648235                     10
                    271    -0.2869739125922015     -1.114213062758776                    0.1                    0.2     0.3092506280767124                     10
                    272    -0.1723963813195677     -1.246967242156107                    0.1                    0.2     0.2551323573790092                     10
                    273    -0.1529706846142256     -1.310106266542245                    0.1                    0.2     0.2473113820682609                     10
                    274    -0.3865164917277748     -1.569268815885795                    0.1                    0.2      0.283020362281746                     10
                    275     -0.213658174230025     -1.184810812521561                    0.1                    0.2     0.2656299811841107                     10
                    276    -0.2174886861296186     -1.212865294568547                    0.1                    0.2     0.2518216950220714                     10
                    277    -0.4588188876272232     -1.750043279029048                    0.1                    0.2     0.3868345750245318                     10
                    278    -0.2475866196535339     -1.539081995228821                    0.1                    0.2     0.2179687453289507                     10
                    279    -0.1429805437905924     -1.543044447112805                    0.1                    0.2      0.258339562251612                     10
                    280   -0.01268349371312238       -1.1714652292098                    0.1                    0.2     0.3729792724719193                     10
                    281    -0.5176682363747132     -1.400377203157408                    0.1                    0.2     0.3686857810225411                     10
                    282    -0.3031084239802455     -1.202004532498363                    0.1                    0.2     0.2659181864608979                     10
#! FIELDS time dist nh sigma_dist sigma_nh height biasf
#! SET multivariate false
                    283    -0.1514378196255342     -1.610730336011331                    0.1                    0.2     0.2717790720954822                     10
                    284    -0.3144169337558642     -1.520109416945232                    0.1                    0.2     0.2243776681819009                     10
                    285    -0.3444324600646012     -1.381871828360084                    0.1                    0.2     0.2320327256685923                     10
                    286    -0.1767612054309908     -1.315514391366548                    0.1                    0.2     0.2270694500057447                     10
                    287    -0.4981490569405123     -1.502169685444483                    0.1                    0.2      0.354418309731728                     10
                    288    -0.6290857443390363     -1.572302241431562                    0.1                    0.2      0.425686374335465                     10
                    289   -0.01066496669144268     -1.629272988614493                    0.1                    0.2     0.3863538949772859                     10
                    290    -0.2433626180300887     -1.242175894576999                    0.1                    0.2     0.2339127039621891                     10
                    291    -0.2235512728759896     -1.290552937320746                    0.1                    0.2     0.2176637670810528                     10
                    292    -0.1433513912866271     -1.217418166317591                    0.1                    0.2      0.265924370295447                     10
                    293    -0.3974565091111799     -1.600460006462847                    0.1                    0.2     0.2909346479766074                     10
                    294   -0.06292069714850701     -1.244498859184713                    0.1                    0.2     0.3162541820909296                     10
                    295    -0.4293178168263718     -1.543622310451431                    0.1                    0.2      0.298472872396253                     10
                    296   -0.04007151959212951      -1.38596281026868                    0.1                    0.2     0.3269797392760584                     10
                    297    -0.2337576051869579     -1.153692091257486                    0.1                    0.2     0.2677649080095255                     10
                    298     -0.354450079260201     -1.418218615980398                    0.1                    0.2      0.229921961128558                     10
                    299    -0.4109194812558963     -1.399586177108712                    0.1                    0.2     0.2701073972687829                     10
                    300    -0.1676523565020358     -1.659818098902131                    0.1                    0.2     0.2778592352635335                     10
                    301    -0.3566128547106731     -1.163561828837353                    0.1                    0.2     0.2967978350429948                     10
                    302     -0.224758881106319     -1.254447504281123                    0.1                    0.2     0.2228334290383837                     10
                    303     -3.006748208142469      -2.12766849081494                    0.1                    0.2     0.4444444444444445                     10
                    304     -2.091945927390281     -1.991396770969114                    0.1                    0.2     0.4444444444444445                     10
                    305     -4.151960079301348     -2.142422353674275                    0.1                    0.2     0.4444444444444445                     10
                    306     -2.812867712311053     -2.052403001984269                    0.1                    0.2     0.4437553700192068                     10
                    307     -2.681609451979581      -2.04051415959136                    0.1                    0.2     0.4423849497367124                     10
                    308     -2.902144505850876      -2.07877630618703                    0.1                    0.2     0.4381287913009037                     10
                    309     -3.182424232348668     -2.048712179507719                    0.1                    0.2     0.4433941341849854                     10
                    310     -4.871379824607297     -2.035328574248362                    0.1                    0.2     0.4444444444444445                     10
