#! FIELDS time dist nh sigma_dist sigma_nh height biasf
#! SET multivariate false
                      1     0.4179342312643166     0.2578022616524414                    0.1                    0.2     0.4444444444444445                     10
                      2     0.1005882667175937       0.97870468811713                    0.1                    0.2     0.4444444444444445                     10
                      3     0.1153488027258658     0.8807024251405586                    0.1                    0.2     0.4402113521320958                     10
                      4     0.1464402647804641     0.7183578490755862                    0.1                    0.2     0.4393122572450128                     10
                      5 -0.0001116510169962837     0.2105889085129167                    0.1                    0.2     0.4443792097740197                     10
                      6      -0.13825109464047    0.02888354634286694                    0.1                    0.2     0.4432104076343322                     10
                      7    0.03341993902963769     0.1860462013860711                    0.1                    0.2      0.439042406655006                     10
                      8    -0.1639991561107204     0.5600255018343758                    0.1                    0.2     0.4438419605755324                     10
                      9    -0.1133992452668733     0.6214999339926144                    0.1                    0.2     0.4394921172956283                     10
                     10     0.1154418676039481     0.8685487487713859                    0.1                    0.2     0.4320474499033182                     10
                     11     0.1845690659578156     0.5089146396936552                    0.1                    0.2     0.4393652280575288                     10
                     12    0.05351861511243805     0.7550384322709103                    0.1                    0.2     0.4303490120089487                     10
                     13     -0.162229350673605   -0.04164063609085922                    0.1                    0.2     0.4390352817680086                     10
                     14    0.02497924654638406     0.6675205837834191                    0.1                    0.2      0.429518886770862                     10
                     15    0.05770425714353267     0.6240222752442315                    0.1                    0.2     0.4250470835494569                     10
                     16     0.1075978266182438     0.8835204492722855                    0.1                    0.2     0.4204079456353012                     10
                     17   -0.09079416409884788     0.7397289971167884                    0.1                    0.2     0.4307940772062775                     10
                     18     0.0247995309100868     0.7757965090358589                    0.1                    0.2     0.4159172342243686                     10
                     19     0.1317056318132497      1.323528154388698                    0.1                    0.2     0.4420695013170037                     10
                     20     0.1192607359846789      1.348438233886913                    0.1                    0.2     0.4378646533192552                     10
                     21     0.3060434249403574       1.51458870641561                    0.1                    0.2     0.4431703965593268                     10
                     22     0.2446555335068337      1.498350473477357                    0.1                    0.2       0.43702690709067                     10
                     23     0.2051338744548918      1.504718747866129                    0.1                    0.2     0.4322712402031368                     10
                     24     0.3980555363525224       1.46491459529368                    0.1                    0.2      0.439048037296857                     10
                     25     0.3764811737509277      1.483601685060793                    0.1                    0.2     0.4328239536763364                     10
                     26     0.1784224640048715      1.231815450875702                    0.1                    0.2     0.4283676001124274                     10
                     27     0.2504355345100517      1.356890978196465                    0.1                    0.2     0.4238913566416789                     10
                     28     0.1631419544346855      1.377143872078897                    0.1                    0.2     0.4201246182935995                     10
                     29     0.1344273288774258       1.48497252893236                    0.1                    0.2     0.4221097080281109                     10
                     30     0.1819404439205703      1.335995606822038                    0.1                    0.2     0.4122141951080759                     10
#! FIELDS time dist nh sigma_dist sigma_nh height biasf
#! SET multivariate false
                     31     0.2610096064755383      1.418445207571107                    0.1                    0.2      0.411639879390604                     10
                     32     0.2676580408526372      1.474084445131413                    0.1                    0.2     0.4092107335056449                     10
                     33     0.3941804538951565      1.699881904332334                    0.1                    0.2     0.4335560918550638                     10
                     34       0.18495310037394      1.117048777072571                    0.1                    0.2     0.4168169723053729                     10
                     35      0.301003909393176      1.527922669265895                    0.1                    0.2     0.4090588897523266                     10
                     36     0.3113303039464677      1.370183113420927                    0.1                    0.2     0.4070543619177351                     10
                     37     0.2714148398326035      1.242223394517767                    0.1                    0.2     0.4083924408041872                     10
                     38     0.2679356483057189      1.275084582532735                    0.1                    0.2     0.4005616359266856                     10
                     39     0.1201626081126412      1.253203351371719                    0.1                    0.2      0.405993165569849                     10
                     40     0.1996799916808638      1.400240132143463                    0.1                    0.2     0.3886176165170076                     10
                     41     0.1974703671456186       1.38724991388644                    0.1                    0.2     0.3847919797383472                     10
                     42     0.2420796305757478      1.168021650687386                    0.1                    0.2     0.3999852802778677                     10
                     43     0.1165028685988425      1.458965618814488                    0.1                    0.2     0.4012992640281593                     10
                     44      0.189736962691744      1.297461747480076                    0.1                    0.2     0.3791902144037121                     10
                     45     0.2221904975577316      1.614518682856376                    0.1                    0.2     0.4016472557619586                     10
                     46     0.3261214329768427      1.228149344882659                    0.1                    0.2     0.4038697289998986                     10
                     47     0.1759240712825596      1.270973233883815                    0.1                    0.2     0.3767362176260695                     10
                     48     0.2601062850668616      1.331409439928122                    0.1                    0.2     0.3717139350802181                     10
                     49    0.06935635393131601      1.317660821945317                    0.1                    0.2     0.4022878410357837                     10
                     50     0.2063189782992378      1.473621927319049                    0.1                    0.2     0.3705549901671584                     10
                     51     0.2493137818816187      1.130062944130695                    0.1                    0.2     0.3912130293223217                     10
                     52     0.1399602284896848      1.496686242121807                    0.1                    0.2     0.3824097657747041                     10
                     53     0.2475665523837496      1.471402403021549                    0.1                    0.2     0.3649887298990734                     10
                     54     0.3835334225076874      1.657322726130164                    0.1                    0.2     0.4166652719543328                     10
                     55     0.1903713098472322      1.303090378104106                    0.1                    0.2     0.3570224123555891                     10
                     56     0.3831112102646923      1.250822476125479                    0.1                    0.2     0.4084073501962013                     10
                     57     0.3095380251928004      1.314111330159093                    0.1                    0.2     0.3707728159764364                     10
                     58     0.4322293095256178      1.447190605630321                    0.1                    0.2     0.4118877769447709                     10
#! FIELDS time dist nh sigma_dist sigma_nh height biasf
#! SET multivariate false
                     59     0.3647285272899567      1.550102617053738                    0.1                    0.2     0.3913753447254382                     10
                     60     0.1931332560760233      1.414765600222001                    0.1                    0.2     0.3504082625844537                     10
                     61     0.1077704524499958      1.275576654820408                    0.1                    0.2     0.3754608284184766                     10
                     62    0.09078294249889662      1.179448553929062                    0.1                    0.2     0.3872761571866193                     10
                     63      0.207055800208793      1.458408497186949                    0.1                    0.2     0.3481226955184684                     10
                     64     0.2268591879258564      1.532505342832092                    0.1                    0.2     0.3575969228776376                     10
                     65     0.3815246088618995      1.690550987740622                    0.1                    0.2     0.4084611550342597                     10
                     66     0.2196883498207356      1.129684393156541                    0.1                    0.2     0.3723141472333814                     10
                     67     0.2145108672400107      1.438490993929548                    0.1                    0.2     0.3383623192937336                     10
                     68     0.1248320959312088      1.452694290958327                    0.1                    0.2     0.3608765456451035                     10
                     69     0.1718488186907643      1.372480076115967                    0.1                    0.2     0.3352388792942241                     10
                     70     0.2989497603371034      1.450462082682861                    0.1                    0.2      0.347678882672798                     10
                     71     0.1717311225256679       1.24339143248441                    0.1                    0.2     0.3422950686607636                     10
                     72      0.235844523967532      1.285305239472267                    0.1                    0.2     0.3321766988138883                     10
                     73       0.23064279761729      1.647633811122779                    0.1                    0.2     0.3754287661362193                     10
                     74     0.4160552963456456      1.439317946392851                    0.1                    0.2     0.3928649080291333                     10
                     75     0.2797508249790626      1.190158149256628                    0.1                    0.2     0.3585201378190208                     10
                     76     0.2665843432538493      1.680840237798498                    0.1                    0.2     0.3811191738559266                     10
                     77     0.1764536211786449      1.474710842369891                    0.1                    0.2     0.3326892283300414                     10
                     78     0.1319257136416057      1.528607863023193                    0.1                    0.2     0.3575037593011702                     10
                     79     0.3905868758930293      1.397293863890177                    0.1                    0.2      0.376545048215482                     10
                     80     0.3887888931132282      1.347674553990422                    0.1                    0.2     0.3753463838003844                     10
                     81     0.3015051089864607      1.365177762276359                    0.1                    0.2     0.3307213339495221                     10
                     82     0.2415247192342234      1.238293319690299                    0.1                    0.2     0.3296280154459679                     10
                     83     0.2476859493926322      1.277578136556751                    0.1                    0.2     0.3202847265735292                     10
                     84     0.4211853103343608      1.460279824278258                    0.1                    0.2     0.3816679504675898                     10
                     85     0.2783917096781132      1.403323714919967                    0.1                    0.2     0.3149815358641819                     10
                     86      0.285431527823869      1.392398904437242                    0.1                    0.2     0.3144091676540011                     10
                     87      0.292715850095582      1.335885842736297                    0.1                    0.2     0.3170046642525052                     10
                     88     0.3601752574901282      1.525710466771541                    0.1                    0.2     0.3508599524021299                     10
                     89     0.3202643713289088       1.41009938508185                    0.1                    0.2     0.3205352558627645                     10
                     90     0.2284180523395294      1.337503615578153                    0.1                    0.2     0.3001545784504165                     10
                     91     0.2526341362382885       1.17226332673177                    0.1                    0.2     0.3352945966192545                     10
#! FIELDS time dist nh sigma_dist sigma_nh height biasf
#! SET multivariate false
                     92     0.1713552028877114      1.416381272051007                    0.1                    0.2     0.3096803369753209                     10
                     93     0.2422282421212252      1.594883645558528                    0.1                    0.2     0.3355056739159666                     10
                     94     0.1690240517807158      1.600966573765127                    0.1                    0.2       0.34929934498155                     10
                     95     0.4511395092078307      1.490652273339661                    0.1                    0.2       0.38703774529704                     10
                     96     0.2962961496393082     0.7329918331633207                    0.1                    0.2     0.4344918930150135                     10
                     97     0.1826975465170411      1.315820371294391                    0.1                    0.2     0.3017275848095636                     10
                     98     0.2574902903536729      1.344766914490952                    0.1                    0.2     0.2924450921994046                     10
                     99      0.242519034441808      1.603522537391509                    0.1                    0.2     0.3314307701259248                     10
                    100     0.1515842917125583      1.511183150769661                    0.1                    0.2     0.3242804966467068                     10
                    101     0.2671244537173465      1.335279240955834                    0.1                    0.2     0.2914627900459833                     10
                    102     0.1417635714500534      1.288561183101047                    0.1                    0.2     0.3158327183471597                     10
                    103     0.1852540122738089      1.374851753891048                    0.1                    0.2     0.2878533029183199                     10
                    104     0.1169970099299376      1.301307770514215                    0.1                    0.2      0.325051255864283                     10
                    105     0.3588865494470626      1.375355659550316                    0.1                    0.2      0.326907265565932                     10
                    106     0.1034544137677691      1.376631346650901                    0.1                    0.2     0.3288634002344721                     10
                    107     0.3304898537576368      1.740510730675097                    0.1                    0.2     0.3831941246570476                     10
                    108      0.342027074120951       1.40148508338871                    0.1                    0.2     0.3126224708392392                     10
                    109     0.1539458721966371       1.43957227420074                    0.1                    0.2     0.2985051577322595                     10
                    110     0.2786917223800509      1.530458842964993                    0.1                    0.2     0.3000391032461663                     10
                    111     0.1749003223514385      1.552422509366728                    0.1                    0.2     0.3121889260040528                     10
                    112     0.0833078141236594       1.02149726842349                    0.1                    0.2     0.3874122736356669                     10
                    113      0.153319185448261       1.44023895695139                    0.1                    0.2     0.2937062708266185                     10
                    114     0.2805518664355038      1.479723444006457                    0.1                    0.2     0.2853297926440911                     10
                    115       0.20486947655322      1.142133936321573                    0.1                    0.2     0.3237225990537783                     10
                    116     0.2983345879120076       1.01644276757299                    0.1                    0.2     0.3846707163180659                     10
                    117     0.3433125157350385      1.656652989925788                    0.1                    0.2     0.3515452387452831                     10
                    118    0.09869357700546733       1.47242049422258                    0.1                    0.2     0.3313288383339342                     10
                    119     0.1431200590068811      1.081746816777764                    0.1                    0.2      0.349859243818184                     10
                    120     0.2859134162773573      1.475244579722856                    0.1                    0.2     0.2817558802918549                     10
                    121     0.1487851964108446      1.209202227442086                    0.1                    0.2     0.3083036181576715                     10
                    122     0.3519150683224288      1.505455938964232                    0.1                    0.2     0.3138579104255067                     10
                    123     0.1854054588628602      1.378292440234576                    0.1                    0.2     0.2672708937016899                     10
#! FIELDS time dist nh sigma_dist sigma_nh height biasf
#! SET multivariate false
                    124     0.2286305998092413      1.538899949970166                    0.1                    0.2     0.2841245322527465                     10
                    125     0.2643316328722916      1.190778854794954                    0.1                    0.2     0.3039675840202455                     10
                    126     0.2035965124803534      1.577041758725498                    0.1                    0.2     0.2984301631531691                     10
                    127     0.2451273447462012       1.46898074111509                    0.1                    0.2     0.2634541532671895                     10
                    128      0.227500879244168      1.583444945739435                    0.1                    0.2     0.2934598660922976                     10
                    129     0.3024838940722538      1.280106472561834                    0.1                    0.2     0.2889511715014437                     10
                    130     0.4135384183891604      1.447354688256772                    0.1                    0.2     0.3437671189239743                     10
                    131     0.6040811817152734      1.100421160657733                    0.1                    0.2     0.4423035781781749                     10
                    132     0.1623509092229534      1.237427796340382                    0.1                    0.2     0.2878611060516899                     10
                    133     0.2607073217666322      1.525911139753247                    0.1                    0.2     0.2722555266871566                     10
                    134     0.2601378517233053      1.657479198909642                    0.1                    0.2     0.3186509690123214                     10
                    135     0.2948740930935068      1.569886379487308                    0.1                    0.2     0.2892150016347655                     10
                    136     0.2379918965590155       1.64727814413535                    0.1                    0.2     0.3100150692452816                     10
                    137     0.3233120643988479      1.527453862112434                    0.1                    0.2     0.2862229816311789                     10
                    138     0.4735219895427933      1.537842059193544                    0.1                    0.2     0.3837598632615045                     10
                    139     0.1196089800859195      1.683052288394017                    0.1                    0.2     0.3654031302587193                     10
                    140     0.5823816790402017      1.258214417678898                    0.1                    0.2     0.4316939401005849                     10
                    141     0.3128958751049007      1.657674160451911                    0.1                    0.2     0.3187819025389935                     10
                    142     0.2252661999412986      1.569363504466863                    0.1                    0.2     0.2741570639676611                     10
                    143    0.09217764522241745      1.352945698286535                    0.1                    0.2     0.3141661154588536                     10
                    144    0.08038486669035083      1.671615916957771                    0.1                    0.2     0.3790890697372835                     10
                    145     0.1879050037390451      1.542552382093552                    0.1                    0.2     0.2714137546789832                     10
                    146     0.4721089554429019      1.150036670057418                    0.1                    0.2     0.4104072565278573                     10
                    147     0.1463718213693568      1.461430629300409                    0.1                    0.2     0.2726938367835627                     10
                    148      0.276425598671231      1.610977354461669                    0.1                    0.2     0.2859136760636282                     10
                    149     0.2994530769441441      1.674074611235533                    0.1                    0.2     0.3142422602260169                     10
#! FIELDS time dist nh sigma_dist sigma_nh height biasf
#! SET multivariate false
                    150      0.193316834923376       1.48094065690698                    0.1                    0.2     0.2502159147686484                     10
                    151       0.16178471295849       1.21379474873331                    0.1                    0.2     0.2870450951766952                     10
                    152     0.3048897563819979      1.273879042068379                    0.1                    0.2     0.2802987329255793                     10
                    153      0.135503333094728      1.316439910347775                    0.1                    0.2     0.2747863890954811                     10
                    154      0.278735826250095      1.076421996431574                    0.1                    0.2     0.3416034344040758                     10
                    155      0.437975819828216      1.078986784123358                    0.1                    0.2     0.4058810013750934                     10
                    156    0.04374733884808046      1.575299609474637                    0.1                    0.2     0.3726591925669527                     10
                    157     0.1369435242583303      1.349437795645735                    0.1                    0.2     0.2672844485226075                     10
                    158     0.4000168403032898      1.222268695053158                    0.1                    0.2     0.3505032036399708                     10
                    159     0.3414804655274559      1.348935249879086                    0.1                    0.2     0.2799355430180588                     10
                    160     0.3924481322639752      1.189559862840531                    0.1                    0.2     0.3498881316291478                     10
                    161     0.1371432047675734      1.369353933932756                    0.1                    0.2     0.2638961130445753                     10
                    162     0.2526937810834162      1.233777034941326                    0.1                    0.2     0.2637615129602857                     10
                    163     0.1841296704638404      1.526942516006401                    0.1                    0.2     0.2557936378529959                     10
                    164     0.1843590891808651      1.020390922034025                    0.1                    0.2     0.3449073990294355                     10
                    165    0.06400272220303305      1.380414687328144                    0.1                    0.2     0.3236054757793877                     10
                    166     0.2235369530654199      1.167637028516468                    0.1                    0.2     0.2806422739030494                     10
                    167     0.2057080116490577       1.73703201887332                    0.1                    0.2     0.3365313122319052                     10
                    168     0.1652264125115706      1.468329203998381                    0.1                    0.2     0.2471071349477358                     10
                    169     0.4644855250142415      1.219549837055947                    0.1                    0.2     0.3810365668368264                     10
                    170     0.2270389721518451      1.148372715524272                    0.1                    0.2     0.2861887491142603                     10
                    171     0.2161451028358972      1.162285822349291                    0.1                    0.2     0.2780662331710634                     10
                    172     0.1955483823574833      1.171295400602205                    0.1                    0.2     0.2740865231823425                     10
                    173     0.1753805627439768      1.196858511432678                    0.1                    0.2     0.2676265799025683                     10
                    174     0.2032225387717335       1.59451925820855                    0.1                    0.2     0.2667346755881598                     10
                    175     0.2528783255705629      1.508604486568505                    0.1                    0.2     0.2362933732140254                     10
                    176     0.4118499636428881       1.27191563865545                    0.1                    0.2     0.3344907714653103                     10
                    177    0.07230211182521851      1.254650130845215                    0.1                    0.2     0.3190579090513034                     10
                    178     0.4010319240917257      1.604179067258897                    0.1                    0.2     0.3328653227746068                     10
                    179     0.3639695435584758      1.433021848996785                    0.1                    0.2     0.2784754769409001                     10
#! FIELDS time dist nh sigma_dist sigma_nh height biasf
#! SET multivariate false
                    180     0.3767710150083783      1.197109016607864                    0.1                    0.2     0.3247561346049722                     10
                    181     0.4675507723603409      1.393235342014407                    0.1                    0.2     0.3562880188284523                     10
                    182     0.5307715327657188      1.629270239854292                    0.1                    0.2     0.4103544624244648                     10
                    183     0.2421682678352741      1.591892457782875                    0.1                    0.2     0.2572205984802542                     10
                    184     0.2501991775527734       1.10851599291863                    0.1                    0.2     0.2971048671531048                     10
                    185    0.09464639873213243      1.330308240198013                    0.1                    0.2     0.2856852203456648                     10
                    186     0.2240712277438612      1.598108146472038                    0.1                    0.2     0.2584453716321264                     10
                    187     0.3134263148105694      1.248263578706812                    0.1                    0.2     0.2657379881024118                     10
                    188     0.2538141002392189      1.215569348565957                    0.1                    0.2     0.2509506145790786                     10
                    189     0.1131073621742922      1.143370665316325                    0.1                    0.2      0.308012439026544                     10
                    190     0.1231794934425015      1.151936757419196                    0.1                    0.2     0.2967466384738997                     10
                    191     0.4262937453039874      1.093145570572023                    0.1                    0.2     0.3757703147772905                     10
                    192      0.380445515760172      1.295856627888582                    0.1                    0.2     0.2932158405456231                     10
                    193     0.4180231073326219      1.082892452832459                    0.1                    0.2     0.3699915856654437                     10
                    194     0.0839160574714346      1.397916961535071                    0.1                    0.2     0.2901219293414874                     10
                    195     0.3262234131312918      1.577194386679816                    0.1                    0.2     0.2704555391710351                     10
                    196     0.3439805360654786      1.093620780019207                    0.1                    0.2     0.3286565119719532                     10
                    197     0.1396147021903409       1.63626761066765                    0.1                    0.2     0.3034910175327952                     10
                    198     0.1659519163261707       1.19179944693254                    0.1                    0.2      0.258906541726154                     10
                    199     0.2273356203755093      1.064815475205424                    0.1                    0.2      0.301976397790403                     10
                    200     0.2623044584037446      1.676484560050599                    0.1                    0.2     0.2886106927304425                     10
                    201     0.2198376548682579      1.094433413935307                    0.1                    0.2     0.2857917209842887                     10
                    202     0.3265163251985888      1.463359568333753                    0.1                    0.2     0.2433592307603764                     10
                    203     0.5568132104075327      1.579215574361809                    0.1                    0.2      0.411835487502406                     10
                    204     0.5399798894283729      1.400541190468887                    0.1                    0.2     0.3922094545235502                     10
                    205     0.3597375672541887      1.373315534027508                    0.1                    0.2     0.2608443989461537                     10
                    206     0.3743141514729755      1.300743851468015                    0.1                    0.2     0.2779761843886614                     10
                    207     0.3237408045267551      1.695989711933338                    0.1                    0.2     0.3091900123235698                     10
                    208      0.470875021588806      1.414948961289185                    0.1                    0.2     0.3411172158303807                     10
                    209     0.4206187411592215      1.702052275023202                    0.1                    0.2     0.3557521064900948                     10
#! FIELDS time dist nh sigma_dist sigma_nh height biasf
#! SET multivariate false
                    210     0.2637243801665938      1.222807169631857                    0.1                    0.2      0.238682892145531                     10
                    211     0.4103910230404233      1.179421891265514                    0.1                    0.2     0.3266303106125026                     10
                    212     0.1562378179522848      1.635552630218778                    0.1                    0.2     0.2889181824461351                     10
                    213     0.5121146007368771      1.309577875689459                    0.1                    0.2     0.3692046967322462                     10
                    214     0.3177111930617169      1.537547629606759                    0.1                    0.2     0.2440866492091736                     10
                    215     0.1019788231190846      1.397569458448223                    0.1                    0.2      0.266837047053528                     10
                    216     0.1392594487340475      1.175089974876173                    0.1                    0.2     0.2701700424147485                     10
                    217    0.07152927582929869      1.262043987562952                    0.1                    0.2     0.3015311318504434                     10
                    218     0.3251491483642095      1.652600410828683                    0.1                    0.2     0.2842572002045463                     10
                    219    0.05885687339507339      1.165091435856591                    0.1                    0.2     0.3297564194983693                     10
                    220     0.5084549937572738      1.701291827973733                    0.1                    0.2     0.3951177622683666                     10
                    221     0.2167232074056813      1.239279401154325                    0.1                    0.2     0.2238866302138943                     10
                    222     0.2709406175411391       1.44614674933118                    0.1                    0.2      0.209091644419298                     10
                    223     0.5419543548296963      1.593833880972271                    0.1                    0.2      0.391221248884514                     10
                    224     0.1199410743690799      1.441693650759659                    0.1                    0.2     0.2497406495457504                     10
                    225     0.3914329218369292      1.574093669350985                    0.1                    0.2     0.2899183671446252                     10
                    226     0.4303153481446158      1.558044845522587                    0.1                    0.2     0.3107872833032252                     10
                    227    0.09292273126259332      1.368655686311129                    0.1                    0.2     0.2667127526693914                     10
                    228    0.09316733629881657      1.353356284278307                    0.1                    0.2     0.2647718950593663                     10
                    229    0.09497331498334183      1.577938867576629                    0.1                    0.2     0.3019643949385064                     10
                    230      0.334827538173627      1.097340919971024                    0.1                    0.2     0.3094621419182348                     10
                    231      0.288022853610407      1.660974614126118                    0.1                    0.2     0.2708627677913885                     10
                    232     0.2847513907973183      1.324128849560821                    0.1                    0.2     0.2131357703511011                     10
                    233     0.1533117636577326      1.345057938173591                    0.1                    0.2     0.2173058587012551                     10
                    234     0.3391440355599968     0.8998039067121089                    0.1                    0.2     0.3875673488811731                     10
                    235    -0.1774716871157505      0.399300858371455                    0.1                    0.2     0.4354697814560345                     10
                    236     0.1008722461678104     0.1336156986992409                    0.1                    0.2     0.4366702129582959                     10
                    237    0.08205495731370172   0.006671615440815959                    0.1                    0.2     0.4349578424825779                     10
#! FIELDS time dist nh sigma_dist sigma_nh height biasf
#! SET multivariate false
                    238    0.06017828694706973      0.141042618911329                    0.1                    0.2     0.4264275743043061                     10
                    239   -0.07170481886390401     0.2613196873433521                    0.1                    0.2     0.4270680374684472                     10
                    240   -0.07124937041917456      0.560577487022794                    0.1                    0.2     0.4204801370419732                     10
                    241     0.1074674963397053     0.2892312168033744                    0.1                    0.2     0.4244313718012501                     10
                    242   -0.04197447457706804     0.6330444178445331                    0.1                    0.2     0.4129674071008655                     10
                    243     0.1434748871053457     0.4601493443501206                    0.1                    0.2     0.4218792871783352                     10
                    244    0.01657892558898677     0.7318554314842627                    0.1                    0.2     0.4011001419598037                     10
                    245     -0.134300243150548     0.5461177056039248                    0.1                    0.2     0.4171187519858103                     10
                    246    -0.2838577417575592    -0.8335188537832139                    0.1                    0.2     0.4444444444444445                     10
                    247    -0.2065839909613942    -0.3911763731633879                    0.1                    0.2     0.4427522569706229                     10
                    248     0.1009171228019512    -0.4924159780784776                    0.1                    0.2     0.4441119906584843                     10
                    249   -0.07230244472015768    -0.7371110912722187                    0.1                    0.2     0.4430355260775108                     10
                    250    -0.2812658141155764    -0.6379201137270427                    0.1                    0.2     0.4392539601801235                     10
                    251    -0.2191924424518725    -0.3608305622291066                    0.1                    0.2     0.4360467724176395                     10
                    252    0.04755149080765064    -0.1687546556828348                    0.1                    0.2     0.4342578457732934                     10
                    253    -0.1961201628429241    -0.8881541629275542                    0.1                    0.2     0.4377414555618743                     10
                    254    0.02854250286102378    -0.7737592857142528                    0.1                    0.2     0.4397106927650499                     10
                    255    -0.1519840993078374    -0.2654478691284661                    0.1                    0.2     0.4317936616689577                     10
                    256     0.1855444972701761    -0.4649450619562256                    0.1                    0.2     0.4397690425918696                     10
                    257     -0.139473640082171    -0.1007868326026005                    0.1                    0.2     0.4266469469805551                     10
                    258     -0.443011874727798    -0.3856176643843812                    0.1                    0.2     0.4429656658779495                     10
                    259     -0.196241973805825    -0.2411078060227023                    0.1                    0.2     0.4243151455614018                     10
                    260    -0.2106284925783266    0.05419170423480324                    0.1                    0.2     0.4275365049240238                     10
                    261   -0.04384880849242356     0.5104694236817582                    0.1                    0.2     0.4068384745351361                     10
                    262    -0.3500473389289582    -0.1125175195634101                    0.1                    0.2     0.4369358693590056                     10
                    263    -0.0868396636947415     0.1660406036302173                    0.1                    0.2     0.4161369132359129                     10
                    264     0.1311323963394602    -0.1133877903339555                    0.1                    0.2     0.4297014269976087                     10
                    265    -0.2156259443309181     0.2475806300576706                    0.1                    0.2     0.4252377783195859                     10
                    266   -0.04447738398677137     0.5365690090553468                    0.1                    0.2     0.4007204354837492                     10
                    267    -0.1012813807976587    0.03811996213678581                    0.1                    0.2     0.4117937997875365                     10
                    268    0.02393965381989771    -0.1382454857478428                    0.1                    0.2      0.420791550758832                     10
#! FIELDS time dist nh sigma_dist sigma_nh height biasf
#! SET multivariate false
                    269   -0.08829642200251575    -0.0864254946319245                    0.1                    0.2     0.4101087560511772                     10
                    270   -0.01265741914817564     0.2678141813352366                    0.1                    0.2     0.4037032963694376                     10
                    271     0.1758970317966038     0.4816134951973863                    0.1                    0.2     0.4186046698257676                     10
                    272     0.1300449205062291     0.2042898530495467                    0.1                    0.2     0.4135475667242461                     10
                    273    0.05461226205784486    0.05360832180492148                    0.1                    0.2     0.4035733139217331                     10
                    274    -0.2335005141058946    -0.1256034773024721                    0.1                    0.2     0.4152813397176808                     10
                    275    -0.3291183023831894    -0.5663006122315533                    0.1                    0.2     0.4318277164293239                     10
                    276    0.04702260869804209    -0.5461007812378176                    0.1                    0.2     0.4321740876832529                     10
                    277    -0.2117136547104883    -0.5601904601372611                    0.1                    0.2     0.4244015386256658                     10
                    278    -0.1952339047183667      -0.37360583141076                    0.1                    0.2     0.4137807961552113                     10
                    279     -0.292264583226187    -0.4903821985970023                    0.1                    0.2     0.4186684536657017                     10
                    280    -0.2983981663422135   0.007990716410616994                    0.1                    0.2     0.4234374549349562                     10
                    281     0.2412448150648756    -0.2839949944556899                    0.1                    0.2      0.436499075479193                     10
                    282    0.05451323143065601     0.3197248995977713                    0.1                    0.2     0.3986187160745241                     10
                    283   -0.09865554105798591    0.06470623588850488                    0.1                    0.2     0.3974535073356016                     10
                    284    -0.1744880985752972     0.4682068179143242                    0.1                    0.2     0.4111058992246767                     10
                    285   -0.05757868703418278     0.4500452207419761                    0.1                    0.2     0.3922427518367472                     10
                    286     0.1149866137045907    -0.3540575622049302                    0.1                    0.2     0.4238738557124131                     10
                    287    -0.1204865840690903    -0.1722052139995167                    0.1                    0.2     0.4008615138125303                     10
                    288    -0.0498632913592405    -0.4604215399626668                    0.1                    0.2     0.4222470137835938                     10
                    289    -0.2810693400266662    -0.0440020312657099                    0.1                    0.2     0.4126333084775962                     10
                    290    -0.2643652065032418     0.4536990838496915                    0.1                    0.2     0.4253319922466639                     10
                    291     0.3046877001985713     0.4981145254125199                    0.1                    0.2      0.431562649380933                     10
                    292      0.358008622195588     0.4114161143144321                    0.1                    0.2     0.4334540251501763                     10
                    293      0.128540447561174     0.6520152626199998                    0.1                    0.2     0.3962778210203762                     10
                    294  0.0007873146082073568      0.786847782797427                    0.1                    0.2     0.3917297551439888                     10
                    295     0.0992748672868955     0.7495408901164751                    0.1                    0.2     0.3817240708813511                     10
                    296    -0.1278442328030656     0.4174223539215292                    0.1                    0.2     0.3937040270767861                     10
                    297     0.1635834325928409      0.151780448589371                    0.1                    0.2     0.4114579192077124                     10
                    298    0.02108030936268368    -0.6382957563416447                    0.1                    0.2     0.4249654186352483                     10
                    299    -0.3738265010426616    -0.6885338411529065                    0.1                    0.2     0.4294889118517002                     10
                    300    0.00630932969540976     0.5769380759748968                    0.1                    0.2     0.3816250054959814                     10
#! FIELDS time dist nh sigma_dist sigma_nh height biasf
#! SET multivariate false
                    301     0.4093676012729996     0.4255543786273566                    0.1                    0.2     0.4323894099611956                     10
                    302    0.07878290921297859     0.9473899587491337                    0.1                    0.2     0.3575513639459666                     10
                    303    0.05711252143173295     0.5855569255825401                    0.1                    0.2     0.3797517425005381                     10
                    304     0.4424402080684702     0.8145463570372711                    0.1                    0.2     0.4223237070883397                     10
                    305   -0.02511800026027133      0.671517966805705                    0.1                    0.2     0.3776517806339332                     10
                    306    -0.2519469729202219     0.4348957667954423                    0.1                    0.2     0.4157967394510264                     10
                    307     0.4169254168707959     0.4452495589206595                    0.1                    0.2     0.4277208474703607                     10
                    308     0.1466933616396291    -0.0255340593084461                    0.1                    0.2     0.4103490959646015                     10
                    309     0.1727973238380209   -0.08370024944282228                    0.1                    0.2     0.4135867764962315                     10
                    310     -0.123629686404453    -0.2720032604125096                    0.1                    0.2     0.4000471148068913                     10
                    311    -0.1032185389134219    -0.6533374552495221                    0.1                    0.2     0.4206083702907615                     10
                    312    -0.2466686165456811     0.1599695893845534                    0.1                    0.2     0.4077964732559012                     10
                    313    0.07601850566342883    -0.6504516542540675                    0.1                    0.2     0.4219617787328744                     10
                    314    0.05026279493549612     0.3112986537798892                    0.1                    0.2     0.3840694676470622                     10
                    315    -0.1611052063366087     0.4079875534747863                    0.1                    0.2     0.3897566227405231                     10
                    316    -0.1584681233530396    0.04271870122751942                    0.1                    0.2     0.3872588638170273                     10
                    317    0.07666901976803175    -0.3989182048151356                    0.1                    0.2     0.4121119682589024                     10
                    318   0.004612101974862837    -0.4620147678925486                    0.1                    0.2     0.4082301275971231                     10
                    319     0.0544166661301837    -0.2696062849395551                    0.1                    0.2     0.4022935166029281                     10
                    320    -0.2140717346891443   -0.09828954653482391                    0.1                    0.2      0.389411860464086                     10
                    321   -0.06883441113206401   -0.03372866424177223                    0.1                    0.2     0.3831340346763383                     10
                    322    -0.1928409598357457    0.05851337453307215                    0.1                    0.2     0.3832477153544659                     10
                    323     0.2090422573524342     0.2978138517104978                    0.1                    0.2     0.4095040065444877                     10
                    324    -0.3412778504641643    0.08081551510888429                    0.1                    0.2     0.4177122329594657                     10
                    325   -0.04172468787725525    0.03796364861946344                    0.1                    0.2      0.377976158839742                     10
                    326    -0.2247236102558325     0.1258725638277753                    0.1                    0.2     0.3859760429068273                     10
                    327    0.08744978465600006     0.5796398647076355                    0.1                    0.2     0.3759723648589239                     10
                    328   -0.08112087869879891   -0.01826785543668752                    0.1                    0.2     0.3723964705350731                     10
                    329     0.4398270198213128     0.5114856381120996                    0.1                    0.2      0.425606109708255                     10
                    330   -0.09418982165870515     0.1712620403937342                    0.1                    0.2      0.370095961138773                     10
                    331  -0.001114065761115945     -0.712517946420004                    0.1                    0.2     0.4145540956336691                     10
                    332     0.1478678264182123    -0.2830445323465618                    0.1                    0.2     0.4065358336233207                     10
                    333    0.07570229010214446    -0.6008756198639706                    0.1                    0.2     0.4060122657766305                     10
                    334     -0.149881728846873    -0.1617094727788004                    0.1                    0.2     0.3736310422096048                     10
#! FIELDS time dist nh sigma_dist sigma_nh height biasf
#! SET multivariate false
                    335     0.3000581987029016    -0.4006689385798476                    0.1                    0.2     0.4335231873520733                     10
                    336    -0.5244489361601568     -0.603494054861252                    0.1                    0.2      0.439708376092788                     10
                    337   -0.07211175870384845    -0.5595781836928726                    0.1                    0.2     0.4030122458215256                     10
                    338    0.05244765764265313    -0.1205317204802707                    0.1                    0.2     0.3849768185920986                     10
                    339   -0.09521055785454813    -0.6437754111573777                    0.1                    0.2     0.4052212061164852                     10
                    340    -0.1229878538469924    -0.2086407882695287                    0.1                    0.2     0.3734061473639917                     10
                    341    -0.1826437304611164    -0.1201315297201497                    0.1                    0.2     0.3664029871018775                     10
                    342      -0.20002870069928     -0.447645570697448                    0.1                    0.2     0.3934174416548489                     10
                    343     -0.167502637891465    -0.6143956725113435                    0.1                    0.2     0.4008967286279361                     10
                    344    0.03574554127205043     0.2424769446543666                    0.1                    0.2     0.3723562557911391                     10
                    345    -0.3215712253109155     0.3410512803436485                    0.1                    0.2     0.4179455535517619                     10
                    346    0.00766485568491726    -0.3740762482158311                    0.1                    0.2     0.3871805897028673                     10
                    347      0.289507581363869   -0.06490473316243683                    0.1                    0.2     0.4280616005947118                     10
                    348     0.1647914738528944      0.305170584124864                    0.1                    0.2     0.3923363421590639                     10
                    349     0.3034312681149745        0.4884558443131                    0.1                    0.2     0.4118052872614662                     10
                    350     0.2281439913780843     0.3216603136216918                    0.1                    0.2     0.4011494368964592                     10
                    351    -0.1170824778025246     0.5127889490432893                    0.1                    0.2     0.3761020721066391                     10
                    352     0.2262385723665457     0.4118661921102795                    0.1                    0.2     0.3954156758911583                     10
                    353    0.08094263878519459     0.6480134475095294                    0.1                    0.2     0.3667163209768115                     10
                    354     0.1025764439809518     0.7275677879866014                    0.1                    0.2     0.3646906685534451                     10
                    355     -0.270562746191582     0.3631150740473315                    0.1                    0.2     0.4006630683923616                     10
                    356     0.4251306286369059     0.3617421050586929                    0.1                    0.2     0.4182165640811733                     10
                    357     0.5071778620678875      1.548721396120467                    0.1                    0.2     0.3593545814191862                     10
                    358     0.1559258066269715      1.662664072314272                    0.1                    0.2     0.2916076977668598                     10
                    359      0.205329532313802      1.630149678187426                    0.1                    0.2     0.2544118857286424                     10
                    360    0.07812236181646881      1.655502356417713                    0.1                    0.2     0.3384543619558261                     10
                    361     0.3224802217159697      1.205218317880434                    0.1                    0.2     0.2567423863952229                     10
                    362     0.3599906894451992      1.221437171114777                    0.1                    0.2     0.2712254600480621                     10
                    363     0.4382881106472192      1.022115146243882                    0.1                    0.2     0.3736664795272963                     10
                    364      0.298638160827104      1.359697963313288                    0.1                    0.2     0.2098643596853624                     10
                    365     0.2017574709685745      1.706125666522336                    0.1                    0.2      0.290494047568829                     10
                    366     0.1152147806535728      1.288813044558838                    0.1                    0.2     0.2448153147768115                     10
                    367     0.2035097258882104      1.653155003778377                    0.1                    0.2     0.2607274898669557                     10
#! FIELDS time dist nh sigma_dist sigma_nh height biasf
#! SET multivariate false
                    368     0.2445772164831732      1.012103197109254                    0.1                    0.2     0.3094954632895551                     10
                    369     0.1811791358877557      1.515449350659351                    0.1                    0.2      0.214885359388244                     10
                    370     0.1690094120830981      1.731094264995185                    0.1                    0.2     0.3099084243168344                     10
                    371     0.4122302499585695      1.242786586427952                    0.1                    0.2     0.2959636934086624                     10
                    372     0.2784328980531368      1.594822371265847                    0.1                    0.2     0.2318990422133202                     10
                    373     0.2555251463908859       1.50483608508857                    0.1                    0.2     0.2014636919574091                     10
                    374     0.1695797430490757      1.665231700131846                    0.1                    0.2     0.2722790003474524                     10
                    375     0.2633567781425494      1.158161178172466                    0.1                    0.2     0.2442428878266449                     10
                    376     0.2399580148111182      1.490722969438513                    0.1                    0.2     0.1955242962844428                     10
                    377     0.1572103346259495      1.271980506604468                    0.1                    0.2     0.2171062222912367                     10
                    378     0.6126848270909251      1.556489135723804                    0.1                    0.2     0.4119060966971639                     10
                    379     0.1741916503547558      1.571953184876289                    0.1                    0.2     0.2281875785399762                     10
                    380      0.264707306697233      1.655998381613245                    0.1                    0.2     0.2493426132579145                     10
                    381    0.08798603981432906      1.217324689105123                    0.1                    0.2     0.2766483671664484                     10
                    382     0.1910527976776901      1.592501244094408                    0.1                    0.2     0.2267507807459857                     10
                    383     0.3900596004955561      1.409269213833999                    0.1                    0.2      0.255582259631205                     10
                    384      0.515595818550834      1.431989889897145                    0.1                    0.2     0.3506326634447746                     10
                    385     0.1405737261609759      1.441512317679333                    0.1                    0.2     0.2142471863723488                     10
                    386      1.231845499519166      1.460149063413607                    0.1                    0.2     0.4444444444444445                     10
                    387      4.362319113953811      2.240614686040113                    0.1                    0.2     0.4444444444444445                     10
                    388      2.273488872320483      2.053193584519434                    0.1                    0.2     0.4444444444444445                     10
                    389      2.651251409725102      2.293460050777621                    0.1                    0.2     0.4444444444444445                     10
                    390      1.958207844790117      1.964458007702723                    0.1                    0.2     0.4444139405966172                     10
                    391      2.121755324158646      1.821032081482381                    0.1                    0.2     0.4426820091794045                     10
                    392      2.249586447631779      1.909074314593177                    0.1                    0.2     0.4388424245826738                     10
                    393      2.955025438013577      2.100647456671243                    0.1                    0.2     0.4444142474375842                     10
                    394      3.489375531956706      2.220677953034992                    0.1                    0.2     0.4444444444444445                     10
                    395      4.350649789395135      2.230653399317505                    0.1                    0.2     0.4396607731649003                     10
