#! FIELDS time p.x p.y sigma_p.x sigma_p.y height biasf
#! SET multivariate false
#! SET kerneltype gaussian
                      1     0.2877180865405395     -1.606716839233061                    0.1                    0.1     0.5555555555555556                     10
                      2      1.713839980275704    -0.9499306380581863                    0.1                    0.1     0.5555555555555556                     10
                      3      1.465109613886505      -1.16986457367677                    0.1                    0.1     0.5554306418115923                     10
                      4      1.510739971905846     -1.060747951976635                    0.1                    0.1     0.5383338422352379                     10
                      5      1.894673996231059    -0.6375881412631671                    0.1                    0.1     0.5555464753619971                     10
                      6      1.967868712564691     -0.846278943342053                    0.1                    0.1     0.5521658182494431                     10
                      7      1.459473959156666    -0.8033257580828465                    0.1                    0.1      0.554181117570431                     10
                      8       1.80014686481482    -0.8077777581986422                    0.1                    0.1     0.5363955828316308                     10
                      9       2.15678117917961    -0.7507605345000179                    0.1                    0.1     0.5517675437321977                     10
                     10      1.220539002600077    -0.8604021230446712                    0.1                    0.1     0.5539881667358381                     10
                     11      1.317859261096117      -1.10469163470643                    0.1                    0.1     0.5419366813611634                     10
                     12      2.122472276396976    -0.9082978814123407                    0.1                    0.1     0.5395963840584275                     10
                     13      1.944580042754873     -0.856168146891732                    0.1                    0.1     0.5074812196909586                     10
                     14       1.70879137150216     -1.020722552296716                    0.1                    0.1     0.5251040896007277                     10
                     15      1.559508527496296    -0.8728632414424504                    0.1                    0.1     0.5251831009371015                     10
                     16      1.899700538601641    -0.6918373020063824                    0.1                    0.1     0.5064960253434361                     10
                     17      0.695968229352337       -1.0534389999657                    0.1                    0.1     0.5555555555555556                     10
                     18      1.783357386539834    -0.7512751289466896                    0.1                    0.1     0.4994932226083653                     10
                     19      2.043250103823579    -0.5657151534673162                    0.1                    0.1     0.5394435812768466                     10
                     20       1.46718025201128      -1.13289339549258                    0.1                    0.1      0.497502289206793                     10
                     21      1.882490041723365    -0.9235728367639472                    0.1                    0.1     0.4944159676305295                     10
                     22      1.683283612994242    -0.6837517161851133                    0.1                    0.1     0.5252885390207601                     10
                     23      2.063197930888002    -0.8635604701563746                    0.1                    0.1     0.4856629230153497                     10
                     24      1.427268079011353    -0.8101572992990024                    0.1                    0.1     0.5127851650425307                     10
                     25      1.541277109393747    -0.5815034045126936                    0.1                    0.1     0.5454964958173352                     10
                     26      2.069452942371048      -0.78224120935687                    0.1                    0.1     0.4737268806196353                     10
                     27      1.783161972839086     -1.267933868991735                    0.1                    0.1     0.5540475604185163                     10
                     28      1.559314470305321     -1.105385070475152                    0.1                    0.1     0.4882207703289394                     10
                     29      1.449620892280462    -0.6093452104316638                    0.1                    0.1      0.526716181190135                     10
                     30      2.187798020393234    -0.8502272006862954                    0.1                    0.1      0.493489312424706                     10
                     31       1.82888575645163     -1.064360155816182                    0.1                    0.1     0.5179960519623451                     10
                     32     0.9048186153359031    -0.8419182145649418                    0.1                    0.1     0.5549749259749706                     10
                     33      2.216803254451901     -0.678472326020836                    0.1                    0.1     0.5186309447296313                     10
                     34      1.635587195970412     -1.376255339334348                    0.1                    0.1     0.5480044570665499                     10
                     35      1.714880234163894    -0.9420458866434923                    0.1                    0.1     0.4695455296243543                     10
                     36      1.623496797957241    -0.5453798592726993                    0.1                    0.1     0.5194473159203061                     10
                     37       1.35030636492633     -0.832160745849567                    0.1                    0.1     0.5021907910703137                     10
                     38      1.595471409672237    -0.3524769228752612                    0.1                    0.1     0.5489285657031028                     10
                     39      1.493585934057459    -0.3216761857885507                    0.1                    0.1      0.536184018359482                     10
                     40       1.89976610766227    -0.9276610007340687                    0.1                    0.1     0.4544472774612085                     10
                     41      1.940587139306429     -1.179493559817417                    0.1                    0.1     0.5385986799914518                     10
                     42      2.126855514040105     -1.075258799433199                    0.1                    0.1     0.5381530235662386                     10
                     43      1.460107172470084     -1.039570967246161                    0.1                    0.1     0.4704962221719375                     10
                     44      1.655671219937821    -0.7361814626330302                    0.1                    0.1     0.4834008306609504                     10
                     45      1.837721626543665    -0.5918214577039033                    0.1                    0.1     0.4959961573778888                     10
                     46      1.583133794327233    -0.8204935215862162                    0.1                    0.1     0.4672591276867834                     10
                     47      2.130844127884945    -0.7298747173453034                    0.1                    0.1     0.4579468724182029                     10
                     48      1.430115790008943    -0.9499759975864769                    0.1                    0.1     0.4705285927570519                     10
                     49      1.634421005046437    -0.5674641336119416                    0.1                    0.1     0.4778070932696029                     10
                     50      1.910485773624131    -0.9999780779033841                    0.1                    0.1     0.4620411136589272                     10
                     51      1.267780705317404    -0.9748718504497267                    0.1                    0.1     0.5081183206923578                     10
                     52      1.668621264999424    -0.4732103797328105                    0.1                    0.1     0.4928502741107439                     10
                     53     0.9895109046596711     -0.781859249267383                    0.1                    0.1     0.5362107502709579                     10
                     54      2.186825849275589    -0.6328006149847643                    0.1                    0.1     0.4886322752090304                     10
                     55      1.123272854607318     -1.192692307771281                    0.1                    0.1     0.5514118436950849                     10
                     56      1.728772881991928      -0.92984397367824                    0.1                    0.1     0.4324940476445558                     10
                     57      1.306003232644042     -1.144837351514973                    0.1                    0.1     0.4936907311417035                     10
                     58      1.692936171777695     -1.242893520301355                    0.1                    0.1     0.5113887918537069                     10
                     59      1.489987167579033    -0.6749104449628468                    0.1                    0.1     0.4673626053316586                     10
                     60      1.692943498334085    -0.3870306881878736                    0.1                    0.1     0.5042494596119967                     10
                     61      1.706021209105437    -0.8096042461949622                    0.1                    0.1     0.4287276137260503                     10
                     62      1.908738996967348    -0.6885588508876049                    0.1                    0.1     0.4422641552502754                     10
                     63      1.368778345922772    -0.4568800052239551                    0.1                    0.1     0.5364662786245776                     10
                     64      1.830920677458654    -0.5216875693746277                    0.1                    0.1     0.4886208626257376                     10
                     65      1.357433167493372     -1.228965433066422                    0.1                    0.1     0.4953659388647563                     10
                     66      2.181002391606527    -0.4845036121835516                    0.1                    0.1      0.532036453156402                     10
                     67      1.345083354687445    -0.9699477806840332                    0.1                    0.1     0.4555294739508139                     10
                     68      1.808414366988041    -0.9876500919132426                    0.1                    0.1     0.4181275317138846                     10
                     69      1.593590222963407    -0.6736429628653902                    0.1                    0.1     0.4296140557218667                     10
                     70      1.869281357889026    -0.4076362160312117                    0.1                    0.1     0.5229014721483671                     10
                     71      1.973288230410745     -1.060538153139019                    0.1                    0.1      0.475270194417017                     10
                     72      1.307809279191505    -0.7358191148280726                    0.1                    0.1      0.498703459791784                     10
                     73      1.881715017553685    -0.8890298644387259                    0.1                    0.1     0.3929513866554887                     10
                     74      1.653759543436405     -1.145249214840197                    0.1                    0.1     0.4728142267557667                     10
                     75      1.610419894209472     -0.906811885656594                    0.1                    0.1     0.4216978278747243                     10
                     76      1.930955650959621    -0.5193234667759065                    0.1                    0.1     0.4725304099332704                     10
                     77      1.760858693418762     -0.944334624138902                    0.1                    0.1     0.3784207656582425                     10
                     78      1.620832470120704    -0.9592376813939717                    0.1                    0.1     0.4023992145172124                     10
                     79      1.696834002835636    -0.6454494534884444                    0.1                    0.1     0.4171410864417056                     10
                     80      1.938884433731369    -0.7385697635288644                    0.1                    0.1     0.4097515955633484                     10
                     81     0.8718054152557275    -0.7733158783803766                    0.1                    0.1     0.5186722257382419                     10
                     82      1.934119320270146      -1.18388946952858                    0.1                    0.1     0.4892571375760942                     10
                     83        1.6906771751481    -0.7684396005767351                    0.1                    0.1     0.3879810471096897                     10
                     84      1.252101400386329    -0.9139608444091923                    0.1                    0.1     0.4644934918539877                     10
                     85      1.755319436593347     -1.094118777914438                    0.1                    0.1     0.4272651899198534                     10
                     86      1.165708039124385    -0.7826601671378376                    0.1                    0.1     0.5045440027725528                     10
                     87      1.847910762489137     -1.312972551326444                    0.1                    0.1     0.5052386354235335                     10
                     88      2.053760239999293    -0.7819050426209917                    0.1                    0.1     0.4043806355162486                     10
                     89      1.238373655303068    -0.7307498059710472                    0.1                    0.1      0.481279913507037                     10
                     90      1.650383319743327     -1.159369502982075                    0.1                    0.1     0.4395948735869128                     10
                     91      1.997573554216578     -1.041464897204045                    0.1                    0.1     0.4427869622120084                     10
                     92      1.698693376365037    -0.7660673955671587                    0.1                    0.1      0.373124565236274                     10
                     93      1.501009577950261    -0.5729155868871396                    0.1                    0.1     0.4393105841471945                     10
                     94      1.565750299380007     -1.106008154528779                    0.1                    0.1     0.4074781601273137                     10
                     95      2.194542662504002    -0.6758349274948213                    0.1                    0.1     0.4425191258779947                     10
                     96      1.358050324020578    -0.5098287106973654                    0.1                    0.1     0.4984675324264202                     10
                     97      1.746916911472352     -1.171792158553364                    0.1                    0.1     0.4240164348676328                     10
                     98      1.742615069557781    -0.4740204050785275                    0.1                    0.1      0.446324837746205                     10
                     99      1.342225585398541   -0.07173256762180638                    0.1                    0.1     0.5551379035130454                     10
                    100      2.118867013201454     -1.117647327367256                    0.1                    0.1     0.4976035156321347                     10
                    101      1.069683349872914     -1.017951640432413                    0.1                    0.1     0.5340869501455833                     10
                    102      1.726322131606032    -0.9470052631257465                    0.1                    0.1     0.3467102060347561                     10
                    103      1.455465378725846    -0.9960516914861488                    0.1                    0.1     0.4059252218190708                     10
                    104      2.087575592145768    -0.5279813573533114                    0.1                    0.1      0.476377089801921                     10
                    105      1.476481455526445     -1.230807184467122                    0.1                    0.1     0.4569901849821727                     10
                    106      1.917310833131481    -0.4645160947439124                    0.1                    0.1     0.4599335456932308                     10
                    107      1.789106044718789    -0.5720208632477638                    0.1                    0.1     0.4027234041990161                     10
                    108      2.239984711061771    -0.9101872605878384                    0.1                    0.1     0.4943182999698917                     10
                    109     0.9558783985572794     -1.094254662101298                    0.1                    0.1     0.5369304626161335                     10
                    110      1.940172407002416    -0.7237616278916302                    0.1                    0.1     0.3836523070075801                     10
                    111      1.923658385989818    -0.4749692769944592                    0.1                    0.1     0.4308974033119788                     10
                    112      1.809754106826371    -0.8211093166198585                    0.1                    0.1     0.3527222301052383                     10
                    113      2.088630222986411    -0.6159185326247411                    0.1                    0.1     0.4180809720042215                     10
                    114       1.20919380821386     -1.108949440847738                    0.1                    0.1     0.4772479333854629                     10
                    115      1.765813476097625    -0.7024020210214639                    0.1                    0.1     0.3587616125581727                     10
                    116      1.971051535323475    -0.6453560518910066                    0.1                    0.1     0.3789038794657273                     10
                    117      1.523520896641026    -0.4705029047017617                    0.1                    0.1     0.4451458521276394                     10
                    118      1.660830034976569     -1.218789501189032                    0.1                    0.1     0.4199630656797976                     10
                    119      1.410500013456893    -0.6023775920436311                    0.1                    0.1     0.4390828099192483                     10
                    120      1.761929528109201    -0.4300208416595369                    0.1                    0.1     0.4280418744798367                     10
                    121      1.810453949109577     -1.119282402322217                    0.1                    0.1     0.3952039381540293                     10
                    122      1.791567265918583    -0.8126254724711237                    0.1                    0.1     0.3332095950233115                     10
                    123      1.622066288442862    -0.8526596663375348                    0.1                    0.1      0.356812244076595                     10
                    124      1.184647297979476    -0.5953706361016963                    0.1                    0.1     0.5255611024511562                     10
                    125      2.174079911734288    -0.9059312030986461                    0.1                    0.1     0.4354000446400189                     10
                    126      1.503817371872335    -0.7691493729552565                    0.1                    0.1     0.3954405959227184                     10
                    127      1.583837508519921    -0.8138917503629522                    0.1                    0.1     0.3538349963487263                     10
                    128      1.476926901638404    -0.9196416296318488                    0.1                    0.1     0.3831364606490081                     10
                    129      1.460937650772435     -1.190632310594842                    0.1                    0.1     0.4087831315905662                     10
                    130      1.788714696035382     -1.113708811232367                    0.1                    0.1      0.373067250842689                     10
                    131      1.126142910352118    -0.9885529761222268                    0.1                    0.1     0.4785305609011706                     10
                    132      1.534526358327581     -1.292982374070968                    0.1                    0.1     0.4609212646918719                     10
                    133      1.804457394567027    -0.3673223895344604                    0.1                    0.1     0.4545508467723791                     10
                    134      2.271377210506646    -0.5280029116430018                    0.1                    0.1     0.5021370361057822                     10
                    135      1.054493641875426    -0.8226327621755801                    0.1                    0.1     0.4835634555809203                     10
                    136      1.155484364423208    -0.7880270395031429                    0.1                    0.1     0.4469336894527787                     10
                    137      1.878159148798404    -0.7799983367348874                    0.1                    0.1     0.3339981521887531                     10
                    138      1.634942612595782    -0.7554926382838534                    0.1                    0.1     0.3311072572960553                     10
                    139      1.861608178411908    -0.6943727609333716                    0.1                    0.1     0.3318620744653035                     10
                    140      1.200480034480213     -1.378181153219092                    0.1                    0.1     0.5463110263482229                     10
                    141      1.013342051992544    -0.8263892086037816                    0.1                    0.1     0.4564743014828814                     10
                    142      1.619473733974367    -0.5477518435196255                    0.1                    0.1     0.3758416826427131                     10
                    143      1.728002029977855    -0.2492482875694267                    0.1                    0.1     0.5152253282867948                     10
                    144      2.099804481930543    -0.9144978288910123                    0.1                    0.1     0.3991765457012238                     10
                    145      1.000385538292638    -0.6287754701997922                    0.1                    0.1      0.523121944226126                     10
                    146      1.859252655075821     -0.717570975923002                    0.1                    0.1     0.3164531076379323                     10
                    147      1.290717432281069     -1.322888280005213                    0.1                    0.1     0.5032434365633839                     10
                    148      1.924688549987949    -0.7059526834776224                    0.1                    0.1     0.3202095506850752                     10
                    149      1.760877540961588    -0.9428764969108649                    0.1                    0.1     0.3114016207861702                     10
                    150      1.880436514908779    -0.8191632068161276                    0.1                    0.1     0.3045888889809713                     10
                    151      1.206048966246893     -1.178832478554757                    0.1                    0.1     0.4592603540008685                     10
                    152      1.417061210089333    -0.6391847534822225                    0.1                    0.1     0.4081934973839836                     10
                    153      1.605338830487653    -0.9832720099312456                    0.1                    0.1     0.3453545546002217                     10
                    154      1.386402528914261    -0.7114488376276672                    0.1                    0.1      0.401223404446626                     10
                    155      1.324230176825818     -1.330746972240626                    0.1                    0.1     0.4770227020615216                     10
                    156       1.18760199064877    -0.6049235700965006                    0.1                    0.1     0.4829174326542817                     10
                    157      2.032668077198085     -1.019914603897508                    0.1                    0.1     0.4086570287133272                     10
                    158      1.045486559311296     -1.170569113109814                    0.1                    0.1     0.4929128691255684                     10
                    159      1.396183178987815     -1.104516139329412                    0.1                    0.1     0.3783881378019091                     10
                    160       1.55663719745991     -1.047737140859319                    0.1                    0.1     0.3464915219902395                     10
                    161     0.9369125595219056    -0.9855056428935721                    0.1                    0.1      0.495321574420953                     10
                    162      1.220939043657778    -0.7036823138168693                    0.1                    0.1     0.4229069913985284                     10
                    163      1.120674317617555     -0.541255815546446                    0.1                    0.1     0.4969990921486424                     10
                    164      2.160034283911584     -0.968006972453276                    0.1                    0.1     0.4176568229143088                     10
                    165      1.123780658701014    -0.6706063972478031                    0.1                    0.1     0.4308983757112848                     10
                    166       1.21972308394467    -0.2160135407052486                    0.1                    0.1     0.5492725388278324                     10
                    167      1.437634889919551    -0.5326061733334501                    0.1                    0.1     0.4004169299166795                     10
                    168      1.473491525649042     -1.192196284038762                    0.1                    0.1     0.3672235153363461                     10
                    169      1.157945771609984     -1.195514263592709                    0.1                    0.1     0.4432113892953097                     10
                    170      2.102730752988386    -0.5226736561451306                    0.1                    0.1     0.4282331951148335                     10
                    171      1.618992057431553    -0.8135525553682231                    0.1                    0.1     0.3112128862939478                     10
                    172      1.558437913579155    -0.6867133253592812                    0.1                    0.1     0.3374894173510276                     10
                    173      1.807161033240452     -1.091203367402591                    0.1                    0.1     0.3505326677844682                     10
                    174      1.696627398581105    -0.3288914090221741                    0.1                    0.1     0.4442996449038254                     10
                    175      1.164833602293153    -0.5930676330325853                    0.1                    0.1     0.4291064663242147                     10
                    176      2.196637309415475    -0.6833462929545301                    0.1                    0.1     0.3976974685934132                     10
                    177      1.601699451606467    -0.2798448618151118                    0.1                    0.1     0.4714671489680904                     10
                    178      1.806838691592131    -0.5257474369254409                    0.1                    0.1     0.3585045552248972                     10
                    179      1.876693336264143     -1.034384146436487                    0.1                    0.1     0.3423719824394983                     10
                    180       1.30454445295194     -0.894216844779445                    0.1                    0.1      0.395223985883971                     10
                    181      1.858372859435439    -0.9198923833976534                    0.1                    0.1     0.3021373044306853                     10
                    182      2.307540265228121    -0.7645741406362606                    0.1                    0.1     0.4797175738296138                     10
                    183      1.434155332972466    -0.9300138907543173                    0.1                    0.1     0.3595225067497371                     10
                    184      1.273135169391576    -0.9539835416716905                    0.1                    0.1     0.3881479967821713                     10
                    185      2.045633909239365    -0.7510293535378424                    0.1                    0.1     0.3394992833432159                     10
                    186      1.716936963808448    -0.2600180234516968                    0.1                    0.1     0.4555855170150055                     10
                    187      1.551145118374263     -1.244624310636107                    0.1                    0.1     0.3909317179781412                     10
                    188      1.784173911569361    -0.8291752779004719                    0.1                    0.1      0.279254897705959                     10
                    189      1.609143162174705    -0.5015376940265382                    0.1                    0.1     0.3650618789493673                     10
                    190      1.167832638102312     -1.214138863678303                    0.1                    0.1     0.4264991236180954                     10
                    191     0.9007939768119672      -1.41473762303735                    0.1                    0.1     0.5542066506231825                     10
                    192      1.865074352693836    -0.6461586993295143                    0.1                    0.1     0.3070165062381728                     10
                    193      1.491177039857481    -0.9631862064107961                    0.1                    0.1     0.3331555598962368                     10
                    194      1.542129827582729     -1.391705330243424                    0.1                    0.1     0.4904006795147628                     10
                    195       1.43800412725194    -0.8689203474196783                    0.1                    0.1     0.3390551220113379                     10
                    196     0.5082315959806651     -1.269881760347884                    0.1                    0.1     0.5550454739311865                     10
                    197      1.797159530837068     -1.047767048403945                    0.1                    0.1     0.3094665236453573                     10
                    198      1.993370793973818     -1.081505303793211                    0.1                    0.1     0.3876999000382874                     10
                    199      1.954077536714079    -0.4949881314120695                    0.1                    0.1     0.3837724176194993                     10
                    200      1.788579820910962    -0.8813729927963917                    0.1                    0.1     0.2698713267462456                     10
                    201      1.566841489474423    -0.8588352061615162                    0.1                    0.1     0.3014467251241331                     10
                    202      1.219983284280013    -0.4039492242518751                    0.1                    0.1     0.5153990656463933                     10
                    203      1.716644612580442    -0.6729782380345467                    0.1                    0.1     0.3066511755929627                     10
                    204      1.491832935793809    -0.3906836924331391                    0.1                    0.1     0.4377478823561787                     10
                    205      2.044697967274302    -0.6327677330408235                    0.1                    0.1     0.3480747396054943                     10
                    206      1.194032877923204     -1.391274688892219                    0.1                    0.1     0.4874525339785206                     10
                    207      1.635321436416512    -0.8219807837070202                    0.1                    0.1     0.2766578469412651                     10
                    208      1.892723784154125    -0.9920483578602233                    0.1                    0.1     0.3046954982314265                     10
                    209      1.977612296303791    -0.7653692537219902                    0.1                    0.1     0.2994411579901549                     10
                    210       1.29223247277856    -0.4238298235167212                    0.1                    0.1     0.4698804169182933                     10
                    211      1.137179536046801    -0.9071233215828364                    0.1                    0.1     0.4123663620857862                     10
                    212      1.814314711788924    -0.8317284487592969                    0.1                    0.1     0.2575323164612726                     10
                    213         1.966863031619    -0.9638066906372209                    0.1                    0.1     0.3211865393411584                     10
                    214      1.969253371344595    -0.8310137938189575                    0.1                    0.1     0.2897123909775698                     10
                    215      1.433724479759433     -1.120877783051807                    0.1                    0.1     0.3312759749293578                     10
                    216     0.6937631435843677     -1.244686334005901                    0.1                    0.1       0.54412311362067                     10
                    217      1.419221832892767    -0.7201899869457309                    0.1                    0.1     0.3526278646163421                     10
                    218      2.125255915002815    -0.6564935155496361                    0.1                    0.1     0.3439964211918695                     10
                    219     0.9593234670789258     -1.061670233894712                    0.1                    0.1     0.4683645241411887                     10
                    220    -0.0400622001437697     -1.102067365851247                    0.1                    0.1     0.5555555555555556                     10
                    221   -0.06868137286819802     -1.470458736684129                    0.1                    0.1     0.5555555555555556                     10
                    222    -0.4538784472855572      -1.54925209695443                    0.1                    0.1     0.5555555555555556                     10
                    223      2.122761874550118    -0.9259258974877341                    0.1                    0.1     0.3586723887854074                     10
                    224      1.274454917686356     -0.763432780910887                    0.1                    0.1     0.3668617422998925                     10
                    225      1.254062624469414     -1.025614107610446                    0.1                    0.1     0.3791529612369111                     10
                    226      1.232794051475214     -1.085619503477046                    0.1                    0.1     0.3753755615183735                     10
                    227     0.6738642473038216     -1.094066101226084                    0.1                    0.1     0.5164376700585424                     10
                    228      0.612025046845874    -0.9081717654554866                    0.1                    0.1     0.5430032340552677                     10
                    229      2.276418490666694    -0.9589431599554563                    0.1                    0.1     0.4679426168377079                     10
                    230      1.866905441699978     -1.111986947981908                    0.1                    0.1     0.3336884798837985                     10
                    231      2.036577933294283     -1.123345533197466                    0.1                    0.1     0.4019638256247339                     10
                    232      1.163644388391152    -0.3786739039800895                    0.1                    0.1     0.4981503522416143                     10
                    233      1.869759088343802    -0.9827227659879249                    0.1                    0.1     0.2700760882473857                     10
                    234      1.837036068375755   -0.05257712062480088                    0.1                    0.1     0.5513112995422378                     10
                    235      1.273793134686236     -1.085320285526025                    0.1                    0.1     0.3532073991573317                     10
                    236     0.7708095311387032     -1.546683983873484                    0.1                    0.1      0.549797969463471                     10
                    237      2.049080625754795    -0.4943612593724302                    0.1                    0.1     0.3962272346776533                     10
                    238      2.126962320284122     -0.634147606502494                    0.1                    0.1     0.3350206921375346                     10
                    239      1.596875619095442     -1.058556242535122                    0.1                    0.1     0.3156476065550362                     10
                    240      1.541359201433158     -0.695029902791758                    0.1                    0.1     0.3122651952774557                     10
                    241      1.374349475752138    -0.7744767616153514                    0.1                    0.1     0.3369564966114008                     10
                    242      1.843172516598324    -0.5649889933485371                    0.1                    0.1      0.315797510950249                     10
                    243        2.1318423957625     -0.927807388145187                    0.1                    0.1     0.3431578661416489                     10
                    244       2.11564295781474    -0.8769638660188925                    0.1                    0.1     0.3167882016440311                     10
                    245       1.03945150028089     -1.062772780782464                    0.1                    0.1     0.4212037135721621                     10
                    246     0.8726572224430897     -1.186477227580772                    0.1                    0.1      0.507835018560517                     10
                    247      1.477171505319955     -1.265283610730089                    0.1                    0.1     0.3786332370387488                     10
                    248      1.351994635063082    -0.1555470579027169                    0.1                    0.1     0.5185529111811303                     10
                    249      1.988788962075423    -0.5355439264629541                    0.1                    0.1     0.3360305048849996                     10
                    250      1.790255851770283    -0.4714602269936408                    0.1                    0.1     0.3408121711425687                     10
                    251      1.502126138443915     -1.314281083277201                    0.1                    0.1     0.4020414100772528                     10
                    252      2.031446285908906      -0.38201985517126                    0.1                    0.1      0.467858201005644                     10
                    253      1.540367751515709    -0.9460425246069174                    0.1                    0.1     0.2947235570580861                     10
                    254      1.068321899940748      -1.00716893121499                    0.1                    0.1     0.3995846095596369                     10
                    255      1.740126027393446    -0.6416320737694657                    0.1                    0.1      0.296014969238652                     10
                    256       2.26354220751472    -0.9401826674801954                    0.1                    0.1     0.4196442461799119                     10
                    257      2.038784516506131     -1.063284468408845                    0.1                    0.1     0.3478787729092208                     10
                    258      1.536085614790867    -0.7990268825031315                    0.1                    0.1     0.2839236595210075                     10
                    259      1.425296440155732    -0.7360397016322177                    0.1                    0.1     0.3144913337043684                     10
                    260      1.741520914886029    -0.9287809512860102                    0.1                    0.1     0.2507471488008636                     10
                    261      1.188480317079595    -0.8943098745542503                    0.1                    0.1     0.3590235700173452                     10
                    262     0.7537130878358365     -1.201009247440245                    0.1                    0.1     0.4948157544149576                     10
                    263     0.9989215877609113    -0.8679280065762019                    0.1                    0.1     0.4132462072632572                     10
                    264      1.053862215239242     -1.326624804618674                    0.1                    0.1     0.4931735377825221                     10
                    265      1.013883589014603    -0.4095249692259714                    0.1                    0.1     0.5298220059394615                     10
                    266      1.317523172079368    -0.9174357777013766                    0.1                    0.1     0.3225794831774453                     10
                    267      1.469829245345532     -1.009993163270458                    0.1                    0.1     0.2950025435519685                     10
                    268     0.8311045655230688    -0.7743522731011253                    0.1                    0.1      0.489692924590196                     10
                    269      1.765943522509112    -0.6478367195852752                    0.1                    0.1     0.2813733650898273                     10
                    270       1.51901014827847    -0.4396455368493403                    0.1                    0.1      0.385847467086581                     10
                    271      1.543158593358249    -0.3317378626066204                    0.1                    0.1     0.4146529473270592                     10
                    272      1.518002925263646    -0.9957461894814387                    0.1                    0.1     0.2820321855353785                     10
                    273      1.591076785378025    -0.9880637977047687                    0.1                    0.1     0.2748447816541336                     10
                    274      2.221580183492947    -0.7447310288643187                    0.1                    0.1     0.3624693415671648                     10
                    275     0.7183943081134005    -0.8420548634281907                    0.1                    0.1     0.5125943565590044                     10
                    276     0.8912109654927568    -0.6020886939576816                    0.1                    0.1     0.5154377300511183                     10
                    277      1.941304375925566    -0.4683306889373566                    0.1                    0.1     0.3434131916264418                     10
                    278      1.929418326147226    -0.2846427214264965                    0.1                    0.1     0.4940442244853017                     10
                    279      1.747100835400913    -0.8085602265776665                    0.1                    0.1     0.2419108093788797                     10
                    280       1.07562654059403    -0.6692752885363437                    0.1                    0.1     0.4110322163417353                     10
                    281     0.7055629266438238    -0.6400817269802107                    0.1                    0.1     0.5377116723313152                     10
                    282      1.815099430297575    -0.4639712804045604                    0.1                    0.1     0.3209477409531108                     10
                    283      1.067325731359651     -1.109809158152788                    0.1                    0.1     0.3839628488675723                     10
                    284     0.9052833921999427      -1.10766896257864                    0.1                    0.1     0.4391805447569129                     10
                    285      1.345131099567707    -0.9259969213476275                    0.1                    0.1      0.304627984485043                     10
                    286      1.759739650445551    -0.5499869564034414                    0.1                    0.1     0.2946326363490629                     10
                    287      1.261314713778407     -1.436933896681307                    0.1                    0.1     0.4832343293753625                     10
                    288      1.155376873258532     -1.231294488875031                    0.1                    0.1     0.3868256807895151                     10
                    289     0.7202093585827728     -1.383873616017962                    0.1                    0.1     0.5239059454458416                     10
                    290      1.083852719356313     -1.411322905421117                    0.1                    0.1      0.485213027990996                     10
                    291     0.8895211797888735    -0.7726000960398818                    0.1                    0.1     0.4259566890463508                     10
                    292      2.106077362979963    -0.8647607336257938                    0.1                    0.1     0.2966110874563712                     10
                    293      2.085651944326463    -0.8100641502607284                    0.1                    0.1     0.2848250849048349                     10
                    294      2.141308858062889     -1.025845591017533                    0.1                    0.1     0.3600418110532589                     10
                    295       2.25221031406667    -0.8292561703406491                    0.1                    0.1     0.3696498099187598                     10
                    296      1.252567457733057    -0.6532825854844836                    0.1                    0.1     0.3704000828234915                     10
                    297      1.915805770954996    -0.3366704190020394                    0.1                    0.1     0.4229783060997565                     10
                    298      1.456119073191271    -0.8556285450681169                    0.1                    0.1     0.2768143140326638                     10
                    299     0.3732098930418034     -1.434829264494113                    0.1                    0.1     0.5474740219103055                     10
                    300     0.5373063567721741     -1.236296743606562                    0.1                    0.1     0.5093104340744874                     10
                    301     0.6085260614977561     -1.051162371381141                    0.1                    0.1     0.4917461030784223                     10
                    302      0.587706020816002     -1.475959988476063                    0.1                    0.1      0.534949755793811                     10
                    303    -0.3181426186658307     -1.190570139135083                    0.1                    0.1     0.5551180238023125                     10
                    304   -0.02801159984466638    -0.9322842245831173                    0.1                    0.1     0.5483362052521792                     10
                    305      1.342964818958609    -0.9578726773868079                    0.1                    0.1     0.2946757625770173                     10
                    306      1.676415603032005    -0.2181586351103654                    0.1                    0.1     0.4524836200747995                     10
                    307     0.5293091667585953      -1.23994643748664                    0.1                    0.1     0.4810924010856457                     10
                    308    0.09166053534248936     -1.460439426299071                    0.1                    0.1     0.5450317320128003                     10
                    309      1.861012531802721     -0.669339599860744                    0.1                    0.1     0.2544001384159771                     10
                    310      1.495969030044283     -1.049877889480552                    0.1                    0.1     0.2711680968506457                     10
                    311     0.4139492112921086    -0.9916823310826072                    0.1                    0.1     0.5463243420667387                     10
                    312    -0.3783339325012327      -1.31077277935244                    0.1                    0.1      0.541809819250288                     10
                    313    -0.4337783222285977     -1.763214310270067                    0.1                    0.1     0.5524910012508935                     10
                    314     0.4678905202640805     -1.309960214149613                    0.1                    0.1     0.4833831690455952                     10
                    315    -0.4165000335764844     -1.683636597240961                    0.1                    0.1     0.5227870941347379                     10
                    316     0.8312176261388089    -0.7512898489407822                    0.1                    0.1     0.4349005843941172                     10
                    317      1.978104503756728     -1.248489446820753                    0.1                    0.1     0.4586137292828368                     10
                    318     0.9638029297025666    -0.9295783976550801                    0.1                    0.1     0.3990774775099835                     10
                    319     0.8230832216625169    -0.9682933405690614                    0.1                    0.1     0.4597875687575569                     10
                    320      1.073328280139871     -1.276295930098462                    0.1                    0.1     0.4164263948524546                     10
                    321     0.1596134807292182     -1.609175024674695                    0.1                    0.1     0.5328928529860449                     10
                    322    -0.3143719899642057     -1.324331154216732                    0.1                    0.1     0.5183987039421092                     10
                    323    -0.1220321247303728      -1.01165409392841                    0.1                    0.1     0.5264211723949801                     10
                    324    -0.1446283307296787     -1.383183569080624                    0.1                    0.1      0.530227459211281                     10
                    325     0.1238619173752843     -1.280158957961132                    0.1                    0.1     0.5464348941633015                     10
                    326     0.1261752107571093     -1.359611123482129                    0.1                    0.1     0.5116807406803305                     10
                    327    -0.1156841609957075     -1.731837839069342                    0.1                    0.1     0.5537481730288221                     10
                    328    -0.2618262828547331     -1.629570160009502                    0.1                    0.1     0.5333135015179727                     10
                    329     0.6657302425044364      -1.40049938427655                    0.1                    0.1     0.4861781076614388                     10
                    330      1.323208125599837   -0.08186745279175442                    0.1                    0.1     0.4991944910054055                     10
                    331     0.8629804577152609     -1.636972015960012                    0.1                    0.1     0.5390220230845018                     10
                    332      1.766243488688431   -0.09463013218440555                    0.1                    0.1     0.5085911003891688                     10
                    333     0.9685325851699372     -1.382581777833815                    0.1                    0.1     0.4809488385310689                     10
                    334     0.5543449706000725    -0.9848235346550984                    0.1                    0.1     0.4871148342190206                     10
                    335      1.747474544820663      -1.07894093774602                    0.1                    0.1     0.2893552389199848                     10
                    336      1.436611564588391    -0.5935847966783168                    0.1                    0.1     0.3339025072012322                     10
                    337      1.442668835957262    -0.6665658946912626                    0.1                    0.1     0.3025954257939821                     10
                    338       1.74023593167463    -0.7971342138367788                    0.1                    0.1     0.2357588882035943                     10
                    339       0.92288812478798    -0.4299974114624747                    0.1                    0.1     0.5226137544813074                     10
                    340       1.90767800452755     -0.998966425563075                    0.1                    0.1     0.2678085197937367                     10
                    341     0.7272497855761314     -1.207543042105067                    0.1                    0.1     0.4492468760970192                     10
                    342     0.8278136270327833     -1.299042437483783                    0.1                    0.1     0.4663817713556129                     10
                    343      1.983417253033448    -0.2533809747276967                    0.1                    0.1     0.4901356949300042                     10
                    344      1.588942164545024     -1.014167268504829                    0.1                    0.1     0.2645717013644556                     10
                    345      2.300494728212623    -0.6752255745184503                    0.1                    0.1     0.4277317766869836                     10
                    346     0.6410999532211841     -0.822091156915298                    0.1                    0.1     0.4914690666749529                     10
                    347      1.864804000567055    -0.6945141763959353                    0.1                    0.1     0.2427420077973817                     10
                    348      2.024591138387858     -0.453204892321462                    0.1                    0.1     0.3594422494999485                     10
                    349      1.929032661350548    -0.9224210378984873                    0.1                    0.1     0.2564111689557568                     10
                    350      1.599409279670008    -0.9163427380791525                    0.1                    0.1     0.2447106202795727                     10
                    351      1.515261527250484   -0.06936827749328159                    0.1                    0.1     0.5301303820233698                     10
                    352      1.878267240850735     -1.335562729601927                    0.1                    0.1     0.4760558252983745                     10
                    353      1.479773209619113    -0.3006379983338759                    0.1                    0.1     0.4348577226998055                     10
                    354      1.388119418147641    -0.5473903675601578                    0.1                    0.1     0.3532883214253765                     10
                    355       2.17672858261889     -1.101787432148167                    0.1                    0.1     0.4266405251656708                     10
                    356      1.675713184398015    -0.4517922937597629                    0.1                    0.1      0.326651695204726                     10
                    357      1.065760095568972     -0.399841093027695                    0.1                    0.1     0.4776398119248638                     10
                    358      1.000181797397399     -1.254922768717075                    0.1                    0.1     0.4169354811210889                     10
                    359     0.8164537311939227     -1.103488645767816                    0.1                    0.1     0.4292518411419659                     10
                    360     0.8743609167196398     -1.452372913344251                    0.1                    0.1     0.4759388092472599                     10
                    361     0.8078958718070146     -1.177824768018592                    0.1                    0.1     0.4114836673234047                     10
                    362      1.623771841993661    -0.7139034247932514                    0.1                    0.1     0.2622313408057776                     10
                    363      1.138550555330037     -1.222771868644172                    0.1                    0.1     0.3521540840999367                     10
                    364      1.692457496867354    -0.3902732407350328                    0.1                    0.1      0.334741655197735                     10
                    365      1.998297899611218     -1.311852211596333                    0.1                    0.1     0.4806284295975624                     10
                    366      1.470567966351019    -0.2768411938930742                    0.1                    0.1     0.4305414992874745                     10
                    367      2.205516664346402    -0.9987555496539398                    0.1                    0.1      0.358387478344656                     10
                    368       2.16082739593353     -1.109250925337256                    0.1                    0.1     0.3958527937727577                     10
                    369        1.3438269100547    -0.2770376037342762                    0.1                    0.1     0.4636989199581591                     10
                    370      1.154370037701196    -0.9754455431519587                    0.1                    0.1      0.341955289440803                     10
                    371      2.296631614626397    -0.6804929353867499                    0.1                    0.1      0.404459391240263                     10
                    372      2.296054184640609    -0.6918843317177681                    0.1                    0.1     0.3855754662722075                     10
                    373      1.866049568270621      -1.06205749103438                    0.1                    0.1     0.2695009667964215                     10
                    374      2.283702642406029    -0.7327013781183537                    0.1                    0.1     0.3572584178184049                     10
                    375      2.290445854139949    -0.8033760728166813                    0.1                    0.1     0.3635809889728684                     10
                    376     0.8890733834801157     -0.954250869368274                    0.1                    0.1     0.4014322606014734                     10
                    377    -0.4297207246491846     -1.587426551699306                    0.1                    0.1     0.4982970121401613                     10
                    378   0.005943131320467145     -0.755576866206306                    0.1                    0.1     0.5489962722509746                     10
                    379      1.175821464910612     -1.510665827202653                    0.1                    0.1     0.4970667874911143                     10
                    380      1.636390365885056    -0.1193148842319787                    0.1                    0.1     0.4837283246430552                     10
                    381      1.552733395562498     -1.265023256505231                    0.1                    0.1      0.354144179984664                     10
                    382      1.217179213398999    -0.7690278794617514                    0.1                    0.1     0.3306835398779304                     10
                    383     0.3331411978296637     -1.212830480969308                    0.1                    0.1     0.5280421168096507                     10
                    384     0.5908039044764527     -1.363338182620592                    0.1                    0.1     0.4521712380720996                     10
                    385      1.155235244881818     -1.015138115826451                    0.1                    0.1     0.3291191812298245                     10
                    386      2.143882102516619    -0.4451545919704658                    0.1                    0.1     0.4224142778464922                     10
                    387      2.044067136996263    -0.8673509239766207                    0.1                    0.1     0.2652394256634316                     10
                    388      1.287979027708124     -1.269354980030198                    0.1                    0.1     0.3769246406896779                     10
                    389     0.8079096231058883     -1.166427939179723                    0.1                    0.1     0.3926122188770059                     10
                    390      2.109663965471935    -0.5235494454356948                    0.1                    0.1     0.3362306461661594                     10
                    391      1.737658156395704    -0.5401204669891457                    0.1                    0.1     0.2804483602455095                     10
                    392      1.299129418347304    -0.4973572504791618                    0.1                    0.1     0.3950871214094764                     10
                    393      1.054945959379109    -0.5778033301993708                    0.1                    0.1     0.4202446237967792                     10
                    394     0.9564406676786341    -0.7563597947825809                    0.1                    0.1     0.3795850704090903                     10
                    395      1.969691066148575     -0.712615778556408                    0.1                    0.1     0.2571058974323699                     10
                    396      1.882875906397042     -1.162242751210374                    0.1                    0.1      0.328215458256935                     10
                    397      1.433370039505059    -0.9876968724425892                    0.1                    0.1     0.2620741323431057                     10
                    398      1.683209924348061     -0.966614844358845                    0.1                    0.1     0.2399720713517493                     10
                    399      1.150636695499211    -0.5062466120750193                    0.1                    0.1     0.4004911633199706                     10
                    400      2.402770936482604    -0.9154859297063481                    0.1                    0.1     0.4993554139716601                     10
                    401      1.316511300719443    -0.9436129487088218                    0.1                    0.1     0.2801323455187427                     10
                    402     0.2059073562876743     -1.148629563268879                    0.1                    0.1     0.5306925189861604                     10
                    403     0.4984398732562347    -0.8235397820486777                    0.1                    0.1     0.5194017750025941                     10
                    404      1.841530222098577    -0.5875280663416139                    0.1                    0.1      0.252302137206076                     10
                    405      1.649255151967071    -0.6327265915141689                    0.1                    0.1     0.2711393627400608                     10
                    406      1.349520452143357    -0.3573280597283122                    0.1                    0.1     0.4179757423880071                     10
                    407      2.252752690390756    -0.8359183411675348                    0.1                    0.1     0.3189541843543662                     10
                    408     0.9561568584636072    -0.2586439929348533                    0.1                    0.1     0.5331114295636853                     10
                    409      2.108814124342908    -0.5335842694894909                    0.1                    0.1     0.3193861989558062                     10
                    410      1.284343432102424    -0.4997638139066907                    0.1                    0.1     0.3715805363602996                     10
                    411      1.854127648155222    -0.8310157916616957                    0.1                    0.1     0.2242070870041396                     10
                    412      0.313758438802043     -1.172447159581534                    0.1                    0.1     0.4974872038356649                     10
                    413    -0.2458881778034187    -0.9799211556911073                    0.1                    0.1     0.5358984525236367                     10
                    414     0.9677290592735661     -1.484485926047467                    0.1                    0.1     0.4729627088029431                     10
                    415      2.252723783991968     -1.033195056806023                    0.1                    0.1     0.3945995286212656                     10
                    416      2.059482444364471       -0.4376813654131                    0.1                    0.1     0.3512171547096732                     10
                    417      1.214511285435341    -0.3223123539607816                    0.1                    0.1     0.4426650354220924                     10
                    418      1.195401736186397     -1.261202670322798                    0.1                    0.1     0.3461318262337903                     10
                    419      1.947393152221994    -0.3092215819437339                    0.1                    0.1     0.4112894064468766                     10
                    420       1.35345593298267     -1.313672554257768                    0.1                    0.1     0.3876473779172267                     10
                    421       1.44777317651421    -0.3759409937322282                    0.1                    0.1      0.364962886450596                     10
                    422    -0.3312259212591046     -1.653327351158628                    0.1                    0.1     0.4837281020293226                     10
                    423    0.04722647812567799     -1.469138547036947                    0.1                    0.1     0.4908812195021693                     10
                    424   0.004446226213581146     -1.582713409474255                    0.1                    0.1     0.5049709017464329                     10
                    425     0.1891009654091349     -1.720845124521697                    0.1                    0.1     0.5276875662346688                     10
                    426    0.01755482269509411     -1.597068995685971                    0.1                    0.1     0.4810544527822055                     10
                    427    0.05638257260321766     -1.069960063837895                    0.1                    0.1     0.5140948354566274                     10
                    428       1.32666977381679     -1.188690503589177                    0.1                    0.1     0.3234647917126525                     10
                    429      1.825592398713405    -0.4744792701429803                    0.1                    0.1     0.2763413869747091                     10
                    430     0.8014011944500107     -1.324401602211689                    0.1                    0.1     0.4214757381375409                     10
                    431     0.8784049981637303     -1.220255805461616                    0.1                    0.1     0.3866412463087567                     10
                    432     0.8837585906061108     -0.663063553621037                    0.1                    0.1     0.4263222323315881                     10
                    433      2.095290569529282    -0.9598979195219443                    0.1                    0.1      0.272258124374546                     10
                    434      1.565058159470856    -0.9567870440364069                    0.1                    0.1     0.2371061011759781                     10
                    435     0.8094627164056044    -0.6278914518972442                    0.1                    0.1     0.4567280488864441                     10
                    436      1.956609244431381     -1.168953416015247                    0.1                    0.1     0.3389560816905962                     10
                    437      1.767679011659748     -1.088019300431634                    0.1                    0.1     0.2674505143654637                     10
                    438      1.538934878217478     -1.026849459723014                    0.1                    0.1     0.2413601554671929                     10
                    439      1.764065957527049     -1.195722078057188                    0.1                    0.1     0.3305961037837988                     10
                    440      1.635281274894085     -1.080392621465259                    0.1                    0.1     0.2643533734395993                     10
                    441      1.790409728529918     -1.193280887051441                    0.1                    0.1     0.3158090547418517                     10
                    442      1.711714375878025     -1.231352690135259                    0.1                    0.1     0.3378030436313686                     10
                    443      1.701122195087507     -1.072610656380288                    0.1                    0.1     0.2483019844557421                     10
                    444      1.434502697708199    -0.1548325959100737                    0.1                    0.1     0.4516806605034306                     10
                    445      1.418579393884297    -0.7026814381369205                    0.1                    0.1     0.2853441125666431                     10
                    446      1.597589551219455    -0.5922413757864151                    0.1                    0.1     0.2794641384085236                     10
                    447      1.548237751232932    -0.5268296454057824                    0.1                    0.1     0.2954610825362539                     10
                    448      2.459642545917541    -0.9257394258034297                    0.1                    0.1     0.5104205219732787                     10
                    449      1.065514892256956    -0.6385425175749611                    0.1                    0.1     0.3713094051396407                     10
                    450     0.7790514454688305     -1.692785663718541                    0.1                    0.1     0.5252356069475882                     10
                    451     0.6471838850876203     -1.474506246401836                    0.1                    0.1     0.4645395336256763                     10
                    452      2.253064635816198      -1.04922160922597                    0.1                    0.1     0.3877148255717414                     10
                    453     0.8232411883213231     -1.254399802315322                    0.1                    0.1      0.374675393092615                     10
                    454    -0.7909923994998835     -1.324821208412935                    0.1                    0.1     0.5555555555555556                     10
                    455     0.9151246259633744     -1.451020757614557                    0.1                    0.1     0.4283535737132876                     10
                    456      1.713177601764548     -1.312512469516059                    0.1                    0.1     0.3958229541073769                     10
                    457      1.212311202136802    -0.9409655497617452                    0.1                    0.1     0.2982630085626146                     10
                    458      1.233146951388779     -1.280199460248875                    0.1                    0.1     0.3359138421249444                     10
                    459    0.08150003338604568     -1.399590664362927                    0.1                    0.1     0.4603513906476118                     10
                    460   -0.07071980496018286     -1.491864347632492                    0.1                    0.1      0.463387575819033                     10
                    461   -0.08061931645532777     -1.385856179456923                    0.1                    0.1     0.4692087413123563                     10
                    462     0.3313059705352043     -1.320959313450044                    0.1                    0.1     0.4859283668029532                     10
                    463     0.1069192954420034     -1.041426102771412                    0.1                    0.1     0.5019689269828069                     10
                    464     0.8639086529309555     -1.408988394879569                    0.1                    0.1     0.4000620008761774                     10
                    465      1.800935869497312    -0.1651291206271488                    0.1                    0.1     0.4558501927006365                     10
                    466      1.950260382065331    -0.7326013887969948                    0.1                    0.1     0.2389577001370223                     10
                    467      1.975808622511739     -1.173733093665999                    0.1                    0.1      0.332929275899769                     10
                    468      2.203645054078735    -0.6677954517514454                    0.1                    0.1     0.2932530317094501                     10
                    469      1.196611005583444     -1.335542331589547                    0.1                    0.1     0.3499176720928543                     10
                    470      1.198867991790391     -1.051457200873964                    0.1                    0.1     0.3010015842553227                     10
                    471     0.9002795096322435     -1.053639399602641                    0.1                    0.1      0.365847567114771                     10
                    472       1.74065011341255    -0.5768800078469232                    0.1                    0.1     0.2513270319585341                     10
                    473      1.777491574653134    -0.2876818573304178                    0.1                    0.1     0.3751710935730957                     10
                    474      2.040787227513099     -0.247589572823591                    0.1                    0.1     0.4741179845575845                     10
                    475     0.9778168729433211     -1.062351447435022                    0.1                    0.1     0.3373326120134214                     10
                    476     0.8095194802168488    -0.8221698440017723                    0.1                    0.1     0.3958921429037164                     10
                    477     0.1728197699694129     -1.584321793737561                    0.1                    0.1     0.4675177394984993                     10
                    478    -0.3024965134213403     -1.124218329440823                    0.1                    0.1     0.5115865077378092                     10
                    479    -0.4709321216176789     -1.814270570794172                    0.1                    0.1     0.5149721650116661                     10
                    480      1.269234116616766     -1.201499240184446                    0.1                    0.1     0.3025855854419791                     10
                    481      1.660559137502522    -0.4749388256283505                    0.1                    0.1     0.2821949562258453                     10
                    482      1.420786803623992     -0.710308113184232                    0.1                    0.1     0.2741882653531204                     10
                    483      1.645166317799808     -0.835468920975997                    0.1                    0.1     0.2233694299897852                     10
                    484      2.228482074268837    -0.9239526053285915                    0.1                    0.1     0.2953124892103306                     10
                    485      1.567310139710539     -0.743569480963194                    0.1                    0.1     0.2421726093271749                     10
                    486      1.582280439277722    -0.4548736416231791                    0.1                    0.1     0.2969185168527665                     10
                    487      1.885487188472317     -1.212573851791918                    0.1                    0.1     0.3198777697405849                     10
                    488      2.123795533030597    -0.2965644106420231                    0.1                    0.1     0.4767173534024023                     10
                    489      1.965935555582135    -0.6566523742231327                    0.1                    0.1     0.2480332531824681                     10
                    490      1.727572694428924     -1.247114152908554                    0.1                    0.1     0.3231802532145618                     10
                    491      1.417528587353769     -1.014667517356879                    0.1                    0.1     0.2503588707695641                     10
                    492      1.762685373110548     -1.135677452642752                    0.1                    0.1     0.2512144188049699                     10
                    493      1.511322016442754     -1.073857963226183                    0.1                    0.1     0.2383247236642845                     10
                    494      2.238482465948997    -0.5289415634665497                    0.1                    0.1     0.3887988867706549                     10
                    495      1.311871058240729    -0.4883649555745126                    0.1                    0.1     0.3479385768156684                     10
                    496        1.2435070712906     -1.060510945586736                    0.1                    0.1     0.2820770216544396                     10
                    497      1.237461461197559   -0.09597952965204884                    0.1                    0.1     0.4863746581974031                     10
                    498      1.809814812649244    -0.6421844186005443                    0.1                    0.1     0.2250220660996679                     10
                    499      2.324527461146224    -0.5771900220950463                    0.1                    0.1     0.4240002686296792                     10
                    500      1.244980591067415     -1.033277673693935                    0.1                    0.1     0.2714536226152441                     10
