#! FIELDS time p.x p.y sigma_p.x sigma_p.y height biasf
#! SET multivariate false
#! SET kerneltype gaussian
                      1    0.06202852735251631     -1.465779590784303                    0.1                    0.1     0.5555555555555556                     10
                      2     0.5920985302925796     -0.790064786582398                    0.1                    0.1     0.5555555555555556                     10
                      3      1.632206579109985     -0.955977710820954                    0.1                    0.1     0.5555555555555556                     10
                      4      1.967947807164234    -0.8442905889514308                    0.1                    0.1     0.5555126700652917                     10
                      5      1.608254437771177    -0.4616671835895153                    0.1                    0.1     0.5555555555555556                     10
                      6      1.894990674671692    -0.7214195358155928                    0.1                    0.1      0.544510870998096                     10
                      7       1.46445857056855    -0.6629748007256943                    0.1                    0.1     0.5540038854018735                     10
                      8      1.916572468707512    -0.5608705260284176                    0.1                    0.1     0.5468097200246917                     10
                      9      2.126400413021506    -0.6474000232559828                    0.1                    0.1     0.5504091720607475                     10
                     10       1.17255473895739    -0.8646013469659075                    0.1                    0.1     0.5555175656582479                     10
                     11      1.212714562040702    -0.9836828277604757                    0.1                    0.1     0.5416884353618747                     10
                     12      2.091338724992795    -0.7763806374472501                    0.1                    0.1     0.5278120221659279                     10
                     13      1.848917287778544    -0.8595055307906645                    0.1                    0.1     0.5274546564477929                     10
                     14      1.496436858244553     -1.037818041526081                    0.1                    0.1     0.5463619267875314                     10
                     15      1.890185146759875     -1.103890858762241                    0.1                    0.1     0.5530414414977365                     10
                     16      1.869165112074472     -1.000883746488128                    0.1                    0.1     0.5203572824131706                     10
                     17     0.9518497074856507     -1.171213696134147                    0.1                    0.1     0.5553825608440687                     10
                     18      1.502370886288102    -0.9037144650514434                    0.1                    0.1      0.530086185424014                     10
                     19      2.002809885711657    -0.4697878899672149                    0.1                    0.1     0.5381246162566519                     10
                     20      1.593812864885927     -1.168136786717195                    0.1                    0.1     0.5435001615978892                     10
                     21      1.682980116629323    -0.9562349365711131                    0.1                    0.1     0.5084832370206145                     10
                     22      1.696792001239972    -0.8187243904369006                    0.1                    0.1     0.5187177772930724                     10
                     23      2.010844949354953    -0.7763511054087305                    0.1                    0.1     0.4873861235063616                     10
                     24       1.66210193369861    -0.7895800922233213                    0.1                    0.1     0.5045554630698301                     10
                     25      1.397782298726831    -0.6549837906491215                    0.1                    0.1     0.5295648373309069                     10
                     26      1.780697736801199    -0.4346933919639665                    0.1                    0.1     0.5409007097276293                     10
                     27      1.937376143819643     -1.071610458230125                    0.1                    0.1     0.5081803754322295                     10
                     28      1.660201788643743    -0.9614239779426142                    0.1                    0.1     0.4667506366722385                     10
                     29      1.620044446463543    -0.6137529469874151                    0.1                    0.1     0.5253127952363568                     10
                     30      1.937580880834221     -1.020083593537582                    0.1                    0.1     0.4792441666691515                     10
                     31      1.662677443407226     -1.098256102287515                    0.1                    0.1     0.4951514209320371                     10
                     32      1.093010386598469    -0.9581591416790224                    0.1                    0.1     0.5263564080362371                     10
                     33      2.059974257996059    -0.6178418827606356                    0.1                    0.1     0.4964485694696594                     10
                     34      1.616590804423426     -1.177472976609637                    0.1                    0.1      0.497606305987741                     10
                     35      1.712932343101907     -0.761406876105332                    0.1                    0.1     0.4791999724061138                     10
                     36      1.692349542239697    -0.8778164374522404                    0.1                    0.1      0.434311685929917                     10
                     37      1.606158337377444    -0.7618591379268584                    0.1                    0.1     0.4633607904148376                     10
                     38      1.854395596777106    -0.4184498153914241                    0.1                    0.1     0.5142573896714006                     10
                     39        1.3601659694472     -0.457511088833186                    0.1                    0.1     0.5478121716949256                     10
                     40      1.928700980352257     -1.044468060895388                    0.1                    0.1     0.4551933896796342                     10
                     41      2.178713595257974     -1.040396759900553                    0.1                    0.1     0.5496589296342609                     10
                     42      1.536578400094609     -1.184575147808937                    0.1                    0.1     0.4921658790172597                     10
                     43      1.732670599460435     -1.224292440699693                    0.1                    0.1     0.5117208145379992                     10
                     44      1.559611940016687    -0.9077525787156285                    0.1                    0.1     0.4432344933488157                     10
                     45      1.634087123637173    -0.9547197325994686                    0.1                    0.1     0.4043322906533979                     10
                     46      1.404628653010327     -1.049859185059721                    0.1                    0.1     0.5112195833715716                     10
                     47      2.222578088900911    -0.9822073598255051                    0.1                    0.1      0.529214688524542                     10
                     48       1.38330643950533    -0.9484735076710853                    0.1                    0.1      0.498063508554295                     10
                     49      1.345584090763626    -0.8866099724363906                    0.1                    0.1     0.4971655307104067                     10
                     50      1.976372443720018    -0.9837911131021682                    0.1                    0.1     0.4513176533865168                     10
                     51       1.71359947019046     -1.099862939170217                    0.1                    0.1     0.4449046540902639                     10
                     52      1.782324643034388    -0.7366624198544244                    0.1                    0.1     0.4614691459740228                     10
                     53      1.457034704802001    -0.4563779037424238                    0.1                    0.1     0.5183696645634427                     10
                     54      1.670619168515528    -0.6697187570755152                    0.1                    0.1      0.460595903268398                     10
                     55      1.430819548153818     -1.054434946112548                    0.1                    0.1     0.4592009897043153                     10
                     56      1.744783837465622     -1.065061467982956                    0.1                    0.1     0.4256646417732664                     10
                     57       1.86362716203479    -0.6579045719695779                    0.1                    0.1     0.4711531021743506                     10
                     58       2.02804144551541    -0.9741351255492957                    0.1                    0.1     0.4562057484341904                     10
                     59      1.430851408461159    -0.9236082397402936                    0.1                    0.1     0.4389140896075793                     10
                     60      1.464329226337182    -0.5531172554842596                    0.1                    0.1     0.4828707144545913                     10
                     61      1.883384128571042    -0.8424052606305552                    0.1                    0.1     0.4312703588502201                     10
                     62      1.945194890886826    -0.6365976038480926                    0.1                    0.1     0.4527325924883101                     10
                     63      1.579252231291223    -0.5257043664288035                    0.1                    0.1     0.4724023129379938                     10
                     64      1.776730035169913    -0.5761848185766678                    0.1                    0.1     0.4685795749397783                     10
                     65      1.776818453750732     -0.915440420587824                    0.1                    0.1     0.4010620193020125                     10
                     66      1.966611710656834    -0.6147483457130584                    0.1                    0.1     0.4354305895765357                     10
                     67      1.694690534005084    -0.9523485679384512                    0.1                    0.1     0.3685334497129082                     10
                     68      1.514245868989265     -1.075367390783126                    0.1                    0.1     0.4145648875096601                     10
                     69      1.262739954286138     -1.114841148960357                    0.1                    0.1     0.5197935038584091                     10
                     70      1.379696769996209    -0.4837265943911597                    0.1                    0.1     0.4796700041356497                     10
                     71      1.530460760652431     -1.180140265203331                    0.1                    0.1     0.4386902082204703                     10
                     72      2.097474201040872    -0.8791497709180642                    0.1                    0.1     0.4725025127066149                     10
                     73      1.726567512969815     -0.879412475501543                    0.1                    0.1     0.3623800286450565                     10
                     74      1.795045165942615     -1.065620819081489                    0.1                    0.1     0.4016823057915446                     10
                     75      1.496762866138358    -0.8029693328005109                    0.1                    0.1     0.4477352996507213                     10
                     76       1.55591644133798    -0.7436765639445885                    0.1                    0.1     0.4223020291022913                     10
                     77      1.349321261697662     -1.268412988668837                    0.1                    0.1       0.53565497996156                     10
                     78      1.368188027236381    -0.9487505494771468                    0.1                    0.1     0.4242078048994823                     10
                     79      1.085157459136008     -1.154454537572412                    0.1                    0.1     0.5298153928575134                     10
                     80      1.447116811253717     -1.153605597372368                    0.1                    0.1     0.4332366702996526                     10
                     81     0.9376759142857424     -1.001477421014607                    0.1                    0.1     0.5360672556666416                     10
                     82      1.907597809323515     -1.111210457234143                    0.1                    0.1     0.4220023170728929                     10
                     83      1.172521570494253    -0.6630652357346011                    0.1                    0.1     0.5462417561525379                     10
                     84       1.75243026284757    -0.7831162476223019                    0.1                    0.1     0.3741999618088829                     10
                     85       1.73127249733763     -1.112424505351055                    0.1                    0.1     0.3908847513927807                     10
                     86      2.072672060660531    -0.5656444212970781                    0.1                    0.1     0.4647242129335927                     10
                     87      1.992726930312906     -1.202889335388777                    0.1                    0.1     0.5047679472642256                     10
                     88        1.7118723646193    -0.6316899145878515                    0.1                    0.1     0.4234298506861268                     10
                     89      1.681585610432455    -0.6198048624544139                    0.1                    0.1     0.4105001197474351                     10
                     90     0.9991579508017768     -1.475770558417413                    0.1                    0.1     0.5551713028194116                     10
                     91      2.200395326325779    -0.8667940163868519                    0.1                    0.1     0.4982577391953255                     10
                     92      1.380281722268125    -0.6974901337809021                    0.1                    0.1     0.4719124087626062                     10
                     93      1.570918799311585    -0.4277172403752359                    0.1                    0.1      0.474989635075801                     10
                     94      1.551401306125872      -1.27118566203638                    0.1                    0.1     0.4681189383848676                     10
                     95      1.989084654454269    -0.6799694099376812                    0.1                    0.1     0.4058141115152437                     10
                     96     0.9986370066008362    -0.8294296862469989                    0.1                    0.1     0.5329649748990194                     10
                     97     0.3546499473791388     -1.471508484869801                    0.1                    0.1     0.5551288248178599                     10
                     98    -0.2693502652336235     -1.370371240003746                    0.1                    0.1     0.5554880866380988                     10
                     99    -0.4095425588026609    -0.8081010383144281                    0.1                    0.1     0.5555555555555556                     10
                    100     -2.200377758049856      1.239904388873949                    0.1                    0.1     0.5555555555555556                     10
                    101      -2.02340457599281     0.9641574845688586                    0.1                    0.1     0.5554112866955719                     10
                    102     -1.527753153422157     0.8679968510877399                    0.1                    0.1     0.5555555555555556                     10
                    103     -1.272676202105434     0.7152470177385263                    0.1                    0.1       0.55518335461788                     10
                    104     -1.691757379755283      0.749184829931591                    0.1                    0.1     0.5515900322711719                     10
                    105     -1.667655417544985     0.6383999908434751                    0.1                    0.1     0.5388286824276662                     10
                    106     -1.980378068257771     0.6738113034284103                    0.1                    0.1     0.5545688578233531                     10
                    107      -1.96053326385944     0.7346414868238292                    0.1                    0.1     0.5281876255580567                     10
                    108     -1.427147558072008     0.9277926987118377                    0.1                    0.1     0.5390435987513342                     10
                    109     -1.710375024056632     0.9573268875484197                    0.1                    0.1      0.547214946484597                     10
                    110     -1.629473705565346     0.9391377278736327                    0.1                    0.1     0.5130292686355975                     10
                    111     -1.432962685506793     0.7025583693360024                    0.1                    0.1     0.5372080404609232                     10
                    112     -2.125378464533762     0.5539293554464381                    0.1                    0.1     0.5488588426411142                     10
                    113     -1.886411643233404     0.9317976241297886                    0.1                    0.1     0.5324558294147282                     10
                    114     -1.816617131323297     0.6398555538504052                    0.1                    0.1     0.5239365678597939                     10
                    115     -1.886146245920851     0.7030929745909382                    0.1                    0.1     0.4908295578588293                     10
                    116     -1.490333183917387     0.9937993600861748                    0.1                    0.1     0.5120267226777321                     10
                    117     -1.938231521632091     0.9060316203613378                    0.1                    0.1     0.5006058397763347                     10
                    118     -1.592586478926826     0.5564186123606113                    0.1                    0.1     0.5320702703853376                     10
                    119     -1.586881996286721     0.7963734042440163                    0.1                    0.1     0.4895956339350882                     10
                    120      -1.58227233879551      1.091900749935302                    0.1                    0.1     0.5264527922001173                     10
                    121     -2.042125581263642     0.7772233066696849                    0.1                    0.1     0.5003413144988174                     10
                    122     -1.807792429653033     0.8493137428556629                    0.1                    0.1     0.4871607814939796                     10
                    123     -1.804992977072404     0.7218379380966474                    0.1                    0.1     0.4629725526173621                     10
                    124     -2.228875461675539     0.8367338638506473                    0.1                    0.1     0.5483235719486943                     10
                    125     -1.849295730786694     0.8279305184946644                    0.1                    0.1      0.447915830804969                     10
                    126     -1.706470373579688     0.8988569942138618                    0.1                    0.1     0.4570095015059121                     10
                    127     -1.798821024967767     0.6350840976978158                    0.1                    0.1     0.4602250406549162                     10
                    128      -2.01931937424339     0.5337983583357038                    0.1                    0.1     0.5177146097467097                     10
                    129     -1.480345925226916     0.5165727481335547                    0.1                    0.1     0.5330739895728438                     10
                    130     -2.143266425006582     0.8126941887671185                    0.1                    0.1     0.5046971164402377                     10
                    131     -1.634610661621347     0.6956681192858261                    0.1                    0.1     0.4583250985827156                     10
                    132     -1.271840690138311     0.7708123834794837                    0.1                    0.1     0.5199044417488711                     10
                    133      -2.05813011083594     0.8827132037231654                    0.1                    0.1     0.4711040081484582                     10
                    134     -1.563151768300088     0.9819665128667905                    0.1                    0.1     0.4579575523825518                     10
                    135     -1.994901248612509     0.6063255567124584                    0.1                    0.1     0.4645746847182235                     10
                    136     -1.880664366995486     0.5351825842174261                    0.1                    0.1     0.4879876593656043                     10
                    137     -1.797657669835829      0.685489125459217                    0.1                    0.1     0.4095367642301388                     10
                    138     -2.025756049844861     0.9575178662045178                    0.1                    0.1     0.4668856980524596                     10
                    139     -1.671423401032122     0.3968209603429049                    0.1                    0.1     0.5427661421808486                     10
                    140      -1.51047816352821     0.5820108413708726                    0.1                    0.1     0.4852374770388123                     10
                    141     -1.996809908896929     0.9501080674296554                    0.1                    0.1     0.4384670613276082                     10
                    142     -1.701539915910306     0.3905079009567579                    0.1                    0.1     0.5169551223260777                     10
                    143     -1.315768132115904     0.5567826531733557                    0.1                    0.1     0.5286348431640858                     10
                    144     -2.157229550428898      1.020215414517384                    0.1                    0.1     0.5131561172771953                     10
                    145     -1.447871892401626      1.016911797035894                    0.1                    0.1     0.4804931263773962                     10
                    146      -1.94640891126733      1.037620235873142                    0.1                    0.1     0.4757056503720357                     10
                    147     -1.766531150195402     0.7450252662708602                    0.1                    0.1     0.3982332680323261                     10
                    148     -1.990023932303003     0.9810800642545664                    0.1                    0.1     0.4138963808107231                     10
                    149     -1.572491104413051     0.4814902660308095                    0.1                    0.1     0.4753516712785932                     10
                    150     -1.808299747973781       1.06507259575388                    0.1                    0.1     0.5026842953149984                     10
                    151     -1.741306583848078     0.7993709551060304                    0.1                    0.1     0.3967300827678125                     10
                    152     -2.279598333679647      0.615256656848289                    0.1                    0.1     0.5420861304399436                     10
                    153     -1.412607157099351     0.8632748786405959                    0.1                    0.1     0.4731034382076301                     10
                    154     -1.632190149133347     0.5742614862574847                    0.1                    0.1     0.4342311500442274                     10
                    155     -2.047354335912343     0.3557158893681698                    0.1                    0.1     0.5442306031095332                     10
                    156     -2.058945915847493     0.8979731096735629                    0.1                    0.1      0.402875127110132                     10
                    157     -1.384965827586971      0.888629597804233                    0.1                    0.1     0.4605349068347661                     10
                    158     -1.862629094689622     0.7465036398201261                    0.1                    0.1     0.3748189860250052                     10
                    159     -1.793765394044883      0.447999082867413                    0.1                    0.1     0.4918541698470192                     10
                    160     -2.138299377219528     0.8438971356488671                    0.1                    0.1     0.4357413118838021                     10
                    161      -1.94812889931364       0.94123113817096                    0.1                    0.1     0.3749617089068735                     10
                    162     -1.808143820313803     0.9649813281930963                    0.1                    0.1     0.4203370046796149                     10
                    163     -1.814014214470018     0.8978122358025575                    0.1                    0.1     0.3794533122668517                     10
                    164     -1.752314604105737     0.8285150838886524                    0.1                    0.1     0.3649401341258953                     10
                    165     -2.062825013380184     0.4641552132029035                    0.1                    0.1     0.4887555058039785                     10
                    166     -1.823026290127453      1.030603058095308                    0.1                    0.1     0.4273240293916939                     10
                    167     -1.933286166821469      1.135815155382792                    0.1                    0.1     0.4927523977359839                     10
                    168     -1.615630077994681       0.62305975998777                    0.1                    0.1     0.4093034737638357                     10
                    169     -1.195393730276668     0.5986100989716702                    0.1                    0.1     0.5251101086432686                     10
                    170     -1.723985821867526      1.199891684023468                    0.1                    0.1     0.5306712392776051                     10
                    171     -1.660499491433047      0.319257167356505                    0.1                    0.1      0.501723907656259                     10
                    172     -1.991270440453339     0.6311888310868105                    0.1                    0.1     0.4142792732362476                     10
                    173     -1.590169680259786     0.9788727434187292                    0.1                    0.1     0.4163821725333937                     10
                    174     -2.303543435701764     0.7385991729494494                    0.1                    0.1     0.5161233163619808                     10
                    175     -2.395990994021642     0.7751655232686792                    0.1                    0.1     0.5264125168785293                     10
                    176     -1.043209424418331     0.8868288320131322                    0.1                    0.1     0.5537456676952367                     10
                    177      -1.79603753516689     0.7565271919147695                    0.1                    0.1     0.3384398208410924                     10
                    178     -1.269084844668272     0.7877804113836704                    0.1                    0.1     0.4768772093142605                     10
                    179     -2.037598451259955     0.6104145485185274                    0.1                    0.1     0.4173403734263803                     10
                    180     -2.092105237798194     0.8761134260269757                    0.1                    0.1     0.3832001166201757                     10
                    181     -1.607071723296453       0.49467536186626                    0.1                    0.1     0.4203113970774894                     10
                    182     -2.189069737592094     0.8685840497590911                    0.1                    0.1      0.427246315030345                     10
                    183     -2.040326388213306      0.687688872801798                    0.1                    0.1     0.3945381793788296                     10
                    184     -1.456841389437205      1.167879687930032                    0.1                    0.1     0.5239588571486585                     10
                    185     -1.668380348372833     0.6925916072286457                    0.1                    0.1     0.3683511154765866                     10
                    186     -1.537389049796686     0.8668132313726886                    0.1                    0.1     0.4037742219596127                     10
                    187     -1.446331584802007     0.7720894463452732                    0.1                    0.1     0.4352234165710248                     10
                    188     -1.319456234958124     0.6319152387348886                    0.1                    0.1     0.4639548199669718                     10
                    189     -2.016910072048596     0.9481166924384369                    0.1                    0.1     0.3421163589584887                     10
                    190     -1.758062071266105     0.2057960263568859                    0.1                    0.1      0.537187907796062                     10
                    191     -1.092899321741951     0.4440028506502893                    0.1                    0.1     0.5485712692956192                     10
                    192     -1.919526308495954     0.7418627821216871                    0.1                    0.1      0.343251656625095                     10
                    193     -1.892432377908665     0.3736744888199348                    0.1                    0.1     0.5047958917102708                     10
                    194     -1.857329111422091     0.6392606781496232                    0.1                    0.1     0.3523834862871921                     10
                    195     -1.750282017533235     0.9051917094481826                    0.1                    0.1     0.3541796652273331                     10
                    196     -1.537591744383624      0.689880753669384                    0.1                    0.1     0.4053928616128362                     10
                    197     -1.548191709689536     0.6097387324819865                    0.1                    0.1     0.3838001478550311                     10
                    198     -1.928893223530127      1.087625505292385                    0.1                    0.1     0.4231966375052951                     10
                    199     -1.800532657300638      1.060105899038132                    0.1                    0.1     0.4098984679000843                     10
                    200     -1.637884927009446     0.8009662521975921                    0.1                    0.1     0.3574074684927384                     10
                    201     -1.445989877500686     0.5294288093259061                    0.1                    0.1     0.4405119747550938                     10
                    202     -2.344533067382532      1.040526539721584                    0.1                    0.1     0.5432461671589808                     10
                    203     -1.996003627723221     0.7188008469064388                    0.1                    0.1     0.3488355336967033                     10
                    204     -1.285480388876608      1.214568740854729                    0.1                    0.1     0.5478349905466666                     10
                    205      -1.66621787659411     0.9750239107658787                    0.1                    0.1     0.3770823933672471                     10
                    206      -2.05080250388278     0.1966233500346214                    0.1                    0.1      0.544183859197085                     10
                    207    -0.9846053601164367      1.186898503757067                    0.1                    0.1     0.5549507031892825                     10
                    208     -1.660739189295347     0.8823652352952169                    0.1                    0.1     0.3397651615961672                     10
                    209     -1.461233474201523      1.244880234260889                    0.1                    0.1     0.5194495889768725                     10
                    210     -2.095790086891872     0.5501289913134655                    0.1                    0.1     0.4265512718768975                     10
                    211     -1.504430819996637     0.2545716640532584                    0.1                    0.1     0.5393669193186764                     10
                    212     -2.005018945021529     0.5583413880006481                    0.1                    0.1     0.3779207810069333                     10
                    213      -1.82471976183443     0.4737549998589343                    0.1                    0.1     0.4380957611207646                     10
                    214     -1.826897809792826     0.5553598666182528                    0.1                    0.1     0.3813423465151194                     10
                    215     -1.390823661177093      1.120740031076503                    0.1                    0.1     0.4809500526948698                     10
                    216     -1.764879780084033     0.2709163247714902                    0.1                    0.1     0.4827072846654288                     10
                    217     -2.113986650662274     0.8105497555363207                    0.1                    0.1     0.3684174774294241                     10
                    218     -1.506948873827271      1.084196746233938                    0.1                    0.1     0.4248775114880679                     10
                    219     -1.998486213761387     0.5399096046820482                    0.1                    0.1      0.367654024408937                     10
                    220     -1.311258547689955     0.8108833773407602                    0.1                    0.1     0.4338548069046844                     10
                    221     -1.447418420975012      1.063992709885672                    0.1                    0.1      0.411852910024703                     10
                    222     -2.019876028129207     0.9940172677883188                    0.1                    0.1     0.3445674437435431                     10
                    223     -1.332065433053231     0.7113476262961141                    0.1                    0.1     0.4119552439102347                     10
                    224     -1.642326895988445    0.07093660963328262                    0.1                    0.1      0.544093336523839                     10
                    225      -1.95137156117436       1.12002482163064                    0.1                    0.1      0.425786760287134                     10
                    226     -2.100555078928255     0.6669191434923519                    0.1                    0.1     0.3805506447787854                     10
                    227     -1.847465215189841      0.948834222275432                    0.1                    0.1     0.3225592905827445                     10
                    228      -2.18414946881426     0.9020050695313749                    0.1                    0.1      0.395684733850912                     10
                    229     -1.485238253223945      0.801010531978223                    0.1                    0.1     0.3765734848089655                     10
                    230     -2.235628104593841      1.038710107816834                    0.1                    0.1     0.4819716717045945                     10
                    231     -1.648245672676844     0.6758252170899017                    0.1                    0.1     0.3329899903832171                     10
                    232     -2.264891000098301     0.8224132197861996                    0.1                    0.1     0.4288863775974537                     10
                    233     -2.145777802006532     0.6914161427122011                    0.1                    0.1     0.3924121344800816                     10
                    234      -2.15448183140512      1.107018255617902                    0.1                    0.1     0.4717540280875818                     10
                    235     -1.378723194821936       1.00750477295631                    0.1                    0.1     0.4241938292592258                     10
                    236     -1.577676322473167     0.4397526279508793                    0.1                    0.1     0.4156414241159118                     10
                    237     -1.740638570454243      1.084476714331266                    0.1                    0.1     0.4117944418395738                     10
                    238     -1.530655491163337     0.3304557495528537                    0.1                    0.1     0.4747349857823118                     10
                    239     -2.264301835871951     0.5655706217269311                    0.1                    0.1     0.4883430557089859                     10
                    240     -1.169695285241203     0.9283756425842641                    0.1                    0.1     0.5177593045059004                     10
                    241     -2.322543702786843     0.8387554506213692                    0.1                    0.1     0.4475967418046728                     10
                    242     -1.065951542913158      0.704793849923936                    0.1                    0.1     0.5294876017938294                     10
                    243     -1.749847448267517      1.038213846708062                    0.1                    0.1     0.3620348082840367                     10
                    244     -1.859701286793854      0.323686031829257                    0.1                    0.1     0.4674759893357495                     10
                    245     -2.089673044408675      1.001401114659408                    0.1                    0.1     0.3522224156449148                     10
                    246     -1.705192000424083     0.5884001517000643                    0.1                    0.1     0.3469002275136058                     10
                    247     -1.303986386775519     0.8442219293155943                    0.1                    0.1     0.4072603176755917                     10
                    248      -1.40878547987837      1.160085201002012                    0.1                    0.1     0.4338577848651627                     10
                    249     -1.638686592123709      0.614311095464292                    0.1                    0.1     0.3236410565047534                     10
                    250     -1.342508747001731      1.215815429836756                    0.1                    0.1     0.4651522688397285                     10
                    251     -1.571014372449326    0.04017599360783749                    0.1                    0.1     0.5290365238971981                     10
                    252     -1.178699363130566     0.9132873849359698                    0.1                    0.1     0.4767071298806678                     10
                    253     -2.150099642046659     0.6930018857125955                    0.1                    0.1     0.3739686427413277                     10
                    254     -1.196994148668762     0.7592770408336965                    0.1                    0.1     0.4295411826541404                     10
                    255     -1.738899195660237     0.6143872681023317                    0.1                    0.1     0.3193545907572853                     10
                    256     -2.035438914498785      1.093679303787396                    0.1                    0.1     0.3944898247292601                     10
                    257     -1.774429544296154       1.06553952364474                    0.1                    0.1     0.3607288852925251                     10
                    258     -1.758606074453162      1.176602470675811                    0.1                    0.1     0.4444543296384001                     10
                    259     -1.675422687144131       1.09219697020766                    0.1                    0.1     0.3854986382393952                     10
                    260     -1.649570963634386      1.255083008813562                    0.1                    0.1     0.4944720079741516                     10
                    261     -1.479267118808173     0.5361021119739919                    0.1                    0.1      0.386475507579637                     10
                    262     -2.310837964593679     0.5313513019669833                    0.1                    0.1     0.4959721660047709                     10
                    263     -2.064259326219894     0.7531663262914395                    0.1                    0.1     0.3197698130623854                     10
                    264     -1.605896046993034     0.7906201096814326                    0.1                    0.1     0.3284030836318854                     10
                    265     -1.179259734455939      1.026226168057501                    0.1                    0.1     0.5008837623404904                     10
                    266     -1.998000345600972     0.3921708889074506                    0.1                    0.1     0.4447816257988715                     10
                    267     -2.205729807063325     0.5344571197926019                    0.1                    0.1      0.430634904539272                     10
                    268     -1.507485219711518     0.7537794253483828                    0.1                    0.1     0.3500969841265859                     10
                    269     -2.148856192775929     0.6564927720008835                    0.1                    0.1     0.3532068931509023                     10
                    270      -1.52556782173731      1.165913092180646                    0.1                    0.1     0.4128939710368059                     10
                    271      -2.10876459023907     0.9762198877479532                    0.1                    0.1     0.3295239264321824                     10
                    272     -1.760673245686953     0.5922116026760872                    0.1                    0.1     0.3210857617726371                     10
                    273     -1.798663637726178     0.5027903702724268                    0.1                    0.1     0.3647590389536358                     10
                    274     -1.166328686415022     0.8483160148963415                    0.1                    0.1      0.429822138363951                     10
                    275     -1.990884367551977     0.4725416760717119                    0.1                    0.1     0.3756330987893761                     10
                    276     -1.732131775787112      1.273050939768782                    0.1                    0.1     0.4798854070921682                     10
                    277     -1.418175199641782     0.6526668449838509                    0.1                    0.1     0.3789554756911134                     10
                    278     -1.307274996694957     0.4197817949554191                    0.1                    0.1     0.5177168356581459                     10
                    279     -1.654837712234535      1.072116493235879                    0.1                    0.1      0.354980367247025                     10
                    280     -2.190423833777764     0.5757881975328503                    0.1                    0.1     0.3796470000724887                     10
                    281     -1.772437400570563     0.8793925800543986                    0.1                    0.1     0.2951187409727272                     10
                    282     -1.962976042920021     0.7435943610123796                    0.1                    0.1     0.2997258366166898                     10
                    283     -1.874229438740737     0.4644663534666953                    0.1                    0.1     0.3705307903070948                     10
                    284     -1.577631323742016     0.4188851565357997                    0.1                    0.1     0.3876309655644837                     10
                    285     -1.774331855799525      0.863705417971446                    0.1                    0.1     0.2853593162097571                     10
                    286      -1.85711168711349     0.4158108870915279                    0.1                    0.1     0.3797255317835372                     10
                    287     -1.354161718064491      0.477000035323701                    0.1                    0.1     0.4509192506370977                     10
                    288     -1.773803216487035     0.4711996284525353                    0.1                    0.1     0.3454246018185855                     10
                    289     -2.287180818179433     0.8869945706814404                    0.1                    0.1     0.4113970480273481                     10
                    290     -1.329489786440709     0.5356470297559249                    0.1                    0.1     0.4175525982810834                     10
                    291      -1.62819573167792     0.2677590842402077                    0.1                    0.1     0.4456445772757235                     10
                    292     -1.657819736779059     0.8076375199818198                    0.1                    0.1     0.2939108685772885                     10
                    293     -2.116727756335569     0.6001272716014623                    0.1                    0.1     0.3224440734277787                     10
                    294      -1.51660063132788     0.7713572222200984                    0.1                    0.1     0.3263571402718909                     10
                    295     -1.530908550651961     0.6274680292052524                    0.1                    0.1     0.3142513007956938                     10
                    296     -2.108576897576741     0.3984481348184231                    0.1                    0.1     0.4409292932511648                     10
                    297     -1.197810334296659      1.056583194332108                    0.1                    0.1      0.480668670517798                     10
                    298     -1.644963528230327      0.762095325645235                    0.1                    0.1     0.2798820224239832                     10
                    299     -2.004553033065179     0.5942787986575511                    0.1                    0.1     0.2899471246504476                     10
                    300     -1.568540953752335     0.3046918077406813                    0.1                    0.1     0.4224893359453812                     10
                    301     -1.969010370856096     0.9929127000592691                    0.1                    0.1     0.2902147761917211                     10
                    302     -1.622977564741608     0.9978673427026475                    0.1                    0.1     0.3199405644103976                     10
                    303     -2.193943469693144     0.5709127636654875                    0.1                    0.1     0.3560665246540041                     10
                    304       -1.4091516019221     0.8313777478340668                    0.1                    0.1     0.3408526966298884                     10
                    305     -1.779701268571437     0.9827362137965359                    0.1                    0.1     0.2851800032901358                     10
                    306     -2.008760954223058      1.169695312787207                    0.1                    0.1     0.4396487418294159                     10
                    307      -1.97540518017411     0.7848158999439497                    0.1                    0.1     0.2911584635962245                     10
                    308     -1.052907079056871     0.6985233926464055                    0.1                    0.1     0.4949762697881087                     10
                    309     -1.304392882089875      1.154298484330095                    0.1                    0.1     0.4381672633405256                     10
                    310     -1.670784214375589     0.2180159933266961                    0.1                    0.1     0.4399965795781905                     10
                    311     -1.828776551964162      1.250998729374897                    0.1                    0.1     0.4653037463587555                     10
                    312     -1.737656314254365     0.5244178381096012                    0.1                    0.1       0.31435511343457                     10
                    313     -1.918467282866132     0.3261197791037167                    0.1                    0.1      0.421493956443003                     10
                    314     -1.863336132624062     0.8257705088404553                    0.1                    0.1     0.2782937789552785                     10
                    315     -2.286261138140841     0.8060377011145992                    0.1                    0.1     0.3835887687779044                     10
                    316     -1.942386264812053      1.238997926633516                    0.1                    0.1     0.4657659188529319                     10
                    317     -2.159622774310916     0.3259429136784131                    0.1                    0.1     0.4907042019054567                     10
                    318     -1.757512316371965     0.4412112009579015                    0.1                    0.1     0.3329594076139968                     10
                    319     -1.872565336493633       1.21495872646537                    0.1                    0.1     0.4138869501418105                     10
                    320     -1.141422087308365      0.433879003205859                    0.1                    0.1     0.5067500203173535                     10
                    321     -2.137195483313172       1.08621619552136                    0.1                    0.1     0.3972075762929742                     10
                    322     -1.916292450954858     0.5698805357438059                    0.1                    0.1     0.2929651829568163                     10
                    323     -2.167714837013339     0.7914540582482288                    0.1                    0.1     0.3123684973911393                     10
                    324     -2.041825672200018     0.7444516843781788                    0.1                    0.1     0.2751834112216472                     10
                    325     -1.561028396509936      1.198319834410051                    0.1                    0.1     0.4122063737261546                     10
                    326     -1.494194071915334     0.1328910033911116                    0.1                    0.1      0.503064684627172                     10
                    327     -1.426054748994507     0.3263275259619878                    0.1                    0.1     0.4696741093792484                     10
                    328     -2.275634633631938      0.626305382826417                    0.1                    0.1     0.3869615342560671                     10
                    329    -0.9919887590408472      1.000014538567184                    0.1                    0.1      0.519487110594206                     10
                    330     -2.309319534000744      0.769541537912482                    0.1                    0.1     0.3796530469595791                     10
                    331     -1.257480551215466     0.9656894464911018                    0.1                    0.1      0.414055317409036                     10
                    332     -1.310876654481906      1.007441493409978                    0.1                    0.1     0.3961096975615773                     10
                    333     -2.270750044182836       0.37372522496951                    0.1                    0.1     0.5042809031463501                     10
                    334     -1.526308689902494     0.9246423963829498                    0.1                    0.1     0.3129083659598801                     10
                    335     -2.003735180520858     0.2579993489558892                    0.1                    0.1     0.4602245451838748                     10
                    336     -1.689291901170384      1.395099753288851                    0.1                    0.1     0.5214400332268944                     10
                    337     -1.564014734585714       0.50850770208396                    0.1                    0.1     0.3154621696579319                     10
                    338     -1.815805014332763    0.02665169115912159                    0.1                    0.1     0.5389396424472312                     10
                    339     -1.792769844762799     0.6969985083061241                    0.1                    0.1     0.2621911551565927                     10
                    340     -1.514583703618369      0.367478395163383                    0.1                    0.1      0.384418860044827                     10
                    341     -2.236310917582294       1.03394097775929                    0.1                    0.1     0.4125109475679217                     10
                    342     -1.996936005301995     0.4088360420348874                    0.1                    0.1     0.3555776221924034                     10
                    343     -1.225834120504913      1.232192886366203                    0.1                    0.1     0.4844397324427954                     10
                    344     -1.504142379346347     0.5622609210703277                    0.1                    0.1     0.3104616922809507                     10
                    345     -1.453083834580104     0.6629202569462879                    0.1                    0.1     0.3232080622394226                     10
                    346     -2.362417990972218     0.4816854590960969                    0.1                    0.1     0.4834829871190349                     10
                    347    -0.9745826740518111      1.382210099799644                    0.1                    0.1     0.5505898261396754                     10
                    348     -1.343490801392446     0.2576353941014197                    0.1                    0.1      0.508611920137373                     10
                    349    -0.9866107822350048     0.6150074016802284                    0.1                    0.1     0.5154292773317597                     10
                    350     -1.280394064023791      1.051164065373345                    0.1                    0.1     0.3957827271339417                     10
                    351     -1.522996070969445      1.110857617956919                    0.1                    0.1     0.3460834509299173                     10
                    352      -2.02173715415427     0.3964444439717772                    0.1                    0.1     0.3541374789542303                     10
                    353    -0.9873417802063521     0.5591600526071447                    0.1                    0.1      0.500871140824194                     10
                    354     -1.592553655339085      1.251592033619067                    0.1                    0.1     0.4237116882160078                     10
                    355     -1.281908846763821     0.4117103059937895                    0.1                    0.1     0.4548490323078723                     10
                    356     -1.531655130086644     0.3778003281041504                    0.1                    0.1     0.3543378028526863                     10
                    357      -2.14662054915544       1.15992496374021                    0.1                    0.1     0.4319522142252946                     10
                    358     -1.375637773439177      1.418536646112696                    0.1                    0.1     0.5398448417742236                     10
                    359     -1.599128463639198     0.8755242572583936                    0.1                    0.1     0.2841138619457745                     10
                    360      -1.91494168546302      0.321611607949054                    0.1                    0.1     0.3801951284711626                     10
                    361     -1.502373795857328     0.2707322156600995                    0.1                    0.1     0.3994735531166153                     10
                    362      -1.36238186291592     0.8212184934313569                    0.1                    0.1       0.32889166439011                     10
                    363     -2.183304585126372     0.2980238820095797                    0.1                    0.1       0.46820872451137                     10
                    364    -0.9964841960881576      1.104847560674758                    0.1                    0.1     0.5048273747274513                     10
                    365     -1.785649062176088     0.4936020892380258                    0.1                    0.1     0.2975889771560731                     10
                    366     -1.857693132906155      1.142104908789273                    0.1                    0.1     0.3456599734412768                     10
                    367     -1.007787764554399     0.5475647239937403                    0.1                    0.1     0.4729624167026157                     10
                    368       -2.1055858820452     0.6246441676172296                    0.1                    0.1     0.2788439448816465                     10
                    369     -1.237633209921184     0.2926005671970281                    0.1                    0.1     0.5005491018315362                     10
                    370     -2.287309267518144      0.647522019888904                    0.1                    0.1     0.3671172689182132                     10
                    371    -0.9532712754082433      1.070752415646299                    0.1                    0.1     0.4901092689968166                     10
                    372     -1.700911118871147      1.141401482989513                    0.1                    0.1     0.3396623940946195                     10
                    373      -1.81690931937578     0.1539667300166423                    0.1                    0.1     0.4751239515724268                     10
                    374      -1.53947884442626      1.246713700251146                    0.1                    0.1     0.4013261910608855                     10
                    375     -1.491497941994888      0.124856343344709                    0.1                    0.1     0.4670545275660219                     10
                    376     -1.870557787310758     0.6602605916890428                    0.1                    0.1     0.2614426701377009                     10
                    377     -2.077428930617102     0.7969428026233492                    0.1                    0.1     0.2700145023167782                     10
                    378     -1.133529260638321      1.331057808934192                    0.1                    0.1     0.5235499936487884                     10
                    379     -1.892826973088372     0.1396242680847264                    0.1                    0.1     0.4796023147209514                     10
                    380     -1.614298441589037      1.258173994657502                    0.1                    0.1     0.3914047967565062                     10
                    381     -1.916089485516329     0.5732833512608929                    0.1                    0.1     0.2693313012588843                     10
                    382    -0.5348920196634511     0.9427131888198736                    0.1                    0.1     0.5555555555555556                     10
                    383     -2.004568377878337     0.4524934785524017                    0.1                    0.1     0.3041407716414093                     10
                    384     -1.193339780540078      1.302623492653256                    0.1                    0.1      0.480976870987763                     10
                    385    -0.7902127836319911     0.4975914582958638                    0.1                    0.1     0.5475422049109899                     10
                    386     -1.993752501760183     0.7318370955432882                    0.1                    0.1     0.2529431385347668                     10
                    387     -1.201856775625999     0.8717716522515871                    0.1                    0.1      0.376225177707819                     10
                    388     -1.957593581005937     0.1970619843810846                    0.1                    0.1     0.4409004256750873                     10
                    389     -2.224095770861851      1.011754187760194                    0.1                    0.1      0.373925881031737                     10
                    390     -1.396582646136723      0.998498817183596                    0.1                    0.1     0.3336294332873876                     10
                    391      -1.70067389221546     0.5499332086074372                    0.1                    0.1     0.2750982926333015                     10
                    392     -2.303093103529537     0.6607034582400614                    0.1                    0.1     0.3642516209217514                     10
                    393     -1.784924925960614      1.141648878190089                    0.1                    0.1     0.3222568273240472                     10
                    394     -1.965617193597846     0.6984871801240927                    0.1                    0.1     0.2429552935765402                     10
                    395     -2.261280439180369      1.060927885582481                    0.1                    0.1      0.405112174647116                     10
                    396     -1.389921052787992     0.2681563970730425                    0.1                    0.1     0.4314163287604613                     10
                    397     -1.458017940238595     0.7517260947475921                    0.1                    0.1     0.3019972791178128                     10
                    398     -2.329635898485501     0.7880422564661484                    0.1                    0.1     0.3665736374469775                     10
                    399     -1.689102627565345      0.938000720964619                    0.1                    0.1     0.2673852759245153                     10
                    400      -1.30717464873104      0.629113554328438                    0.1                    0.1      0.368853476468588                     10
                    401     -1.980703717090442     0.8409487109903081                    0.1                    0.1     0.2598929680102388                     10
                    402     -1.885093201212294     0.2451845887041497                    0.1                    0.1     0.3910320003647667                     10
                    403     -1.656426630612818     0.8490541184459176                    0.1                    0.1     0.2587271150195088                     10
                    404     -1.964041785519584     0.7475005238903711                    0.1                    0.1     0.2409751917072632                     10
                    405     -1.657290745336509     0.8091374226142576                    0.1                    0.1     0.2512759193502856                     10
                    406     -1.807019251798862      1.176791246793529                    0.1                    0.1     0.3337410674884982                     10
                    407     -1.444274127030889     0.7297596055790084                    0.1                    0.1     0.2950735645110178                     10
                    408     -1.802504852469643     0.4783237936061058                    0.1                    0.1     0.2830625570716283                     10
                    409     -2.208923827033887      1.189379665636485                    0.1                    0.1     0.4439556583844084                     10
                    410     -1.242321420246136     0.2282906778056423                    0.1                    0.1     0.4942073958619072                     10
                    411      -1.25438120018791     0.6786101660186539                    0.1                    0.1     0.3634170033177541                     10
                    412      -2.07174001756942      0.451220355836232                    0.1                    0.1     0.3140645339297987                     10
                    413     -1.339155894967991      1.388000609680517                    0.1                    0.1     0.4943952590825329                     10
                    414    -0.8613748290949506      1.024318951622118                    0.1                    0.1     0.5141701913509495                     10
                    415     -1.550765685931467     0.9322929001426444                    0.1                    0.1     0.2778566059644678                     10
                    416     -1.858659738656282      1.229538490070773                    0.1                    0.1     0.3744170439761373                     10
                    417     -2.000251427172839     0.9430577511852496                    0.1                    0.1     0.2537664926092851                     10
                    418     -1.806214170595962     0.8303863751414524                    0.1                    0.1     0.2455065612937279                     10
                    419     -1.722248812315975     0.9520059861949096                    0.1                    0.1     0.2490879959416819                     10
                    420     -1.035813013591072     0.7203448643954212                    0.1                    0.1     0.4490898274168224                     10
                    421     -1.861023911568483     0.2597728344846426                    0.1                    0.1     0.3693904469824947                     10
                    422     -1.199353129353802      1.271124621657096                    0.1                    0.1     0.4434601761989591                     10
                    423      -2.02039337736806     0.3153216763531276                    0.1                    0.1     0.3511777712020068                     10
                    424     -1.548348966762016      1.256704208643609                    0.1                    0.1     0.3784785794669568                     10
                    425     -1.309579632406268     0.1197865719422505                    0.1                    0.1     0.5079524095001353                     10
                    426     -1.308495210624816      1.112798254324454                    0.1                    0.1     0.3673761737152281                     10
                    427     -1.186846591089957     0.8877478742334151                    0.1                    0.1      0.365655932263513                     10
                    428      -2.08227193815014     0.8055265872696781                    0.1                    0.1     0.2487993034177365                     10
                    429     -2.087514478585812      1.015314058744071                    0.1                    0.1     0.2863042631016874                     10
                    430     -1.846315488932702      1.007234906937756                    0.1                    0.1     0.2606410502368328                     10
                    431     -1.074936787565996     0.3629829631467972                    0.1                    0.1     0.4967205602629505                     10
                    432     -2.488038413121933      0.791700456672764                    0.1                    0.1     0.5057459888197464                     10
                    433     -1.213739249354614     0.5508857352484239                    0.1                    0.1     0.4109349306828041                     10
                    434     -1.903498859141489     0.8979839451089946                    0.1                    0.1     0.2460075490471654                     10
                    435     -2.012282670288533      0.854409852553083                    0.1                    0.1      0.234411072612279                     10
                    436    -0.8905817397828852     0.8917400500339329                    0.1                    0.1     0.5132994194293226                     10
                    437     -2.030499555900469     0.3133776012739358                    0.1                    0.1     0.3437991561481096                     10
                    438     -1.512120178315009     0.9411585330981352                    0.1                    0.1     0.2785202558524213                     10
                    439     -1.895788579488302     0.8339766080361577                    0.1                    0.1     0.2370710437440535                     10
                    440     -2.422674019508856     0.8441010571168555                    0.1                    0.1      0.440887003875836                     10
                    441     -1.501456555614593     0.1832972499582098                    0.1                    0.1     0.4069401868385866                     10
                    442     -1.610445927108358      1.186059150577086                    0.1                    0.1     0.3254804752406129                     10
                    443     -1.638182161742414     0.3597832873412247                    0.1                    0.1     0.3274830881236648                     10
                    444     -1.841356505716246     0.9733488405206868                    0.1                    0.1     0.2415452205838427                     10
                    445     -1.732412656583627     0.5957771576095029                    0.1                    0.1     0.2517162969730795                     10
                    446      -1.08639205530363      1.220851287811608                    0.1                    0.1     0.4636723930914171                     10
                    447     -1.158841936295116      1.247776412433884                    0.1                    0.1     0.4200373944896354                     10
                    448     -1.656025135536955     0.2105958066224645                    0.1                    0.1     0.3882460983516887                     10
                    449     -2.134707931677859        1.2098736365962                    0.1                    0.1     0.4263100426670432                     10
                    450     -1.301676129489843     0.1679265638116451                    0.1                    0.1     0.4591889017781632                     10
                    451      -1.15558920913269     0.2922226107419252                    0.1                    0.1     0.4689884287491233                     10
                    452     -1.681382440581521     0.3008559228869694                    0.1                    0.1      0.336512162975862                     10
                    453     -1.908205875060759      0.657670672273873                    0.1                    0.1     0.2312495692232556                     10
                    454     -1.754282972168107     0.5885122693084206                    0.1                    0.1     0.2442272055211548                     10
                    455     -1.129240250198278      1.059206231986709                    0.1                    0.1      0.416824833135988                     10
                    456     -1.862085215406136    0.09427194149311055                    0.1                    0.1     0.4492724343820753                     10
                    457     -1.535666720568974     0.6873760743087013                    0.1                    0.1     0.2666953008507654                     10
                    458     -1.882792611239951     0.7794568867710505                    0.1                    0.1     0.2257557573708056                     10
                    459      -2.03080254427698      1.206745547175735                    0.1                    0.1     0.3998728309263683                     10
                    460     -2.227518048724417     0.5702516813427826                    0.1                    0.1     0.3212577329454116                     10
                    461     -2.202612265849071     0.8135612963570644                    0.1                    0.1     0.2803000910474616                     10
                    462     -2.093864544388854      1.009807906215606                    0.1                    0.1     0.2715085838676929                     10
                    463     -1.822506893316363     0.2686821113882751                    0.1                    0.1     0.3421914027709988                     10
                    464     -1.718726359539388     0.5072541754063574                    0.1                    0.1     0.2606480635833021                     10
                    465     -1.810661809281357       1.16805763974566                    0.1                    0.1     0.3027345671527087                     10
                    466      -1.68582860649202     0.2883314509166104                    0.1                    0.1     0.3249379631939459                     10
                    467     -1.481291658555068     0.4887029261221028                    0.1                    0.1     0.3134024168246261                     10
                    468     -1.073974749337453      1.156894940243654                    0.1                    0.1     0.4246568710641275                     10
                    469     -1.281867924631585     0.4730729939996811                    0.1                    0.1     0.3875674448956061                     10
                    470     -1.864360099575513      0.973333939615308                    0.1                    0.1     0.2341829338871697                     10
                    471     -1.570003925398393     0.2650700563869974                    0.1                    0.1     0.3284133979544299                     10
                    472     -1.387176930961268     0.9421277499041032                    0.1                    0.1     0.3066064735648354                     10
                    473     -1.723515152887004     0.7513942022374802                    0.1                    0.1     0.2277519246906914                     10
                    474     -1.915130029329193      0.839856573410823                    0.1                    0.1     0.2212156181092776                     10
                    475     -2.033029580112388      1.206621309464759                    0.1                    0.1     0.3821610768326155                     10
                    476      -2.29362265970948     0.7750276595191343                    0.1                    0.1     0.3124767191535402                     10
                    477     -2.300338242684368     0.8579657614599939                    0.1                    0.1      0.323544187767447                     10
                    478     -1.853824773108479     0.6135683344565501                    0.1                    0.1     0.2294793663581387                     10
                    479     -2.145710595663613     0.3132027887878867                    0.1                    0.1     0.3995332705589069                     10
                    480     -1.264131722046891      0.615147089552819                    0.1                    0.1     0.3501094686392617                     10
                    481    -0.8977435378579159      1.262921139988789                    0.1                    0.1     0.5097636279301191                     10
                    482     -1.772374095201033     0.5341043647595451                    0.1                    0.1     0.2395632674652434                     10
                    483     -2.077154933446534     0.8168482310583004                    0.1                    0.1     0.2268276408197379                     10
                    484     -1.100470947229734     0.8992121365365962                    0.1                    0.1     0.3945276394372564                     10
                    485     -1.451153309662673     0.4995602845938044                    0.1                    0.1     0.3109951510063858                     10
                    486      -1.62876729693918      1.123667521235263                    0.1                    0.1       0.29603214479058                     10
                    487     -1.794192185407192     0.3931278104327189                    0.1                    0.1     0.2838300863712516                     10
                    488     -1.258885506082982      1.181288745914031                    0.1                    0.1     0.3662559543543447                     10
                    489     -1.632695248304131      1.326027665454723                    0.1                    0.1     0.4091574699888618                     10
                    490     -2.032276550736916     0.5871742303653669                    0.1                    0.1     0.2374263851801976                     10
                    491    -0.8278545631919336      1.203253778595222                    0.1                    0.1     0.5097489919123583                     10
                    492     -1.485850723622446      0.964265442563217                    0.1                    0.1     0.2739440306469742                     10
                    493     -1.852967335086606      1.060210307873623                    0.1                    0.1     0.2502398196085787                     10
                    494     -0.950941663836897     0.9320919147950143                    0.1                    0.1     0.4506307000302315                     10
                    495     -1.740212558937802      1.020474817189604                    0.1                    0.1     0.2386532219744112                     10
                    496     -1.540602957969626     0.9428956644579283                    0.1                    0.1     0.2542362792350215                     10
                    497     -2.401042212226066     0.8986457487242019                    0.1                    0.1     0.4183812650768636                     10
                    498     -1.442088176268243       1.38960725264462                    0.1                    0.1     0.4735618661906564                     10
                    499    -0.9079507690389356     0.8733738866802894                    0.1                    0.1     0.4662673597002744                     10
                    500     -2.439455514409556     0.8566906977445531                    0.1                    0.1     0.4155992415559273                     10
