#! FIELDS time p.x p.y sigma_p.x sigma_p.y height biasf
#! SET multivariate false
#! SET kerneltype gaussian
                      1    -0.9473343634677914      1.002270598194434                    0.1                    0.1     0.5555555555555556                     10
                      2     -1.251789254427601     0.9503958728263103                    0.1                    0.1     0.5552931063628556                     10
                      3     -2.017392847407121     0.7068507521250883                    0.1                    0.1     0.5555555555555556                     10
                      4     -2.204956651452036     0.7717071331202736                    0.1                    0.1     0.5512553463614444                     10
                      5     -2.063316087041321      1.042317118936934                    0.1                    0.1     0.5551687580810981                     10
                      6     -1.634337136900644     0.8458246159845334                    0.1                    0.1     0.5555555555555556                     10
                      7     -1.917892334738098     0.9263930798479765                    0.1                    0.1     0.5478784151758563                     10
                      8     -1.801351158156011      1.009386891031266                    0.1                    0.1     0.5418064655182822                     10
                      9     -1.620763524874524     0.9925222888184213                    0.1                    0.1     0.5392283183418618                     10
                     10     -2.154538590896316     0.7820992862107763                    0.1                    0.1     0.5194498976605977                     10
                     11     -2.111260141461844     0.4944378711340808                    0.1                    0.1     0.5526330712867545                     10
                     12     -1.495244798358244     0.5610416608816181                    0.1                    0.1     0.5553517752222786                     10
                     13     -1.717212622286999     0.4641533265976641                    0.1                    0.1     0.5539114960404565                     10
                     14      -1.80807357285706      0.363215198309489                    0.1                    0.1     0.5432971994493779                     10
                     15     -1.874570146924689     0.5164439060349493                    0.1                    0.1     0.5369378491992606                     10
                     16     -1.835739536323715     0.5930280436625234                    0.1                    0.1     0.5232654650961843                     10
                     17      -1.56377769328264     0.6616142004974176                    0.1                    0.1     0.5346817768540041                     10
                     18     -1.835566376109992     0.6517705810118021                    0.1                    0.1     0.5114484132695831                     10
                     19     -1.855240258822466     0.9705697447493373                    0.1                    0.1     0.5047790560177583                     10
                     20     -1.715300257247209     0.8170644914613773                    0.1                    0.1     0.5150499059340934                     10
                     21     -1.348760132991517     0.9871436443753786                    0.1                    0.1     0.5368816947142954                     10
                     22     -1.751701646162358      0.859057646964398                    0.1                    0.1       0.48740786202534                     10
                     23     -1.690826056039286     0.6581958733385849                    0.1                    0.1     0.5015605549571107                     10
                     24      -1.63316997381029     0.6784297209166971                    0.1                    0.1     0.4816547201729531                     10
                     25     -2.089720871148394     0.8469701033229262                    0.1                    0.1     0.5071663518884871                     10
                     26     -1.996145793947756     0.9734647182060804                    0.1                    0.1     0.4933792632551313                     10
                     27      -1.85279349015031     0.6799559155289959                    0.1                    0.1     0.4770936765329917                     10
                     28      -1.36867466628558     0.8150229112114177                    0.1                    0.1     0.5394628857347533                     10
                     29     -2.073090920599219      1.095557412323488                    0.1                    0.1     0.5153117340193547                     10
                     30     -1.587903839540246     0.5576353362544767                    0.1                    0.1     0.4883867842420134                     10
                     31     -1.702528986427464     0.6945022780331706                    0.1                    0.1     0.4452196776085625                     10
                     32     -2.297645233002241     0.5071901518856715                    0.1                    0.1     0.5492929846839114                     10
                     33     -1.430332797463123     0.7198882501047983                    0.1                    0.1     0.5141056977084945                     10
                     34     -1.545926376958855     0.3949914950672225                    0.1                    0.1     0.5342762748744126                     10
                     35     -1.804263267462145       1.13402381240274                    0.1                    0.1     0.5285630159729345                     10
                     36     -2.144757868975621     0.8980538096787289                    0.1                    0.1     0.4896663290518001                     10
                     37     -2.068737344197905     0.8418035755196235                    0.1                    0.1     0.4590545715561958                     10
                     38     -1.687357415815667      1.191945846447703                    0.1                    0.1     0.5363134913495976                     10
                     39     -2.030398376061828      1.029705767301239                    0.1                    0.1     0.4590870751387006                     10
                     40      -1.58142985724809     0.3996728708876727                    0.1                    0.1     0.5021064434830602                     10
                     41     -1.405964254155335     0.7769296849103403                    0.1                    0.1     0.4937933782233778                     10
                     42     -1.683852368294975     0.4359679461714321                    0.1                    0.1     0.4738307803836141                     10
                     43     -1.875226962589215     0.4179508370398811                    0.1                    0.1     0.4965890796008988                     10
                     44     -1.639629295835149     0.8193669503980548                    0.1                    0.1     0.4522584929631761                     10
                     45     -1.449876271817351     0.9675889390323736                    0.1                    0.1     0.5117420558203305                     10
                     46     -2.076821586215353     0.6688817835210358                    0.1                    0.1     0.4896280114974385                     10
                     47     -1.522798584363021     0.9576013492623789                    0.1                    0.1     0.4878084533599366                     10
                     48     -2.002498426765837     0.6529760627503404                    0.1                    0.1     0.4693101410431859                     10
                     49     -2.039416711278279     0.6529067584661699                    0.1                    0.1      0.450030832247779                     10
                     50     -1.642620213224518     0.9448319533940737                    0.1                    0.1     0.4548678207579315                     10
                     51     -2.005362222357547     0.5625723146625206                    0.1                    0.1     0.4603937851784073                     10
                     52     -1.622348729664473     0.9176478421280506                    0.1                    0.1     0.4297588869607157                     10
                     53     -1.775515969125974     0.7539457816014075                    0.1                    0.1     0.4315602572108692                     10
                     54     -2.077691697188534     0.9564259509359421                    0.1                    0.1     0.4346063118624263                     10
                     55     -1.936136382882038     0.7702032974168721                    0.1                    0.1     0.4456596482333137                     10
                     56     -1.780694955184682     0.5770724572278582                    0.1                    0.1     0.4250527418668305                     10
                     57     -2.133853583529859     0.7298025720791386                    0.1                    0.1     0.4285772285254474                     10
                     58     -1.199868282685357     0.7888047206440157                    0.1                    0.1     0.5350247835119255                     10
                     59     -2.154848362452178     0.6861493300027997                    0.1                    0.1     0.4335639482100782                     10
                     60     -1.730277012014146      1.072634409561241                    0.1                    0.1     0.4698059209554215                     10
                     61      -1.85585279124885     0.6859207008177645                    0.1                    0.1     0.4045153877669069                     10
                     62     -1.586189957447964     0.7272110930358343                    0.1                    0.1     0.4220068480395139                     10
                     63     -1.744659311214694      1.120701465191452                    0.1                    0.1     0.4631262237287386                     10
                     64     -1.739625951804215      1.055579640761117                    0.1                    0.1     0.4264764365582506                     10
                     65     -2.010856161539402     0.5638998802010231                    0.1                    0.1     0.4286466817598869                     10
                     66     -1.528309559280321      1.048873265966292                    0.1                    0.1     0.4757428023858031                     10
                     67      -2.15497032347806     0.7700317597215323                    0.1                    0.1      0.401297899333708                     10
                     68     -1.828473740345475     0.2972494463136699                    0.1                    0.1      0.509331531322349                     10
                     69     -1.905477408764555      1.043494159829529                    0.1                    0.1     0.4389752631583427                     10
                     70     -1.895986122741614     0.7774427661467072                    0.1                    0.1      0.415966605377023                     10
                     71     -1.813080787499662     0.7267713335804503                    0.1                    0.1      0.381523303430123                     10
                     72     -1.916453685946238     0.9688994496014255                    0.1                    0.1     0.4081623225310447                     10
                     73     -1.581845497773321     0.8178280569968884                    0.1                    0.1     0.4063263117580813                     10
                     74     -1.558847637174465       1.07732160478352                    0.1                    0.1     0.4590479990971583                     10
                     75     -1.712864745793903     0.4915986586677078                    0.1                    0.1     0.4266056565434347                     10
                     76     -1.878589006854003      1.024222078344071                    0.1                    0.1     0.3985729740046371                     10
                     77     -1.064900701689977     0.3999606523797202                    0.1                    0.1     0.5555555555555556                     10
                     78     -2.090333863800784     0.5515665247344276                    0.1                    0.1     0.4361903669340345                     10
                     79     -1.521691162438418     0.9254118585840619                    0.1                    0.1     0.4113929637808603                     10
                     80     -1.384497682298414     0.6825187995426396                    0.1                    0.1     0.4805767401516922                     10
                     81     -2.070554737240262     0.6088990344348472                    0.1                    0.1     0.3834540251240935                     10
                     82     -1.462028128889509     0.4123994885658429                    0.1                    0.1     0.5039679993684499                     10
                     83     -1.947465919491952      1.035485400373663                    0.1                    0.1     0.3924608030573109                     10
                     84     -1.331701513371438     0.9762591476371513                    0.1                    0.1     0.4708328449168599                     10
                     85    -0.9055734236413235      1.024489997387658                    0.1                    0.1     0.5285594740358719                     10
                     86     -1.610940177929964     0.8267131001169454                    0.1                    0.1     0.3721482934242725                     10
                     87     -1.757660538906853    0.08025818625724665                    0.1                    0.1     0.5529791229267416                     10
                     88     -1.283611705862804     0.3031558181766973                    0.1                    0.1     0.5497177750272583                     10
                     89     -2.280794620923819      0.676247298630264                    0.1                    0.1     0.4912903698348863                     10
                     90       -2.2405135421071     0.6094627773464165                    0.1                    0.1      0.459114008227191                     10
                     91     -1.267574810963857     0.7418110262515785                    0.1                    0.1     0.4886645615505561                     10
                     92     -2.404228991854726     0.7081034423722748                    0.1                    0.1     0.5302452752213166                     10
                     93     -1.134251589679186     0.9576625415714539                    0.1                    0.1     0.5202425128589084                     10
                     94     -1.898087445621634     0.4285851516150136                    0.1                    0.1     0.4495339730007118                     10
                     95       -1.4282336603468      1.103594644353243                    0.1                    0.1     0.4889048073313542                     10
                     96     -2.163881596351226     0.6435810912963608                    0.1                    0.1     0.3830549161701035                     10
                     97     -1.248231057724217     0.3956896836609693                    0.1                    0.1     0.5278902588866778                     10
                     98     -1.426770170148255      1.037569307197035                    0.1                    0.1     0.4309402097243685                     10
                     99     -2.557067691261013       1.08820723557095                    0.1                    0.1     0.5555555555555556                     10
                    100     -1.363789495837065     0.9841595303339437                    0.1                    0.1     0.4188027411663337                     10
                    101      -1.93695631992877     0.5312588442043481                    0.1                    0.1     0.3948224024458634                     10
                    102     -1.686898581045195      0.466007007624572                    0.1                    0.1     0.4130050582986032                     10
                    103     -1.775124020954855     0.2049364711374118                    0.1                    0.1     0.5123414681018928                     10
                    104     -1.522056478653007     0.8728258772933318                    0.1                    0.1     0.3806206926870461                     10
                    105     -1.750344788382434     0.9565586130563611                    0.1                    0.1     0.3803791688761518                     10
                    106     -1.643458906422232     0.3536919593259705                    0.1                    0.1     0.4509439140947076                     10
                    107     -1.844959063456315      1.215411676887618                    0.1                    0.1     0.4925585365937944                     10
                    108      -1.44922390995061      0.979344285731537                    0.1                    0.1     0.3766325498351416                     10
                    109     -1.876623338610371     0.3044500901851996                    0.1                    0.1     0.4662556195340232                     10
                    110     -1.547000550908735     0.6834297592925266                    0.1                    0.1     0.3983404510444363                     10
                    111     -1.833254260608753     0.8794687144661905                    0.1                    0.1     0.3846461070687857                     10
                    112     -1.957006239777161     0.7913616708614679                    0.1                    0.1     0.3803186423529303                     10
                    113     -1.472409351062592     0.8345680786940488                    0.1                    0.1     0.3815986014474899                     10
                    114     -1.548243117249716     0.4046861343561867                    0.1                    0.1     0.4327657965332887                     10
                    115     -1.191043785373193      0.687964632631838                    0.1                    0.1     0.5092754266053989                     10
                    116     -2.008906908625911     0.8584040163594405                    0.1                    0.1     0.3728344335653898                     10
                    117     -1.523542694857748      1.250642902750559                    0.1                    0.1     0.5284830928170714                     10
                    118     -1.916755191742263      0.613428339227289                    0.1                    0.1     0.3526488090709836                     10
                    119     -2.176127170992829     0.7727638421535995                    0.1                    0.1     0.3713801853345163                     10
                    120      -1.58372167017249      1.057488506892151                    0.1                    0.1     0.3893383575825773                     10
                    121     -1.318556633561972     0.6731687416543071                    0.1                    0.1     0.4579075658457843                     10
                    122     -1.894169915117682      1.015144901578751                    0.1                    0.1     0.3551660311427166                     10
                    123     -1.669967861478397     0.7755349711088853                    0.1                    0.1     0.3428860480922516                     10
                    124      -2.12790598076639     0.9413659872659967                    0.1                    0.1     0.4082866245862862                     10
                    125     -1.961489349970036      1.114947376910555                    0.1                    0.1      0.417825497775417                     10
                    126     -1.903465023926067     0.7991763981738295                    0.1                    0.1     0.3562923723766096                     10
                    127     -1.344937089109241      0.457121232028324                    0.1                    0.1     0.5011010608089591                     10
                    128      -2.23250164350065     0.8171333699593094                    0.1                    0.1     0.4132133510909038                     10
                    129     -1.193854080226884     0.3385479194951659                    0.1                    0.1        0.5013711905563                     10
                    130     -2.020202023567971     0.7537260807948762                    0.1                    0.1     0.3281283197021433                     10
                    131     -1.471089641132064     0.7691637042118894                    0.1                    0.1     0.3754850033299706                     10
                    132     -1.599140106953584      0.622359764693727                    0.1                    0.1     0.3776223216513171                     10
                    133     -1.579401354363922     0.5225391981805739                    0.1                    0.1     0.3898035990979415                     10
                    134     -1.673890306849738     0.8034484933761566                    0.1                    0.1     0.3253184456567835                     10
                    135     -2.015700012633545     0.8078743813297068                    0.1                    0.1     0.3271021054935679                     10
                    136     -2.025495600482159     0.5092170783313216                    0.1                    0.1     0.3940952967538483                     10
                    137     -1.408931845395219     0.6707343921001234                    0.1                    0.1     0.4047278735930618                     10
                    138     -1.755171709823629     0.5610565465883008                    0.1                    0.1      0.361804369403935                     10
                    139     -1.701995593043715      1.160709955622762                    0.1                    0.1     0.4225277146390599                     10
                    140     -2.019342075868199     0.3215704212196244                    0.1                    0.1     0.5103750186141826                     10
                    141     -1.309321295934796      1.211891206905306                    0.1                    0.1     0.5342645156401808                     10
                    142      -1.77910394311336     0.2923363997694651                    0.1                    0.1      0.435976865082318                     10
                    143     -1.552040962685138      0.682616162117214                    0.1                    0.1     0.3430127827585236                     10
                    144     -2.016577191334644      1.007260188793402                    0.1                    0.1     0.3499423481737838                     10
                    145     -1.784753080426747     0.6796787787378938                    0.1                    0.1     0.3294464427197324                     10
                    146     -1.731684351911496     0.9203318724316323                    0.1                    0.1     0.3393693602529119                     10
                    147     -1.771065762706296     0.8054382431552999                    0.1                    0.1     0.3235261468520037                     10
                    148     -1.807253700600674     0.4761174231296928                    0.1                    0.1     0.3621137619448373                     10
                    149      -1.75723986777789       0.43681856176548                    0.1                    0.1     0.3571212047863538                     10
                    150     -2.191406429048337      1.119494914230576                    0.1                    0.1     0.5112962947704377                     10
                    151     -2.284364332834999      0.832678712547804                    0.1                    0.1     0.4492461284208351                     10
                    152     -2.327259541009371     0.8604668352686999                    0.1                    0.1     0.4766476493947382                     10
                    153     -1.409018605639622     0.2875225978159772                    0.1                    0.1     0.5037475309386465                     10
                    154     -1.064458401468152     0.8372319872227074                    0.1                    0.1     0.5194136432648166                     10
                    155      -2.04537083076548      0.065842069275325                    0.1                    0.1     0.5531534894466765                     10
                    156     -1.806906501065225     0.7689373328974176                    0.1                    0.1     0.3142451394018146                     10
                    157     -1.648315559085634     0.6398293888322725                    0.1                    0.1     0.3241761415079316                     10
                    158     -2.014396886432281      0.479570081430891                    0.1                    0.1     0.3910869550784384                     10
                    159    -0.8346203613434627     0.7758181106322246                    0.1                    0.1     0.5515122174166963                     10
                    160     -2.368328867212866     0.6218902270194613                    0.1                    0.1     0.4846679960917609                     10
                    161      -2.21740565873293     0.7185914364804146                    0.1                    0.1     0.3502703534253742                     10
                    162     -2.274359970816194      1.017815022663925                    0.1                    0.1     0.5027390858227394                     10
                    163     -2.317855706864978     0.7465412201110834                    0.1                    0.1     0.4086038706131953                     10
                    164      -2.07305089610333     0.3947984624862839                    0.1                    0.1     0.4608302539584414                     10
                    165      -1.85182948599752     0.5209655951068491                    0.1                    0.1      0.331452161765671                     10
                    166     -2.349082262141226      1.103522995067346                    0.1                    0.1     0.5256705648264509                     10
                    167     -2.069860789548628      1.076941001942196                    0.1                    0.1     0.3904539759428354                     10
                    168     -1.639027209297554      1.133432546689955                    0.1                    0.1     0.4025455738023078                     10
                    169     -1.577231408100248     0.2589538095948313                    0.1                    0.1     0.4868415619733515                     10
                    170      -1.49277546216132     0.7431275226026114                    0.1                    0.1       0.33646037284114                     10
                    171     -1.592937826585057      1.188633083488059                    0.1                    0.1     0.4346636364554207                     10
                    172     -1.334737379464004      1.137957362636694                    0.1                    0.1     0.4697871308101945                     10
                    173     -1.793553995803505     0.8228370573505561                    0.1                    0.1     0.3097770818425002                     10
                    174     -1.682785146914638      1.125648362562052                    0.1                    0.1     0.3648858604048207                     10
                    175     -1.603709144419991     0.8364900172601857                    0.1                    0.1     0.2969133242622661                     10
                    176     -1.501425516948641      1.036753396523103                    0.1                    0.1     0.3491330357955971                     10
                    177     -1.415000579858419      1.046652466429653                    0.1                    0.1     0.3640854647960126                     10
                    178      -1.88920979507124     0.5406280549231837                    0.1                    0.1     0.3195230664868903                     10
                    179     -1.475865208571164     0.5173912869341888                    0.1                    0.1     0.4094792934525459                     10
                    180     -1.898806582468201      1.236306981564959                    0.1                    0.1     0.4818676217299066                     10
                    181     -2.038043083401322     0.3010450158997481                    0.1                    0.1     0.4791637846312994                     10
                    182     -2.097716471372937     0.4487019715057112                    0.1                    0.1     0.4103041934710399                     10
                    183     -1.640888003873858     0.8626339692098903                    0.1                    0.1     0.2874386441753721                     10
                    184     -1.565709052764571      1.016958451605172                    0.1                    0.1     0.3181838393112391                     10
                    185     -1.267284214483495     0.5083558259737386                    0.1                    0.1     0.4874875507419039                     10
                    186     -1.640976296400267      1.134209351195197                    0.1                    0.1     0.3527460437037799                     10
                    187     -1.501104918857426     0.4875199961712082                    0.1                    0.1     0.3834475079203307                     10
                    188     -1.681310659406073     0.2057071879618557                    0.1                    0.1     0.4757291632313101                     10
                    189     -1.856872421795299     0.7896174805843774                    0.1                    0.1     0.3030114421801058                     10
                    190     -1.943946058158972     0.2105587706045517                    0.1                    0.1      0.480924548083799                     10
                    191     -1.461587006684088     0.3811701637025107                    0.1                    0.1     0.4130766479320672                     10
                    192     -2.268849854259213     0.7327660946481538                    0.1                    0.1     0.3574009175708907                     10
                    193     -1.897042592185777     0.4801812617577896                    0.1                    0.1     0.3258922598923248                     10
                    194       -1.6227119598667     0.9740153754932576                    0.1                    0.1     0.2977855196078313                     10
                    195     -1.370305663261674     0.8721875889118601                    0.1                    0.1      0.374191673048475                     10
                    196     -1.339172852089637     0.8736307353920173                    0.1                    0.1     0.3768607558445874                     10
                    197     -1.213535923575527      1.055114239538366                    0.1                    0.1      0.475758716925873                     10
                    198     -2.214280652603132      0.620674232244171                    0.1                    0.1     0.3647303329608284                     10
                    199     -1.798521503164207     0.9927504156535496                    0.1                    0.1     0.3150052554369362                     10
                    200      -2.25587807116837      0.492864764052646                    0.1                    0.1     0.4575364921893398                     10
                    201     -1.913068369241118     0.7994044015050507                    0.1                    0.1     0.3023040700363399                     10
                    202     -2.281942791482555     0.9273439469680543                    0.1                    0.1     0.4357871347715226                     10
                    203     -1.916150814781074     0.9423556817639659                    0.1                    0.1     0.3042899678696159                     10
                    204     -1.755590962088745      1.034941095630887                    0.1                    0.1     0.3069019070316891                     10
                    205     -2.081793084319234     0.5603590754181551                    0.1                    0.1     0.3244347068927371                     10
                    206     -2.172617599030698     0.3986532336317336                    0.1                    0.1     0.4546452023329381                     10
                    207     -1.011794023125597     0.9315054928738052                    0.1                    0.1     0.4918576802212637                     10
                    208     -2.118966798350404     0.8459030420906938                    0.1                    0.1     0.3126097578146309                     10
                    209     -2.012760423769403      0.695079306410155                    0.1                    0.1     0.2875623971867078                     10
                    210     -1.900890965819817     0.6499461657721584                    0.1                    0.1     0.2846329351029985                     10
                    211     -2.029107120729268     0.7716232335977717                    0.1                    0.1     0.2810386457875856                     10
                    212     -1.285548734905621     0.2453405750647003                    0.1                    0.1      0.492097817237706                     10
                    213     -2.320170344987831     0.9632548385089468                    0.1                    0.1     0.4512712501282873                     10
                    214      -1.02550622580166     0.6738405021039443                    0.1                    0.1      0.531626456596891                     10
                    215     -1.850626997698337     0.9039994137029606                    0.1                    0.1      0.289180335141367                     10
                    216     -1.932362189046663     0.8289278696785644                    0.1                    0.1     0.2801533720321393                     10
                    217     -2.275200476660296     0.9361209375110268                    0.1                    0.1     0.3992370974127895                     10
                    218     -1.105242138802721     0.6948562758492546                    0.1                    0.1     0.4823704233924491                     10
                    219     -2.126439211516512     0.6076832807800996                    0.1                    0.1     0.3050109169790448                     10
                    220     -1.219995826288016      1.185758532734295                    0.1                    0.1     0.5022884448935301                     10
                    221     -1.516359807420176     0.6103617832843902                    0.1                    0.1     0.3385723142522766                     10
                    222     -2.311525810312635      1.014829842291791                    0.1                    0.1     0.4322685092826662                     10
                    223    -0.8704586673813374      1.270378078983128                    0.1                    0.1     0.5535532796255245                     10
                    224     -2.141542483434585     0.8487514685929358                    0.1                    0.1     0.2962592026858089                     10
                    225     -1.785901800196927     0.3152896142578969                    0.1                    0.1      0.380180161253534                     10
                    226     -1.396902528721365      1.300178548999981                    0.1                    0.1      0.512372571554161                     10
                    227     -2.315251589440604     0.7142524165642733                    0.1                    0.1     0.3657723767050886                     10
                    228     -1.648528725203368     0.5717734243417942                    0.1                    0.1     0.3173068890057672                     10
                    229     -1.423415595273853      1.257207917518739                    0.1                    0.1      0.465583688718094                     10
                    230     -1.626520231503088     0.8299911378678747                    0.1                    0.1     0.2681309970061977                     10
                    231     -1.407216421553225     0.6429287086057328                    0.1                    0.1     0.3699600006629654                     10
                    232     -2.087335195245462      0.931844158403502                    0.1                    0.1     0.3101002579508803                     10
                    233     -1.820441702142253     0.8823896638385197                    0.1                    0.1     0.2742603481367467                     10
                    234     -1.779586201627635      1.211962263139882                    0.1                    0.1     0.4057035926667004                     10
                    235     -1.246269428298327     0.5611875256782332                    0.1                    0.1     0.4629413904451645                     10
                    236     -1.488307735540603     0.5293716482533981                    0.1                    0.1     0.3473864738919525                     10
                    237     -1.392571832850111       1.17854008660833                    0.1                    0.1     0.4116897433742521                     10
                    238     -1.793441960312381     0.4319260213174452                    0.1                    0.1     0.3192847211106651                     10
                    239     -2.111825008768542     0.6081666528443694                    0.1                    0.1     0.2893218136120591                     10
                    240     -1.067370332055981      1.226263372319943                    0.1                    0.1     0.5361143606308831                     10
                    241     -2.207979374145839     0.7177796104773893                    0.1                    0.1      0.282581037610769                     10
                    242     -1.017999987148232     0.7913795839341728                    0.1                    0.1      0.477158559755885                     10
                    243     -1.569749687065895     0.7316032725589828                    0.1                    0.1     0.2791302074442732                     10
                    244     -1.728456510601073      0.227952707321128                    0.1                    0.1     0.4203166462699768                     10
                    245     -2.277599468760171     0.9494670989280767                    0.1                    0.1     0.3717799574469103                     10
                    246     -1.555272625857225      1.161345779563291                    0.1                    0.1     0.3655741596459877                     10
                    247     -1.804492667419484     0.9431502599314411                    0.1                    0.1     0.2732674848326673                     10
                    248     -1.349748257847346      1.179630784350726                    0.1                    0.1     0.4033414472171414                     10
                    249     -1.257054572674111     0.7641352838973277                    0.1                    0.1     0.4015890567890109                     10
                    250     -1.902245770542484     0.9581050719712602                    0.1                    0.1     0.2706629665956365                     10
                    251      -1.57304576685871     0.3762224267428265                    0.1                    0.1     0.3620767870272881                     10
                    252     -1.734661705326923     0.3905600414625265                    0.1                    0.1     0.3239871126671085                     10
                    253     -2.100860722484187      0.954528733613729                    0.1                    0.1     0.3089439951228865                     10
                    254     -1.482978665081951     0.1485287340887114                    0.1                    0.1     0.5230188511523203                     10
                    255     -1.208486360792042      1.080054383864979                    0.1                    0.1     0.4419593659604273                     10
                    256     -1.162715880078302      1.027862905428395                    0.1                    0.1     0.4401369900477922                     10
                    257     -2.008789927934427     0.4307612551813074                    0.1                    0.1     0.3491452624118238                     10
                    258     -2.405372809313495     0.8192305512369192                    0.1                    0.1     0.4436009223102613                     10
                    259     -1.660397146473575     0.3126147273136161                    0.1                    0.1     0.3657215222995175                     10
                    260     -1.500047085929181     0.3260875681829397                    0.1                    0.1     0.3900257421611421                     10
                    261     -1.515546822166876    0.08701049577272409                    0.1                    0.1     0.5163868579155927                     10
                    262     -1.993165984020293     0.3208527367016866                    0.1                    0.1     0.4010240845455149                     10
                    263     -2.029806824014996     0.5085143487586469                    0.1                    0.1     0.2965626748635605                     10
                    264     -1.339587073501876     0.9891452842918652                    0.1                    0.1     0.3410400009698109                     10
                    265     -1.172659454695419      1.317439306965068                    0.1                    0.1      0.518184448662221                     10
                    266     -1.634742218345241     0.9686019891341742                    0.1                    0.1     0.2746053068746494                     10
                    267     -1.542085267635336     0.6899190424898413                    0.1                    0.1     0.2823255799363144                     10
                    268     -2.113204324244774      0.398197033450291                    0.1                    0.1       0.38373326115826                     10
                    269     -1.719224193060002      1.157695142287024                    0.1                    0.1     0.3310919106279062                     10
                    270      -1.52897343575405     0.4991039995973657                    0.1                    0.1      0.315863332840895                     10
                    271     -1.577263217313267      1.151649985212188                    0.1                    0.1     0.3344372564600454                     10
                    272     -2.466252979887186     0.7759686655072864                    0.1                    0.1     0.4777789062608476                     10
                    273     -2.214131929597528      1.010851159872434                    0.1                    0.1     0.3673935650537536                     10
                    274     -1.107712780119357      1.051194552102584                    0.1                    0.1     0.4476975036849737                     10
                    275     -1.654786355095823     0.6314263768676327                    0.1                    0.1     0.2817826740211499                     10
                    276     -1.814443057131979       1.31424327058421                    0.1                    0.1     0.4855800987339032                     10
                    277      -1.40750448903889     0.6911874363416722                    0.1                    0.1     0.3262383520035927                     10
                    278     -1.114181444217204     0.7578954126944797                    0.1                    0.1     0.4293318148971098                     10
                    279     -1.885031030728707     0.4557726933219803                    0.1                    0.1      0.295922866131805                     10
                    280     -2.019155483925455      1.098983180537225                    0.1                    0.1     0.3591337135422545                     10
                    281     -2.215626253611726      1.006112307259154                    0.1                    0.1     0.3504339337790011                     10
                    282     -1.933429198869332     0.7497437327462722                    0.1                    0.1     0.2601171480960257                     10
                    283      -1.51006481530988     0.7200852993216066                    0.1                    0.1     0.2735500919855494                     10
                    284      -1.18050112577513      1.117701994286176                    0.1                    0.1     0.4153389804973694                     10
                    285     -1.042104477196793      1.089501290379364                    0.1                    0.1     0.4567047766958804                     10
                    286     -1.801490094752808     0.7448314942491482                    0.1                    0.1     0.2578078382724281                     10
                    287     -1.574553328132381     0.2868313261328155                    0.1                    0.1     0.3786839684091979                     10
                    288     -1.821907972262329     0.6109244845405525                    0.1                    0.1     0.2709068137648878                     10
                    289     -1.846020727940755      1.179568617948677                    0.1                    0.1     0.3671625195681154                     10
                    290     -1.143399272229849     0.5115461618492019                    0.1                    0.1     0.4834421439112008                     10
                    291     -1.760726410785598      1.189876650908519                    0.1                    0.1     0.3354477856194091                     10
                    292     -1.918559387547025      0.278349990321796                    0.1                    0.1     0.3855179269716349                     10
                    293     -1.898830008839722      1.125081388557237                    0.1                    0.1     0.3328901386392646                     10
                    294     -1.751422781732255     0.1102977121090949                    0.1                    0.1     0.4652349629539303                     10
                    295     -1.337303773316577     0.9067082971181559                    0.1                    0.1      0.338429106334231                     10
                    296     -1.667060863623004      1.269026269183938                    0.1                    0.1     0.4114138420603632                     10
                    297     -1.310406137572404     0.6342984174325426                    0.1                    0.1     0.3801137250931739                     10
                    298        -1.277657534239     0.6371968999038231                    0.1                    0.1     0.3788347720634507                     10
                    299     -2.010717141022965      1.065184961580372                    0.1                    0.1     0.3086470522890755                     10
                    300     -1.961842940642373     0.7104385578014568                    0.1                    0.1     0.2510102105743612                     10
                    301     -2.259804001574876      0.841706304274179                    0.1                    0.1     0.3013974499112565                     10
                    302     -1.993914311102979      1.224032981828633                    0.1                    0.1      0.447802447029382                     10
                    303     -2.070958458083221      1.110800410752766                    0.1                    0.1     0.3524472252943834                     10
                    304      -1.93449827233215      1.247738608423615                    0.1                    0.1     0.4181776225303701                     10
                    305     -1.618038774177979     0.1740049237325343                    0.1                    0.1     0.4292507705517545                     10
                    306     -1.771557168565165     0.8165388781716354                    0.1                    0.1     0.2470320228273895                     10
                    307     -2.414072953885255     0.6770888599682509                    0.1                    0.1     0.4270897582188168                     10
                    308     -1.016706648482524     0.5057918739126179                    0.1                    0.1     0.5107708901838354                     10
                    309     -1.153439289432171      0.996637177027629                    0.1                    0.1     0.3891353505997264                     10
                    310     -1.875077182913411       0.18175753158208                    0.1                    0.1     0.4258018549619191                     10
                    311     -1.615563247186954      1.257024584160298                    0.1                    0.1     0.3924708230075438                     10
                    312     -1.622110015101581     0.6283629599633748                    0.1                    0.1     0.2660139826764438                     10
                    313     -1.972283338152273     0.7565778440546733                    0.1                    0.1     0.2443846413079101                     10
                    314      -1.84328095595933     0.3966512845539388                    0.1                    0.1      0.295131248711371                     10
                    315      -2.28185938097906      1.096814098351171                    0.1                    0.1     0.4214424048849535                     10
                    316     -1.774760011559535     0.9546666211797253                    0.1                    0.1     0.2555583849006163                     10
                    317     -2.056100150844104     0.6118036856385826                    0.1                    0.1     0.2546054535932656                     10
                    318     -1.438888108406261     0.5926792326958035                    0.1                    0.1     0.3154381901284004                     10
                    319     -1.724701709580491      1.079913161611955                    0.1                    0.1     0.2660668224450636                     10
                    320     -1.926169386560419     0.1453871684560766                    0.1                    0.1     0.4504812836091003                     10
                    321     -2.295826208087072     0.5016954123210027                    0.1                    0.1     0.4317174940761325                     10
                    322     -1.492008663121041      1.067361807996404                    0.1                    0.1     0.2986647005358584                     10
                    323     -1.443327899568043      0.920095785998956                    0.1                    0.1     0.2924469672505521                     10
                    324     -1.527041154175378     0.2642349181228884                    0.1                    0.1     0.3837601856786758                     10
                    325     -1.997032587782012     0.8142135582250513                    0.1                    0.1     0.2450937502843491                     10
                    326     -1.399564491601987     0.6998196990606309                    0.1                    0.1     0.2950068668098678                     10
                    327     -2.296380159421851     0.8848095123583158                    0.1                    0.1     0.3199245024254733                     10
                    328     -2.227391311366915     0.3356953759614484                    0.1                    0.1     0.4835494149467183                     10
                    329     -1.348179303489923     0.7969922359700161                    0.1                    0.1     0.3158986988518445                     10
                    330      -1.84660301702402      1.307198218352144                    0.1                    0.1     0.4270482256013605                     10
                    331     -1.471726574164011     0.1465202636249187                    0.1                    0.1     0.4560511704633483                     10
                    332     -1.553392157233641      1.110172365591421                    0.1                    0.1     0.2903995047663737                     10
                    333     -1.647185798445417      0.425558528865405                    0.1                    0.1     0.2937150846494591                     10
                    334     -2.055083219796606     0.8054417619259022                    0.1                    0.1     0.2402933473086384                     10
                    335     -1.447684882766941     -0.133770325219301                    0.1                    0.1     0.5525459457699824                     10
                    336     -1.783787911724396      1.128606451220107                    0.1                    0.1     0.2734507159050721                     10
                    337     -1.360598573668414     0.4999820531263571                    0.1                    0.1      0.379237032199262                     10
                    338     -2.042222276328727     0.1292492678073774                    0.1                    0.1      0.482362652217713                     10
                    339     -1.737414890479014     0.9284264982083442                    0.1                    0.1     0.2450343508141768                     10
                    340     -1.152843789404536     0.6333827255046514                    0.1                    0.1     0.4141708462374481                     10
                    341     -2.159449069281954     0.9541620976029036                    0.1                    0.1     0.2866082218075955                     10
                    342     -1.744262167660597     0.3026702382684552                    0.1                    0.1      0.317390300041137                     10
                    343     -1.908832218154341     0.7485374050275407                    0.1                    0.1     0.2302911865248723                     10
                    344     -2.033516985374301     0.7047288242240958                    0.1                    0.1     0.2278503938186583                     10
                    345     -1.783791242891223     0.7578003020839262                    0.1                    0.1     0.2349527154056001                     10
                    346     -2.354125072426208     0.7844155962017632                    0.1                    0.1     0.3405397189303635                     10
                    347     -1.294060177082712      1.202585759231846                    0.1                    0.1     0.3951025554532037                     10
                    348    -0.8697322255844039      1.120272991790696                    0.1                    0.1     0.5070824079940243                     10
                    349     -1.130766723151391     0.7327364419079548                    0.1                    0.1     0.3903413110757751                     10
                    350     -1.341776771373457      0.705855608047217                    0.1                    0.1     0.3001844664114033                     10
                    351      -1.24765716819561     0.7012260347675912                    0.1                    0.1     0.3322562635507496                     10
                    352     -1.466176408429771      1.207203421630645                    0.1                    0.1     0.3621260798816108                     10
                    353     -1.188009408965291       1.31379783054527                    0.1                    0.1     0.4778236542910331                     10
                    354    -0.9538185922054585     0.8367894127376615                    0.1                    0.1     0.4636828864556041                     10
                    355     -1.025654742841468      1.098555998919715                    0.1                    0.1     0.4332538497998722                     10
                    356     -2.060959550623302     0.3914152237602612                    0.1                    0.1     0.3381475084712192                     10
                    357     -2.271141342953249      0.792690394037237                    0.1                    0.1     0.2746906320167139                     10
                    358     -1.528830044571746      1.248604215316441                    0.1                    0.1     0.3734750665152826                     10
                    359     -1.132994436313367     0.5221604321055152                    0.1                    0.1     0.4324371634147849                     10
                    360      -1.80595727102075     0.5760934582661152                    0.1                    0.1      0.261500891421498                     10
                    361     -1.370736977054461     0.1103059277012109                    0.1                    0.1     0.4958908782280604                     10
                    362     -1.185564052836536     0.4278275565642973                    0.1                    0.1     0.4244535583385611                     10
                    363     -1.971125174898201     0.5699437105581804                    0.1                    0.1     0.2472324050283524                     10
                    364    -0.7337840930333728      1.063557743574951                    0.1                    0.1     0.5348835283631396                     10
                    365     -1.800244730799626   -0.03611954177700549                    0.1                    0.1     0.5247921373203492                     10
                    366     -1.511172600017542      1.236745940576715                    0.1                    0.1     0.3523056040948463                     10
                    367    -0.7127165649970592     0.6112063514535857                    0.1                    0.1     0.5513249909728887                     10
                    368     -2.419453101293501     0.7224663739360397                    0.1                    0.1     0.3878684466392763                     10
                    369     -0.952747618426631     0.8768077851891477                    0.1                    0.1      0.440160320033371                     10
                    370     -2.365021212821262      1.061497535739829                    0.1                    0.1      0.423647438481241                     10
                    371     -1.168045744475361     0.1139776849786222                    0.1                    0.1     0.5399737563254199                     10
                    372     -2.033145141627387      1.149666844870589                    0.1                    0.1     0.3534719056379153                     10
                    373     -1.767766870528086     0.1850420509871178                    0.1                    0.1     0.3684281259281862                     10
                    374     -1.392628786545863      1.223273533238267                    0.1                    0.1     0.3546852559282946                     10
                    375     -1.263296983802125     0.1177244703433254                    0.1                    0.1     0.4950466187872508                     10
                    376     -2.125636494035529     0.5198004885694041                    0.1                    0.1     0.2945237646494985                     10
                    377     -2.007220386439101     0.3740342451497485                    0.1                    0.1     0.3187901728264076                     10
                    378     -1.205973695813891      1.395228500307141                    0.1                    0.1     0.5007765384231962                     10
                    379      -1.42104040138659   -0.01135126734217155                    0.1                    0.1     0.5020099496333796                     10
                    380     -2.069303203901358      1.278998685383211                    0.1                    0.1     0.4827979785655744                     10
                    381     -1.817646937771498     0.2865750048685168                    0.1                    0.1     0.3078228323431903                     10
                    382     -0.692382627606915     0.9274832010108973                    0.1                    0.1      0.536126833328642                     10
                    383     -1.613538832128464     0.5231062150228484                    0.1                    0.1     0.2747617956160096                     10
                    384     -1.318555272531678      1.337120276793115                    0.1                    0.1     0.4416678956862443                     10
                    385    -0.7706673096431054     0.1263403485812564                    0.1                    0.1     0.5555555555555556                     10
                    386     -2.266745108882063       1.14923370884133                    0.1                    0.1     0.4336114641804987                     10
                    387      -1.11586279310529     0.6458744141357173                    0.1                    0.1     0.3829176589006578                     10
                    388     -2.071002320709845     0.2461349744767035                    0.1                    0.1     0.4193182428650514                     10
                    389     -1.629590206829855      1.345091705071528                    0.1                    0.1     0.4532440302586762                     10
                    390      -1.51860366672716      1.299817929486223                    0.1                    0.1     0.3837461582814355                     10
                    391     -1.506779731782945     0.4450535654446097                    0.1                    0.1     0.2998426200464835                     10
                    392     -2.071909417440654     0.6425035387992432                    0.1                    0.1     0.2302568259378354                     10
                    393     -1.505331647938796      1.360524191215661                    0.1                    0.1     0.4350399133238718                     10
                    394     -2.305846665352575       0.40499465347525                    0.1                    0.1     0.4634662030936635                     10
                    395     -2.164430783098534      1.210052914330228                    0.1                    0.1     0.4464393706189076                     10
                    396     -1.198598275773755    0.06640645546046144                    0.1                    0.1     0.4986655508119552                     10
                    397     -1.770874594305161     0.7819622142160254                    0.1                    0.1     0.2276727036592551                     10
                    398     -2.366832037989908     0.8690068337558357                    0.1                    0.1     0.3443630389380593                     10
                    399     -2.175304647662151      0.889510813311699                    0.1                    0.1     0.2551627145479399                     10
                    400     -1.092695813890719      1.353835661304883                    0.1                    0.1     0.4859970336831564                     10
                    401      -1.50900511958874      0.513441187605798                    0.1                    0.1     0.2787094093598703                     10
                    402     -2.044750825096806     0.9332158153558605                    0.1                    0.1     0.2497475991203401                     10
                    403    -0.9455069914849592      1.021003318276185                    0.1                    0.1     0.4213574179015779                     10
                    404      -2.10245002650754     0.6879862197751734                    0.1                    0.1     0.2240120080588768                     10
                    405     -1.327585069099505     0.6009866111605882                    0.1                    0.1     0.3204608129048544                     10
                    406     -1.905631182346529     0.7164731620955207                    0.1                    0.1     0.2170738644724412                     10
                    407     -1.523078071459076      1.032081017588109                    0.1                    0.1     0.2606954507847324                     10
                    408     -1.591981403302889      0.357090048748064                    0.1                    0.1     0.2927264081370118                     10
                    409     -1.548559082786406      1.211335009183867                    0.1                    0.1     0.2944883014863728                     10
                    410      -1.67790505326342     0.3139589654609502                    0.1                    0.1     0.2955194709865474                     10
                    411     -1.140538892750645     0.9546175625226294                    0.1                    0.1     0.3759378129923134                     10
                    412     -2.062783338867773       1.13489622219339                    0.1                    0.1     0.3251835158840052                     10
                    413     -1.833704814396367      1.108739690389882                    0.1                    0.1     0.2674959656934604                     10
                    414    -0.9493434580158687     0.7635798131588833                    0.1                    0.1     0.4387487982847688                     10
                    415     -1.401602980926225     0.8785616632830382                    0.1                    0.1      0.288416678485621                     10
                    416     -2.096731148555335     0.9383262625149119                    0.1                    0.1     0.2480778025959755                     10
                    417     -1.797992230487645      1.340483103360385                    0.1                    0.1     0.4313825514986629                     10
                    418     -1.922814613625785     0.3530636780034899                    0.1                    0.1     0.2961075935323358                     10
                    419    -0.6772222292273171      1.290625466029621                    0.1                    0.1     0.5479236159722022                     10
                    420     -1.278249643065194     0.8300729708350617                    0.1                    0.1     0.3247450910308702                     10
                    421     -2.323102760732277      0.318239525071487                    0.1                    0.1     0.4974357941221039                     10
                    422      -1.67068033882493      1.021018974865687                    0.1                    0.1     0.2441477023470927                     10
                    423     -2.112330640152093      1.145091712087608                    0.1                    0.1      0.341280734414487                     10
                    424     -2.051411497098153     0.3540671463822315                    0.1                    0.1     0.3198679678820069                     10
                    425    -0.9148981229264027     0.7366323415839804                    0.1                    0.1     0.4477539022499332                     10
                    426     -1.657044372288639    0.04012376659257982                    0.1                    0.1     0.4725041395327872                     10
                    427     -1.369129623993018      1.231052871728863                    0.1                    0.1       0.33472333035901                     10
                    428    -0.7607586330949663     0.9314335342308292                    0.1                    0.1     0.4904484881546658                     10
                    429     -1.007093494350828      1.087463590763577                    0.1                    0.1     0.4006919359228364                     10
                    430      -1.89158688383666      0.497537604410525                    0.1                    0.1     0.2496902024136736                     10
                    431     -1.823908069903177     0.6768342072314434                    0.1                    0.1     0.2269776789340332                     10
                    432     -1.856487052681412     0.8114131891942511                    0.1                    0.1     0.2147999580089297                     10
                    433     -1.839631335033517     0.9106511622614832                    0.1                    0.1     0.2250927107036309                     10
                    434     -1.876864251403795      1.087139625183812                    0.1                    0.1     0.2575747592320938                     10
                    435     -1.697966048958489     0.2527264316825086                    0.1                    0.1     0.3106515821610507                     10
                    436     -1.587685907583247     0.6065251089944519                    0.1                    0.1     0.2466139345804722                     10
                    437     -1.161047978794112      0.983795301588437                    0.1                    0.1     0.3480312513902401                     10
                    438     -1.009736692586306      1.120934460199072                    0.1                    0.1     0.3979687203608424                     10
                    439     -1.787132256357599      1.118414355587236                    0.1                    0.1     0.2470701010176305                     10
                    440     -2.251792774512579      1.155387551526849                    0.1                    0.1     0.3990188190569708                     10
                    441     -1.116876649666487     0.1017975292302307                    0.1                    0.1     0.4980029484707828                     10
                    442     -2.180026139926097       1.09185210229973                    0.1                    0.1     0.3157075106992957                     10
                    443     -1.303347728390835     0.2817120443607983                    0.1                    0.1     0.4223548390675522                     10
                    444     -2.201191687187213     0.9298158160494521                    0.1                    0.1     0.2548855497859242                     10
                    445     -2.207996275667943     0.4874754146359552                    0.1                    0.1     0.3407618942181648                     10
                    446     -1.043867336534917     0.5396895815412565                    0.1                    0.1     0.4369824815742196                     10
                    447       -1.4268998899931      1.145584934297217                    0.1                    0.1      0.287732711842853                     10
                    448     -1.438559600259381      1.170022602033217                    0.1                    0.1     0.2807388185743713                     10
                    449     -1.873790916234439     0.9042784503745842                    0.1                    0.1       0.21943186355796                     10
                    450     -1.673785864825726   0.007592640964117488                    0.1                    0.1     0.4674958931945647                     10
                    451     -1.285621347200361     0.5858897751293047                    0.1                    0.1     0.3276531847087911                     10
                    452     -1.399820817994199     0.1025760441689277                    0.1                    0.1      0.434693035336786                     10
                    453     -1.286990903287416     0.8787864093574227                    0.1                    0.1     0.3131290081225941                     10
                    454     -1.347665833398659     0.8579698498105228                    0.1                    0.1     0.2807517628166645                     10
                    455     -1.796004664747199     0.8320098916961087                    0.1                    0.1     0.2089944518775201                     10
                    456     -1.515741071825675   -0.01807672152201989                    0.1                    0.1     0.4702911686355298                     10
                    457     -1.446199267161969      0.434812297199471                    0.1                    0.1     0.3134766007769177                     10
                    458     -1.583307900512976     0.3873739755070679                    0.1                    0.1     0.2651723158296893                     10
                    459     -1.954230365982872      1.055839500195259                    0.1                    0.1     0.2431971192328766                     10
                    460     -1.783081460266244     0.6795467251296819                    0.1                    0.1     0.2244414872155785                     10
                    461     -2.311884014952019     0.9226187563932685                    0.1                    0.1     0.2940637742752626                     10
                    462     -2.357141257493055     0.7975593388762982                    0.1                    0.1     0.3036441145190699                     10
                    463     -1.820230218426753     0.2478197954294737                    0.1                    0.1     0.3030995560819215                     10
                    464     -1.735134950270007     0.6753909592991995                    0.1                    0.1     0.2288326434775044                     10
                    465     -1.798612139408204      1.154527787650975                    0.1                    0.1     0.2552632073953239                     10
                    466     -1.937856235581893     0.2296943864131994                    0.1                    0.1     0.3424116462966031                     10
                    467     -1.532513259109891     0.2358432236941954                    0.1                    0.1     0.3474391753570565                     10
                    468     -1.204858629679992     0.5468244013397081                    0.1                    0.1     0.3523534992647172                     10
                    469     -1.855571629790554     0.5044882749342369                    0.1                    0.1     0.2407880267281966                     10
                    470     -2.398957847788286     0.8292810296847063                    0.1                    0.1      0.337855260111155                     10
                    471     -1.714800680280399     0.5241938277293225                    0.1                    0.1     0.2507412637038592                     10
                    472     -1.678031545010954     0.6071181940746477                    0.1                    0.1     0.2375252512702185                     10
                    473      -1.68144947004116     0.9742008925069694                    0.1                    0.1     0.2314986721168668                     10
                    474     -1.813144453682402     0.6693903958084719                    0.1                    0.1     0.2091072727400329                     10
                    475     -1.712609322629495     0.9383885089805059                    0.1                    0.1     0.2203733480554348                     10
                    476     -1.171060967858642     0.3066576290425493                    0.1                    0.1     0.4393026121889254                     10
                    477     -1.650154970952404     0.5636862508304918                    0.1                    0.1     0.2362634865248734                     10
                    478      -2.53556113597975     0.9491580808937736                    0.1                    0.1     0.5082319962145946                     10
                    479     -1.686756665440525    0.01021680298012994                    0.1                    0.1     0.4371562904520786                     10
                    480     -1.392351646190966     0.3787032917435155                    0.1                    0.1     0.3492446889783545                     10
                    481     -1.444179717994251     0.6903614734818491                    0.1                    0.1     0.2486164205730579                     10
                    482     -1.876771778633613     0.5791899774275715                    0.1                    0.1     0.2194605013786082                     10
                    483     -1.660702288176089     0.7459647137321912                    0.1                    0.1     0.2164006702318083                     10
                    484     -1.089450126889337      1.183494052873028                    0.1                    0.1      0.399542908823873                     10
                    485      -2.16129348577033     0.9845327295439044                    0.1                    0.1     0.2524584351941384                     10
                    486     -1.934185611062299     0.7075249878964253                    0.1                    0.1     0.1983452734582268                     10
                    487     -1.658427526861171     0.6720507282873351                    0.1                    0.1       0.21507431329704                     10
                    488    -0.7738374207031268      1.258725392662806                    0.1                    0.1     0.5060821673779774                     10
                    489    -0.3926239267002694      1.405527516480915                    0.1                    0.1      0.555280893274251                     10
                    490     -1.810471788498212     -0.150143572929985                    0.1                    0.1      0.530249486900483                     10
                    491     -1.732419677511939      1.074834128969757                    0.1                    0.1     0.2216103788060381                     10
                    492     -1.355006410976817     0.1859295146095767                    0.1                    0.1     0.4016634020247849                     10
                    493     -1.113416216527987     0.9447907991595955                    0.1                    0.1      0.346966700221969                     10
                    494     -1.643780367427695     0.9518493917416245                    0.1                    0.1     0.2237690975927442                     10
                    495     -1.539853003717597     0.7979991234708784                    0.1                    0.1     0.2386008246586204                     10
                    496     -1.563330370364953     0.8346130336554576                    0.1                    0.1     0.2310144447462379                     10
                    497     -1.424086541529367      1.085018784952039                    0.1                    0.1     0.2660310838655955                     10
                    498     -1.260760676529079      1.231157184782576                    0.1                    0.1     0.3554768517953342                     10
                    499     -1.117466445066764     0.6887965821537843                    0.1                    0.1     0.3422558767504693                     10
                    500     -2.378473431663246     0.4432557405778656                    0.1                    0.1     0.4626973770025373                     10
