#! FIELDS time p.x p.y sigma_p.x sigma_p.y height biasf
#! SET multivariate false
#! SET kerneltype gaussian
                      1    -0.5021047067923524      1.491388308311005                    0.1                    0.1     0.5555555555555556                     10
                      2     -1.665211583629028      1.145997402324507                    0.1                    0.1     0.5555555555555556                     10
                      3     -1.964807285946108      0.810731216499356                    0.1                    0.1     0.5555555555555556                     10
                      4     -1.728034932526342     0.7903548989182979                    0.1                    0.1     0.5537038825698491                     10
                      5     -1.737243509728118     0.9927072597390354                    0.1                    0.1     0.5439006094658801                     10
                      6     -1.544113591957115     0.7723670946478552                    0.1                    0.1     0.5495837197215679                     10
                      7     -2.140496320059999     0.9058545559235869                    0.1                    0.1     0.5513670939814974                     10
                      8     -1.976459934274416      0.957202654714703                    0.1                    0.1     0.5363948567362821                     10
                      9     -1.659996486550777     0.8747557475955521                    0.1                    0.1     0.5181150792001943                     10
                     10     -2.048073072658536     0.8235438723019503                    0.1                    0.1     0.5117387435806049                     10
                     11     -2.168297440800528      0.526115063501594                    0.1                    0.1     0.5553377648798415                     10
                     12     -1.499382263085033     0.5260564469034892                    0.1                    0.1     0.5542055921143622                     10
                     13     -1.651390321643686     0.5783753777371105                    0.1                    0.1     0.5418440969255898                     10
                     14     -1.753806865820522     0.5398227963923933                    0.1                    0.1     0.5364389976944175                     10
                     15     -1.895086534204465     0.7092301474674005                    0.1                    0.1     0.5264922624551716                     10
                     16      -1.92765471373168       0.86032505492637                    0.1                    0.1     0.4872302804948926                     10
                     17     -1.824095478485521      0.998690557320955                    0.1                    0.1     0.5104786863988958                     10
                     18     -2.138077890184622     0.6768838635310589                    0.1                    0.1     0.5328541583344878                     10
                     19     -1.641559530546546     0.9650545741302206                    0.1                    0.1     0.5021102691164623                     10
                     20     -1.633117395214627     0.6927122837305757                    0.1                    0.1     0.5009017285893604                     10
                     21     -1.488850395842626     0.8015350339194001                    0.1                    0.1     0.5157088558182655                     10
                     22      -1.95365694649331      0.472031878706625                    0.1                    0.1     0.5473018545996746                     10
                     23     -1.257741415185233     0.7253495581849395                    0.1                    0.1     0.5533905202928051                     10
                     24     -1.635930702732568     0.7482758682165037                    0.1                    0.1     0.4659483163081128                     10
                     25     -2.243108037178107     0.9416660730019399                    0.1                    0.1     0.5350535309988085                     10
                     26     -1.932487391320407     0.9863840325382932                    0.1                    0.1     0.4867239954540444                     10
                     27     -1.554893943438445     0.2691823717010067                    0.1                    0.1     0.5543155275467747                     10
                     28     -1.500172478015874      0.592751461020255                    0.1                    0.1     0.5028304651310457                     10
                     29     -2.153384828883306      1.125284521212977                    0.1                    0.1     0.5465276126199058                     10
                     30     -1.773761809765056     0.8205216577708322                    0.1                    0.1     0.4676277604581789                     10
                     31     -1.758767421049337     0.4263764869965322                    0.1                    0.1     0.5284352983473505                     10
                     32     -2.126897468069324     0.5263475384467066                    0.1                    0.1     0.5127797879143858                     10
                     33     -1.683677604483539     0.8598622928119011                    0.1                    0.1     0.4392984806679051                     10
                     34     -1.622666327509263     0.4469442360281456                    0.1                    0.1     0.5042017937924639                     10
                     35     -1.679500291191043      1.080102083885394                    0.1                    0.1     0.4892413397661351                     10
                     36     -2.307918322945602      0.723227727695214                    0.1                    0.1       0.54265749089366                     10
                     37      -2.30439437348012     0.7246760983580829                    0.1                    0.1     0.5132757228072342                     10
                     38     -2.007824715250825       1.01392496269021                    0.1                    0.1     0.4823642791261235                     10
                     39     -1.916435543473049      1.050001506428899                    0.1                    0.1     0.4727544117579677                     10
                     40     -1.778504423390661     0.3277284193556823                    0.1                    0.1     0.5263356252207273                     10
                     41     -1.296874981402191      0.785483372265591                    0.1                    0.1     0.5258153079594251                     10
                     42     -1.680221223070634     0.5093366080399718                    0.1                    0.1     0.4625875721162964                     10
                     43     -1.970249108844906     0.4250955877664752                    0.1                    0.1     0.5140708517029831                     10
                     44     -1.523643286579831     0.7714898274909885                    0.1                    0.1     0.4544993670046031                     10
                     45     -2.033203340446246     0.8792385858308233                    0.1                    0.1     0.4408836368961483                     10
                     46     -1.626031826045484      1.048937038841924                    0.1                    0.1     0.4722545878766164                     10
                     47     -1.783415381649863     0.6419979512407611                    0.1                    0.1     0.4756972466740846                     10
                     48     -2.025457555393063     0.5778717209138108                    0.1                    0.1     0.4923556585394624                     10
                     49     -2.040454169752141     0.5948929660613855                    0.1                    0.1     0.4689127976093475                     10
                     50     -1.381749076721999      0.834218034533541                    0.1                    0.1     0.4994209655479774                     10
                     51      -1.80504698836221     0.5637899039958032                    0.1                    0.1      0.458222325204595                     10
                     52     -1.878049768124657     0.6508983711678046                    0.1                    0.1     0.4569357051676695                     10
                     53     -1.985862108338567     0.7126315508531705                    0.1                    0.1     0.4455746295406942                     10
                     54     -2.107386617926714     0.8512709669549317                    0.1                    0.1     0.4458474089122086                     10
                     55     -1.840337121921984      0.914140510129469                    0.1                    0.1     0.4269962792669104                     10
                     56     -2.145233504562146     0.7336812980741353                    0.1                    0.1     0.4556628232663564                     10
                     57     -1.696688655126594     0.5186137573095243                    0.1                    0.1     0.4236951466957927                     10
                     58     -1.504948706368828     0.3961783204432127                    0.1                    0.1     0.5069702320398967                     10
                     59     -1.933707082886067     0.6813614299854078                    0.1                    0.1     0.4221659709947349                     10
                     60     -2.030482090100999      1.209153326163338                    0.1                    0.1     0.5348693525943455                     10
                     61     -1.802845942773426     0.8687687349488374                    0.1                    0.1     0.4106993226395606                     10
                     62     -1.724000691611249     0.7209826336058781                    0.1                    0.1     0.4089793286996327                     10
                     63     -1.952154133860189     0.7882429603127166                    0.1                    0.1     0.3909995300064327                     10
                     64     -1.451432710723802      1.108296999026035                    0.1                    0.1     0.5429718010434297                     10
                     65     -2.221206114726695     0.6882413118372589                    0.1                    0.1     0.4580892948422338                     10
                     66     -1.170848149279808      1.072267674375186                    0.1                    0.1     0.5545886203309152                     10
                     67     -1.892829581976363      1.025372218044549                    0.1                    0.1     0.4227726662729466                     10
                     68     -1.813547637966887     0.6068011244792041                    0.1                    0.1     0.4043037812616714                     10
                     69     -2.096554916353265     0.9194228466400662                    0.1                    0.1     0.4185719630422913                     10
                     70     -1.530719655847549      1.023271511843402                    0.1                    0.1      0.485141155089917                     10
                     71      -1.77232132594479     0.6773151162126716                    0.1                    0.1     0.3849417632321666                     10
                     72     -2.032102904429382      1.061353543039977                    0.1                    0.1     0.4440378553878463                     10
                     73     -1.764766024466128     0.6612370852205866                    0.1                    0.1     0.3704187471372313                     10
                     74      -1.79959894175911     0.4526342290447644                    0.1                    0.1      0.430192810079085                     10
                     75     -1.733269448935996     0.9853254128116563                    0.1                    0.1     0.4027562875662911                     10
                     76     -1.948718360930707     0.7848157176615801                    0.1                    0.1     0.3686326877448645                     10
                     77     -1.724528974031273     0.4681493524748337                    0.1                    0.1     0.3963272666358095                     10
                     78     -1.521453055901537      1.185884074480188                    0.1                    0.1     0.5102057021701653                     10
                     79     -1.569793252686875      0.651581615636693                    0.1                    0.1     0.4199473052631701                     10
                     80     -1.323590986572538     0.9257690020675201                    0.1                    0.1     0.5142732631960604                     10
                     81     -2.066657728229083     0.6201943585622128                    0.1                    0.1     0.4112880666212373                     10
                     82     -1.426250067769868     0.5912481497732522                    0.1                    0.1     0.4865319210601919                     10
                     83     -2.084581426486767      1.057343069931376                    0.1                    0.1     0.4412189101914767                     10
                     84     -1.060752970770312     0.9043366134417864                    0.1                    0.1     0.5486929010404126                     10
                     85     -1.115900165063118       0.88906824935552                    0.1                    0.1     0.5160615642000609                     10
                     86     -1.690414595196884      1.037682577684379                    0.1                    0.1     0.4043987559501876                     10
                     87     -1.739156771906215     0.0665740629943503                    0.1                    0.1      0.553921511745163                     10
                     88     -1.129781464268062     0.4993244266302249                    0.1                    0.1      0.554160875792451                     10
                     89     -2.333396671357216     0.8103540191079868                    0.1                    0.1     0.4937941054557153                     10
                     90     -1.980799242443875     0.3408705126182016                    0.1                    0.1     0.5101153470012221                     10
                     91     -1.563705685375274     0.7463659666051309                    0.1                    0.1     0.3952804820315771                     10
                     92     -1.774341998474285     0.5469361751888534                    0.1                    0.1     0.3573095025273891                     10
                     93       -1.3511443312192     0.6740382985719137                    0.1                    0.1     0.4797857791644081                     10
                     94     -2.241248833624847     0.7098876506522093                    0.1                    0.1     0.4299619509414648                     10
                     95     -1.277489509169538      1.056104811553664                    0.1                    0.1      0.516013808623855                     10
                     96     -2.367879329528285      0.576349674480728                    0.1                    0.1     0.5221116889265628                     10
                     97     -1.272431946389597     0.8512328534067413                    0.1                    0.1     0.4678509335538731                     10
                     98     -1.547554795411828      1.181913357595606                    0.1                    0.1     0.4762648381252145                     10
                     99     -2.304500680820244     0.9247516215353984                    0.1                    0.1     0.4917750907270059                     10
                    100     -1.112310095369295     0.7675987593870339                    0.1                    0.1     0.5095265974077867                     10
                    101     -2.062732321683554     0.3968537275800759                    0.1                    0.1     0.4817326301701909                     10
                    102     -1.553968965973838      1.023942651762767                    0.1                    0.1     0.4281711110386255                     10
                    103     -1.862872078612385     0.4814280064610183                    0.1                    0.1     0.3981484200898544                     10
                    104     -1.452564861438946     0.9194964233562064                    0.1                    0.1     0.4549736960618142                     10
                    105     -2.033176752670859     0.5444225910802587                    0.1                    0.1     0.4008449132543896                     10
                    106     -1.471138494512021     0.9201643238390577                    0.1                    0.1     0.4312142292649495                     10
                    107     -2.173464945321925     0.7502110361501447                    0.1                    0.1     0.3962320487557057                     10
                    108     -1.062109913480191     0.9989379694300281                    0.1                    0.1     0.5056485191141439                     10
                    109     -2.050778382327104     0.4535963154892904                    0.1                    0.1     0.4193686622978641                     10
                    110      -1.39052150117487      1.041569188503486                    0.1                    0.1     0.4616030974391499                     10
                    111     -1.804032313861301     0.8181615756299261                    0.1                    0.1     0.3644357335670381                     10
                    112     -1.513502817445605      0.783215461451812                    0.1                    0.1     0.3862239424904332                     10
                    113      -1.27514594840205     0.9216737581793427                    0.1                    0.1     0.4431576796298327                     10
                    114     -1.969424788157574     0.1929570209787677                    0.1                    0.1     0.5376004433198127                     10
                    115     -1.374978171578993      1.045882534835479                    0.1                    0.1     0.4404560579357404                     10
                    116      -1.64698327958107     0.8858836922510864                    0.1                    0.1     0.3666580349913445                     10
                    117      -1.49377209505906      1.056455543436407                    0.1                    0.1     0.4008967314886282                     10
                    118     -1.827430844763928     0.3868815298421123                    0.1                    0.1     0.4218074930438608                     10
                    119     -2.184161127254039      1.107988859651008                    0.1                    0.1     0.4836041797846466                     10
                    120     -1.254106315470434     0.5041703035173913                    0.1                    0.1     0.5272150984396548                     10
                    121     -2.104790352349763     0.5161939665552486                    0.1                    0.1     0.3971103089350067                     10
                    122     -1.466311371917262     0.7617028713451698                    0.1                    0.1     0.3857711393245795                     10
                    123     -1.888803325100901     0.8825869197105684                    0.1                    0.1     0.3520062881012901                     10
                    124     -2.053766178031798     0.4512334711038535                    0.1                    0.1     0.3911262457426379                     10
                    125     -1.705563980236535      1.214814397270333                    0.1                    0.1     0.4926982940133653                     10
                    126     -1.600065594791602     0.9569140899024501                    0.1                    0.1     0.3621100754130275                     10
                    127     -1.907651007805502     0.7432647929827677                    0.1                    0.1     0.3432857623298547                     10
                    128     -2.179588977283331     0.8459053148161386                    0.1                    0.1     0.3963507874563199                     10
                    129     -1.404401551250902     0.4975550382533823                    0.1                    0.1     0.4787898451216246                     10
                    130     -2.120701009766277     0.7261493178048016                    0.1                    0.1     0.3637658727220767                     10
                    131     -1.376110069316708     0.6850218439622799                    0.1                    0.1     0.4241186205106867                     10
                    132     -1.358634762567426     0.4049473665085049                    0.1                    0.1     0.5056068111925901                     10
                    133     -1.507332557433406     0.8931735041505935                    0.1                    0.1     0.3642208686773106                     10
                    134     -1.271611616427424     0.5802506022354236                    0.1                    0.1     0.4696955423430843                     10
                    135     -2.030578733821621     0.9517075055613049                    0.1                    0.1     0.3577084718596908                     10
                    136     -1.320334475208433     0.3554775836373122                    0.1                    0.1     0.5071117881447968                     10
                    137     -2.159833541263374     0.9609115305510831                    0.1                    0.1     0.3978865289410824                     10
                    138     -1.629779598095209     0.4926651045167912                    0.1                    0.1     0.3868071492908493                     10
                    139     -2.057672914842164     0.8187580483943436                    0.1                    0.1     0.3329365577130394                     10
                    140     -1.744739264280996     0.5899810777088326                    0.1                    0.1     0.3267733568806587                     10
                    141     -1.873102318832291     0.4343380528213056                    0.1                    0.1     0.3798900882016572                     10
                    142     -1.590985325046634     0.4733994941372056                    0.1                    0.1     0.3934033078114511                     10
                    143     -1.784456259161185      1.260712184407499                    0.1                    0.1     0.5178042702408394                     10
                    144     -1.677956553079533      1.040552809705347                    0.1                    0.1     0.3572577848150086                     10
                    145     -1.493683697450137       1.08508897893035                    0.1                    0.1     0.3835070884449003                     10
                    146      -1.93102401311004      1.078667226780798                    0.1                    0.1       0.40730270093483                     10
                    147     -1.815434928536509     0.9273043132334655                    0.1                    0.1     0.3394190025538458                     10
                    148      -1.81059208162034     0.8237717068929813                    0.1                    0.1     0.3264532433918377                     10
                    149      -1.38213867968063     0.6129739427861208                    0.1                    0.1     0.4102819879755776                     10
                    150     -2.231814495189181     0.9721269401699009                    0.1                    0.1      0.423662472472513                     10
                    151      -1.87559733272482      0.754157537524083                    0.1                    0.1     0.3180361438440931                     10
                    152     -1.906897926885065     0.8679044639961684                    0.1                    0.1     0.3060854688612594                     10
                    153     -1.574938158827883     0.8179455543570825                    0.1                    0.1     0.3336597520897511                     10
                    154     -1.642056909009218     0.7042363090359249                    0.1                    0.1     0.3330567601173422                     10
                    155     -1.705138329368528    0.01908919533893257                    0.1                    0.1     0.5293582624088168                     10
                    156     -1.894552266551443     0.9874216831508705                    0.1                    0.1     0.3302536400007127                     10
                    157     -1.739955125660323     0.7311144667040302                    0.1                    0.1      0.311716974818847                     10
                    158     -2.002295186373101     0.6090446481652089                    0.1                    0.1     0.3461931999779476                     10
                    159     -1.014414511803755      1.148632767521798                    0.1                    0.1     0.5382210549369905                     10
                    160     -1.832942950260005      0.238960850446841                    0.1                    0.1     0.4952067937583384                     10
                    161     -2.123133301257085      1.159971793302382                    0.1                    0.1     0.4545358068610134                     10
                    162     -1.798476419153266     0.3028326843457059                    0.1                    0.1     0.4398887131612538                     10
                    163     -2.165139153910282     0.7748408952860372                    0.1                    0.1     0.3459306098828381                     10
                    164     -1.711616189443352     0.2948166027583702                    0.1                    0.1     0.4508678881278307                     10
                    165     -2.106431106048502     0.6423107722223779                    0.1                    0.1     0.3413215062181612                     10
                    166     -1.969980780600479       1.22249472220215                    0.1                    0.1     0.4861214979793312                     10
                    167     -2.218025311725188     0.8960531705101784                    0.1                    0.1     0.3718426241597939                     10
                    168     -1.977266861876324     0.4595186840778213                    0.1                    0.1     0.3558736692354261                     10
                    169     -1.078963812818476     0.6432397969143164                    0.1                    0.1     0.5195492393621171                     10
                    170     -1.530342003080897      1.250666976894047                    0.1                    0.1     0.4757013229422287                     10
                    171     -1.532234944287012     0.9415551475408641                    0.1                    0.1     0.3386497905433967                     10
                    172     -2.353766834838408     0.8249673132619287                    0.1                    0.1     0.4442461736373399                     10
                    173     -1.060045845649572      1.052060905444107                    0.1                    0.1     0.4812418866514259                     10
                    174     -2.274894708620207       1.00024943792423                    0.1                    0.1     0.4309257568021937                     10
                    175      -1.67114843709234     0.4418132892904265                    0.1                    0.1     0.3553217764187231                     10
                    176     -1.537616975918241     0.4778277655037116                    0.1                    0.1      0.387846684593725                     10
                    177      -1.37722896731381      1.067871349761121                    0.1                    0.1     0.4064892567506923                     10
                    178     -1.762131870795106      0.814403559616897                    0.1                    0.1     0.2999579931985191                     10
                    179     -1.840620676913094     0.9944839845608079                    0.1                    0.1     0.3262900570349369                     10
                    180      -1.90189045904626     0.7001423402992114                    0.1                    0.1     0.3053699957088568                     10
                    181     -2.240210352382378     0.6809986393048901                    0.1                    0.1     0.3696716165225396                     10
                    182     -1.280729509927082      0.840024922788246                    0.1                    0.1     0.4057645142637706                     10
                    183     -2.212411951262254     0.6278275005391674                    0.1                    0.1     0.3683651450650472                     10
                    184     -1.648502839735162     0.9147684466623359                    0.1                    0.1     0.3086080522667659                     10
                    185      -1.76234775038377      1.109641475197838                    0.1                    0.1     0.3906844052014441                     10
                    186     -1.627496500145431      1.278256317564136                    0.1                    0.1     0.4715880112593813                     10
                    187     -1.338861732562358     0.9181357353531165                    0.1                    0.1     0.3774291600886029                     10
                    188     -2.178276231035435     0.5167265942704954                    0.1                    0.1     0.3960659128831017                     10
                    189     -1.315101649120332     0.9923934294399984                    0.1                    0.1     0.3850115123350205                     10
                    190     -1.693167137924867      0.145309786024573                    0.1                    0.1     0.4947255254762281                     10
                    191      -1.12616850535802     0.3889923825509667                    0.1                    0.1     0.5242160503650835                     10
                    192      -2.06941517102651      1.147052408549805                    0.1                    0.1     0.4099759411442607                     10
                    193     -1.558344248873022     0.2634611857149076                    0.1                    0.1     0.4822595793609301                     10
                    194     -1.457233134660106     0.5263990616592852                    0.1                    0.1     0.3862847659727857                     10
                    195     -1.807841705085971     0.8806490872663357                    0.1                    0.1      0.284101679126991                     10
                    196     -1.893667439890028     0.6796043569087143                    0.1                    0.1     0.2993871803108753                     10
                    197     -1.492873984165525     0.3255297023044523                    0.1                    0.1     0.4507122306205527                     10
                    198     -1.722211413480238      1.043995360799224                    0.1                    0.1     0.3238977744892762                     10
                    199     -2.037595166895279     0.6882607276041854                    0.1                    0.1      0.304925521049285                     10
                    200      -1.96416623258314      0.729106643815979                    0.1                    0.1     0.2836567565116241                     10
                    201     -1.853633724372946     0.6920976829902243                    0.1                    0.1     0.2789218587049879                     10
                    202     -1.999520017217441      1.119401603179686                    0.1                    0.1     0.3786504811161899                     10
                    203     -1.709266999076638     0.7422988846217738                    0.1                    0.1     0.2884050104454483                     10
                    204     -1.934737416525593      1.116858028266289                    0.1                    0.1     0.3735170048645387                     10
                    205     -1.288290811723573     0.5299921960979596                    0.1                    0.1     0.4289016102902208                     10
                    206      -2.20653827350462     0.3235995332946273                    0.1                    0.1     0.5248751078798374                     10
                    207    -0.7794216777335662      1.129297442400006                    0.1                    0.1     0.5530922527819411                     10
                    208     -2.102934072134754     0.8228824440109214                    0.1                    0.1     0.3003500561165914                     10
                    209     -1.696158309771153     0.8807230773599257                    0.1                    0.1     0.2818626759733073                     10
                    210     -2.053104183019136     0.7478709636260087                    0.1                    0.1     0.2819693887141885                     10
                    211     -1.614007351546568     0.6581697294167667                    0.1                    0.1     0.3197382524181446                     10
                    212      -1.92993638739909     0.5265442541125698                    0.1                    0.1      0.324138194670716                     10
                    213     -2.078049577591421     0.7899252314872832                    0.1                    0.1      0.278064509462048                     10
                    214     -1.385722534248464     0.5653747034338964                    0.1                    0.1     0.3757447868876113                     10
                    215     -1.730340125006062      1.240470048027461                    0.1                    0.1      0.440640034977378                     10
                    216     -1.783455887714677     0.3800567690846243                    0.1                    0.1      0.354102519512706                     10
                    217     -1.692289567510626     0.6458576046938088                    0.1                    0.1      0.289013908865692                     10
                    218     -1.957586048763292     0.9400981343825372                    0.1                    0.1     0.2834611553769855                     10
                    219     -1.615116864147104     0.1280360075558068                    0.1                    0.1      0.488376184815021                     10
                    220     -1.159937632939152      1.156890286839062                    0.1                    0.1      0.495122853118634                     10
                    221     -1.468290214759682     0.8914814479537658                    0.1                    0.1      0.327215914341546                     10
                    222     -2.116144797937725      1.019754419156813                    0.1                    0.1     0.3412765605209498                     10
                    223     -1.172897050219867     0.6680780973409882                    0.1                    0.1     0.4551053012697663                     10
                    224     -1.818215062520746      0.444209529805532                    0.1                    0.1     0.3168825777412251                     10
                    225     -2.044522212969175     0.9020633958239436                    0.1                    0.1     0.2784892757901255                     10
                    226     -2.159728700850759     0.7219867916343372                    0.1                    0.1     0.2897838317271224                     10
                    227     -1.804169121427135     0.6454410812753231                    0.1                    0.1     0.2694689497441226                     10
                    228     -2.209495548374714     0.5957646755109872                    0.1                    0.1     0.3523883502637751                     10
                    229     -2.086536027589616      1.073261451646538                    0.1                    0.1     0.3361646300819415                     10
                    230     -1.491138588720814     0.6586449564870016                    0.1                    0.1     0.3385272472026679                     10
                    231         -1.62151998695     0.5290702887902689                    0.1                    0.1     0.3107120612584992                     10
                    232     -1.994584437444098     0.6591583054828278                    0.1                    0.1     0.2727184578127664                     10
                    233     -1.917108186712452     0.6703990859831199                    0.1                    0.1     0.2602221318709239                     10
                    234     -1.173189370905037      1.237117676371005                    0.1                    0.1     0.5144715659935345                     10
                    235     -1.460430502119927     0.3507124544089136                    0.1                    0.1     0.4256870518415779                     10
                    236     -1.981288251338364     0.9622847898430729                    0.1                    0.1     0.2726236362463607                     10
                    237     -1.148456474817461     0.9146657793944669                    0.1                    0.1     0.4264639940871379                     10
                    238     -2.278547491731095     0.4742350004607241                    0.1                    0.1     0.4704616758088191                     10
                    239     -1.576769137599103     0.3724205941744453                    0.1                    0.1     0.3763659362097304                     10
                    240     -1.618944649433496      0.369565829677695                    0.1                    0.1      0.358997509139016                     10
                    241     -1.431836499418753     0.2705632976314358                    0.1                    0.1     0.4571094595061875                     10
                    242     -1.538246272927208     0.4062483634338596                    0.1                    0.1     0.3417748204575676                     10
                    243     -1.285321174958949      1.262537517164352                    0.1                    0.1     0.5159882031121785                     10
                    244     -1.994911647649207     0.4821244111294077                    0.1                    0.1     0.3149506276519314                     10
                    245     -1.825162431947454     0.2073687165595232                    0.1                    0.1     0.4478120389664693                     10
                    246     -2.038582755025077     0.1853971888589419                    0.1                    0.1     0.5101678073761949                     10
                    247     -1.417623212680861     0.7302119363975883                    0.1                    0.1     0.3423624161981416                     10
                    248     -1.447911429283495      1.261966606965471                    0.1                    0.1     0.4724637997101985                     10
                    249     -1.765462401238832     0.4942197415379981                    0.1                    0.1      0.277626306416943                     10
                    250     -1.651716845295429      1.378908130931006                    0.1                    0.1     0.5087560749879121                     10
                    251     -1.440840556017651   -0.03484800336726679                    0.1                    0.1     0.5522068242483403                     10
                    252      -1.16987988877756      1.279791070991855                    0.1                    0.1     0.4941397344729489                     10
                    253     -1.520782134034888     0.4958352016595413                    0.1                    0.1     0.3192184198539413                     10
                    254     -1.819762003898825     0.6759925278272444                    0.1                    0.1      0.250605677413694                     10
                    255     -1.229486270789132     0.8047539314852719                    0.1                    0.1     0.3893783249858586                     10
                    256     -1.511346396575943      1.086448463983399                    0.1                    0.1     0.3388426645199446                     10
                    257     -2.159806652356941     0.5246974531658518                    0.1                    0.1     0.3369527789096715                     10
                    258     -2.413949892271894     0.9089059545336007                    0.1                    0.1     0.4871585724290491                     10
                    259      -1.55945554353153     0.9760759815342149                    0.1                    0.1     0.2989760277200605                     10
                    260     -2.017882444156822     0.8098235522181837                    0.1                    0.1       0.24792907398986                     10
                    261     -1.870158673451554     0.6709758740747218                    0.1                    0.1     0.2445283394931199                     10
                    262     -2.144007584520158     0.4054577425594194                    0.1                    0.1      0.401380111051819                     10
                    263     -1.662960503142553     0.5609438838740896                    0.1                    0.1     0.2718790222546562                     10
                    264     -1.423128748654181      0.833180044016583                    0.1                    0.1     0.3192029598653298                     10
                    265     -1.419798339691785      1.355703755492902                    0.1                    0.1     0.5094742086393078                     10
                    266     -2.064262528687142     0.4134195901066945                    0.1                    0.1     0.3461432591139977                     10
                    267     -1.520811178321145     0.1746058064823373                    0.1                    0.1     0.4646506021897446                     10
                    268     -2.446201630817751     0.6925479984236166                    0.1                    0.1     0.4973773072181089                     10
                    269     -1.391431292178964     0.2105929548444878                    0.1                    0.1     0.4817638439030397                     10
                    270     -1.920809135711429     0.2726283399840742                    0.1                    0.1     0.4151826307883916                     10
                    271     -2.170679504329548      1.017385287763335                    0.1                    0.1     0.3399606065717503                     10
                    272     -1.769511536427964     0.7007380025897949                    0.1                    0.1     0.2430329534803872                     10
                    273     -1.985963644502166      1.207862512000199                    0.1                    0.1     0.4127293291366334                     10
                    274     -1.735133950634855      1.030872679039456                    0.1                    0.1     0.3001250659342914                     10
                    275      -2.19776887055991     0.6617794456477532                    0.1                    0.1     0.2949610432899168                     10
                    276     -2.202344880551251      1.173767998831011                    0.1                    0.1      0.442330300752137                     10
                    277     -1.162520248911797     0.3243870349521271                    0.1                    0.1     0.5099477622581546                     10
                    278     -1.938006756512606     0.9734492628856809                    0.1                    0.1     0.2639826357827217                     10
                    279     -1.041462237690637     0.6383603182000502                    0.1                    0.1     0.4939599282924816                     10
                    280     -2.169817548333592     0.9021962885267861                    0.1                    0.1     0.2946868146211689                     10
                    281     -2.316704627354433     0.8352797545616845                    0.1                    0.1     0.3683859767142635                     10
                    282     -2.316243791550912     0.7303731503089467                    0.1                    0.1     0.3509221199307432                     10
                    283     -1.752176189583136     0.4241951740072774                    0.1                    0.1     0.2890137946495155                     10
                    284     -1.311120558089305     0.4803177303652488                    0.1                    0.1     0.3959202971827346                     10
                    285     -1.107979848937123      1.102234792889723                    0.1                    0.1      0.434496320193822                     10
                    286     -1.802347949062603     0.7922208703056763                    0.1                    0.1     0.2412991447209986                     10
                    287     -1.779442860050783     0.1103834070086064                    0.1                    0.1     0.4550669977278746                     10
                    288     -1.675834645099973     0.3652629851242451                    0.1                    0.1     0.3231160246874243                     10
                    289     -1.999760872191617     0.7188395057943695                    0.1                    0.1     0.2381265117165303                     10
                    290     -1.119906908995455     0.8397278209645395                    0.1                    0.1     0.4169078654327815                     10
                    291     -1.479856629139375      1.233161286931474                    0.1                    0.1     0.4065750570890078                     10
                    292     -1.686384063589611     0.6306069833460357                    0.1                    0.1     0.2549751535756918                     10
                    293      -1.60470130541885     0.6585871922347863                    0.1                    0.1     0.2776120194609977                     10
                    294     -1.048791340732377     0.9395490782383115                    0.1                    0.1     0.4293192647150293                     10
                    295     -1.011619045045695     0.8862300426451742                    0.1                    0.1     0.4451810433228167                     10
                    296     -1.834311236727533     0.3387050833736291                    0.1                    0.1     0.3342322581861742                     10
                    297     -1.883194912609983      1.131923387091996                    0.1                    0.1     0.3634704879292943                     10
                    298     -1.892207888882977      1.132490691255946                    0.1                    0.1     0.3486337660311734                     10
                    299     -1.822079706757315     0.8844747651598646                    0.1                    0.1     0.2471645060345128                     10
                    300     -1.434924456529441      1.149424411539808                    0.1                    0.1     0.3677596167306588                     10
                    301     -2.128465185436597     0.4133625287316188                    0.1                    0.1     0.3596689055500868                     10
                    302     -1.946123742523442      1.057788398658818                    0.1                    0.1     0.2781489150178071                     10
                    303     -2.289992767872636      0.876263215838875                    0.1                    0.1       0.34009967606539                     10
                    304     -1.217085546106798     0.3009542868249934                    0.1                    0.1      0.482950629384315                     10
                    305     -2.308542674244037     0.4446020362388224                    0.1                    0.1      0.467558612601947                     10
                    306     -1.380402076884557       1.24619816311172                    0.1                    0.1     0.4285357819762189                     10
                    307      -2.36725570968239     0.6250908939816444                    0.1                    0.1     0.4181506544465565                     10
                    308     -0.740381383150026     0.5062016814427235                    0.1                    0.1     0.5554319979336505                     10
                    309     -1.421392046448177      1.040158111429227                    0.1                    0.1     0.3222977383379135                     10
                    310     -1.968935409493852     0.3565363047226299                    0.1                    0.1     0.3487221413866012                     10
                    311     -1.006470079276362      1.341470679957354                    0.1                    0.1      0.537397041413341                     10
                    312     -2.173929539251077      1.051430101015964                    0.1                    0.1     0.3313555918689036                     10
                    313     -1.862361066265516     0.1529830057298333                    0.1                    0.1     0.4367475530682446                     10
                    314     -2.388907534804828      0.977041578739666                    0.1                    0.1     0.4546023315607153                     10
                    315     -2.277671646870762     0.6418125561552018                    0.1                    0.1     0.3252006195000298                     10
                    316     -1.565751114013136       1.35821853255416                    0.1                    0.1     0.4621689074388076                     10
                    317     -1.589865533780362     0.7744394458539141                    0.1                    0.1     0.2712605932597283                     10
                    318     -1.599226173512929     0.7606272634002157                    0.1                    0.1     0.2618779305484885                     10
                    319     -1.420027626407578     0.7416002462223465                    0.1                    0.1     0.3147037412964159                     10
                    320     -1.300402843975059     0.4813967645599632                    0.1                    0.1     0.3817002333112456                     10
                    321     -2.198888511430718     0.3196025515715444                    0.1                    0.1     0.4549584374182224                     10
                    322     -1.807426220351063      1.262940365475974                    0.1                    0.1     0.4400346075433492                     10
                    323     -1.435856716493307     0.8549031172761418                    0.1                    0.1     0.2952430133557329                     10
                    324     -1.510108541787503     0.5207634673507275                    0.1                    0.1     0.3006054029513758                     10
                    325     -2.082422097256366     0.9698480655064486                    0.1                    0.1     0.2628316620788126                     10
                    326     -1.353883852362663     0.2074115642255229                    0.1                    0.1     0.4715660352164975                     10
                    327     -2.102191293432218     0.9250913665006306                    0.1                    0.1     0.2529940609839317                     10
                    328     -2.287143443980776     0.4895836174308408                    0.1                    0.1      0.398480147966446                     10
                    329     -1.564568163649743      1.169770093481735                    0.1                    0.1     0.3353261283722573                     10
                    330     -1.670765468093147      1.282377526150159                    0.1                    0.1     0.4002560002072574                     10
                    331     -1.453823004604605     0.2096342163648524                    0.1                    0.1     0.4176896415345235                     10
                    332     -1.373435169209924      1.335736222691324                    0.1                    0.1     0.4565710207950356                     10
                    333      -2.28479398966267     0.3484729449742848                    0.1                    0.1     0.4586396459968662                     10
                    334     -1.664988762927284      1.032993434640906                    0.1                    0.1     0.2801256682651361                     10
                    335     -1.572575752891001     0.5828689837438054                    0.1                    0.1     0.2731523840722063                     10
                    336     -1.453906329017201      1.217622450659267                    0.1                    0.1     0.3499725304756015                     10
                    337     -1.630445537573871     0.6912998059849561                    0.1                    0.1     0.2459111195095608                     10
                    338     -2.186987385582257     0.5126925882030532                    0.1                    0.1     0.3064469819978333                     10
                    339     -1.701134945048521      1.248559474566507                    0.1                    0.1     0.3718038227905468                     10
                    340     -1.402814300023214     0.3058084713729372                    0.1                    0.1     0.3800989400215964                     10
                    341     -1.826049020909176     0.6378756619991115                    0.1                    0.1     0.2311999347816257                     10
                    342     -1.642933520574357     0.2567486696858476                    0.1                    0.1     0.3782394346410044                     10
                    343     -1.594532850447831     0.1819221558840982                    0.1                    0.1      0.400452909282871                     10
                    344     -1.985171860741978     0.2907090631957993                    0.1                    0.1     0.3818613727471726                     10
                    345     -1.270339475486558      1.136506390602208                    0.1                    0.1     0.4060705128376478                     10
                    346     -1.988700454761483     0.4020560641713287                    0.1                    0.1     0.3022313951714495                     10
                    347      -1.60804903824864      1.107697749385599                    0.1                    0.1     0.2924731109389422                     10
                    348     -1.418555773398429     0.8553096084459605                    0.1                    0.1     0.2910676118462961                     10
                    349    -0.9219064140108433     0.7996236478224965                    0.1                    0.1     0.5148549960919983                     10
                    350      -1.37285497423118      1.061428646185203                    0.1                    0.1     0.3247631298729006                     10
                    351     -1.715036451000247      1.305891528104141                    0.1                    0.1     0.3955088467912453                     10
                    352     -1.893931653574203     0.4395417528416893                    0.1                    0.1     0.2814451157999909                     10
                    353    -0.9801310083532397     0.8453471191978689                    0.1                    0.1     0.4442452441004467                     10
                    354     -1.301228139895379      1.198091363239342                    0.1                    0.1     0.3939213822019773                     10
                    355     -1.568593193664103     0.4509748526394273                    0.1                    0.1     0.2792048839614455                     10
                    356     -1.671057731851115     0.4812661456766729                    0.1                    0.1      0.245922636950304                     10
                    357     -1.557368199072456      1.282820570087559                    0.1                    0.1     0.3553337995106343                     10
                    358     -2.348336190740487      1.053457365628078                    0.1                    0.1     0.4530271983499808                     10
                    359     -1.209767943043157     0.5343684315018646                    0.1                    0.1     0.4039033165856069                     10
                    360     -1.422707849463202     0.4115406686631441                    0.1                    0.1     0.3317405364177965                     10
                    361     -1.317497395808303     0.1389756243441586                    0.1                    0.1      0.487824614192514                     10
                    362      -1.73615403566891     0.2466052306405833                    0.1                    0.1     0.3565176427405883                     10
                    363     -1.880906224936384     0.5904513911267967                    0.1                    0.1     0.2470712377324751                     10
                    364     -1.120802260503152     0.3766733995972195                    0.1                    0.1     0.4599305403180231                     10
                    365     -1.977445572864043    0.06942121902623456                    0.1                    0.1     0.5051276706013785                     10
                    366     -1.953947757797786      1.105362327303014                    0.1                    0.1     0.2920644083467208                     10
                    367     -1.234092525355833      0.303746745747225                    0.1                    0.1      0.426824284973011                     10
                    368      -2.31780674550001     0.4527242039209783                    0.1                    0.1     0.4087390316238435                     10
                    369    -0.6962851628085636     0.9902688643205688                    0.1                    0.1      0.546667610364699                     10
                    370     -2.198298931416187      1.161096287148619                    0.1                    0.1     0.3973654644071071                     10
                    371     -1.277414041016878     0.7525101526941989                    0.1                    0.1     0.3496000220069135                     10
                    372    -0.9795980061865772      1.219021710758055                    0.1                    0.1     0.4933338728918932                     10
                    373     -1.895409680838269     0.1797959220788065                    0.1                    0.1     0.3942522919550576                     10
                    374     -1.213324711469521      1.186655777681681                    0.1                    0.1     0.3970846103979772                     10
                    375     -1.052713072194058      0.554882445335129                    0.1                    0.1     0.4667940519678903                     10
                    376     -1.917334775038905     0.8807576654361544                    0.1                    0.1     0.2309142502403247                     10
                    377     -1.874233197862111      0.983865114886278                    0.1                    0.1     0.2446911232023606                     10
                    378    -0.9488260546100756      1.136725113137035                    0.1                    0.1     0.4732410144558325                     10
                    379     -1.875080738638887     0.7372222792396554                    0.1                    0.1     0.2141376000761723                     10
                    380     -2.047016660957546     0.9608809984390002                    0.1                    0.1     0.2373509124791489                     10
                    381      -1.95112162935898     0.9395916012280955                    0.1                    0.1     0.2215588879608652                     10
                    382    -0.5201421909984808      1.138871368036155                    0.1                    0.1     0.5523021638973042                     10
                    383     -1.696834504606949      0.712542686123002                    0.1                    0.1     0.2257408548822537                     10
                    384    -0.6573845221879481      1.154614986390112                    0.1                    0.1     0.5227473914847529                     10
                    385      -1.27839062225047      0.189826785330766                    0.1                    0.1      0.448754819142226                     10
                    386     -1.699734944973893      1.285157995831687                    0.1                    0.1     0.3575355093531806                     10
                    387     -1.318497233949756     0.6387125552102545                    0.1                    0.1       0.33935908666495                     10
                    388     -1.681781261909648    0.06697932226636358                    0.1                    0.1     0.4295536585225195                     10
                    389     -1.572056255442707     0.1867963241331736                    0.1                    0.1     0.3735890851627585                     10
                    390      -1.82581274049357        1.1423722148587                    0.1                    0.1     0.3272324669911638                     10
                    391     -1.346389790620409      0.543701823488003                    0.1                    0.1      0.319739371050716                     10
                    392     -1.686840941514948     0.7286676193345487                    0.1                    0.1     0.2236399848473938                     10
                    393     -2.395513930515358     0.9467198607965035                    0.1                    0.1     0.4146817965420373                     10
                    394     -2.350919176050064     0.9974100035193977                    0.1                    0.1     0.3858311937667245                     10
                    395     -1.975026126376639     0.4001755754872005                    0.1                    0.1     0.2864629439241866                     10
                    396     -1.908930905635924     0.5100268973252682                    0.1                    0.1     0.2581754462020379                     10
                    397     -1.737577526845004     0.9825987847991274                    0.1                    0.1     0.2532330469767327                     10
                    398     -2.307499404079721      1.186490077058372                    0.1                    0.1     0.4787738648992715                     10
                    399     -1.924095713513032     0.6460091520325231                    0.1                    0.1     0.2254056880176366                     10
                    400     -2.059467325016237     0.6405032707476338                    0.1                    0.1     0.2433050402912247                     10
                    401      -2.06203710609568      0.998532218359293                    0.1                    0.1     0.2392078224994383                     10
                    402     -1.631116953733801     0.8332376490563157                    0.1                    0.1      0.244453283704991                     10
                    403    -0.8023891257746159      1.003313295632583                    0.1                    0.1     0.5096668838598096                     10
                    404     -1.580473386890638     0.7968214103098703                    0.1                    0.1     0.2400041842140814                     10
                    405     -1.599548051644259     0.6382991494106691                    0.1                    0.1      0.239837445975575                     10
                    406     -1.113312006420206      1.193659339850916                    0.1                    0.1     0.4043106157715108                     10
                    407    -0.8893141928944008     0.9386478715302898                    0.1                    0.1     0.4756971392680348                     10
                    408       -2.2866215214635     0.9002120480133065                    0.1                    0.1     0.3048791066666752                     10
                    409     -1.576919048778636      1.214446768132602                    0.1                    0.1     0.3041420881642542                     10
                    410     -1.323168932852473     0.1196983558487516                    0.1                    0.1     0.4549768987987056                     10
                    411     -1.115785767431556     0.9948500756165283                    0.1                    0.1     0.3728664521474201                     10
                    412     -2.048291562183442     0.4811355733569596                    0.1                    0.1     0.2562522295838012                     10
                    413     -1.324899929125967      1.378368810159464                    0.1                    0.1     0.4679275851488871                     10
                    414     -0.137125363608718      1.272955310122637                    0.1                    0.1     0.5555555555555556                     10
                    415    -0.1484624070055106      1.331020371581052                    0.1                    0.1     0.5301856375045338                     10
                    416     -1.940646456109716     0.9280976060446881                    0.1                    0.1     0.2131051133994791                     10
                    417     -2.296080837155018     0.8527713430638182                    0.1                    0.1     0.2993017136288677                     10
                    418     -2.318839043414512     0.7220926133093266                    0.1                    0.1     0.3141038866034729                     10
                    419     -1.509297586248793      1.112868191256461                    0.1                    0.1     0.2762838007598254                     10
                    420    -0.9985890183460681      0.591463367390843                    0.1                    0.1      0.471633624219321                     10
                    421     -2.095239862822588     0.9841422356782421                    0.1                    0.1     0.2368098467052999                     10
                    422    -0.9138010454734786      1.387046180002764                    0.1                    0.1     0.5290630151278674                     10
                    423     -1.907006784917906     0.8144459507872601                    0.1                    0.1     0.2078549974005744                     10
                    424    -0.9548715316767613     0.9899030808066644                    0.1                    0.1     0.4219465071118709                     10
                    425    -0.9968540707632403     0.3371350361246816                    0.1                    0.1     0.5159205792736696                     10
                    426     -1.371444206361385     0.9760622373472456                    0.1                    0.1      0.300139997574062                     10
                    427    -0.9250361707886535      1.210591634411619                    0.1                    0.1     0.4608668638906375                     10
                    428     -1.549739479549442     0.7054591623787452                    0.1                    0.1     0.2418189320638608                     10
                    429     -1.263899787586027     0.9151032985537629                    0.1                    0.1     0.3295117547595514                     10
                    430     -1.406709481414362     0.8788482630734917                    0.1                    0.1      0.273042900769507                     10
                    431     -1.292032538922747     0.5778776048023362                    0.1                    0.1     0.3283080164817258                     10
                    432      -1.96188296233007      1.062861917719919                    0.1                    0.1     0.2409543408108606                     10
                    433      -1.49792561883385     0.2136336615011718                    0.1                    0.1     0.3522970890347263                     10
                    434     -1.482404771972327     0.3563775383501183                    0.1                    0.1     0.3051042284293574                     10
                    435     -1.614229043096183     0.6661623180335855                    0.1                    0.1     0.2222657637318819                     10
                    436     -1.160946499261183     0.7714908350290977                    0.1                    0.1     0.3695533909327189                     10
                    437     -1.420065211087486     0.4785626530204822                    0.1                    0.1     0.2929170417483389                     10
                    438     -1.769012209492446      0.830186987098508                    0.1                    0.1     0.2172823211143101                     10
                    439     -1.587999496271918      1.038350495933694                    0.1                    0.1     0.2570074873586964                     10
                    440     -1.873411728907388       1.12172139982803                    0.1                    0.1     0.2911053676255157                     10
                    441     -1.326340678289344     0.4972274488977009                    0.1                    0.1     0.3076092664494309                     10
                    442     -2.132852353404937      1.179478319905806                    0.1                    0.1     0.3542236692551985                     10
                    443     -1.814634994112612     0.3219955973940092                    0.1                    0.1     0.2985190887633958                     10
                    444     -2.017974863364203      1.323652610170947                    0.1                    0.1     0.4839248992710733                     10
                    445     -2.214297801497846     0.7003659249843555                    0.1                    0.1     0.2559419878447903                     10
                    446     -1.016777144381265     0.7796793612867544                    0.1                    0.1     0.4111038148933204                     10
                    447     -1.282908279805932     0.9194778867154717                    0.1                    0.1     0.3064877320010033                     10
                    448    -0.7332588238717989     0.8900697415699509                    0.1                    0.1     0.5122966309926296                     10
                    449     -1.616551796052781     0.7903687893433776                    0.1                    0.1      0.218766610439344                     10
                    450     -1.573220022440732    -0.1133433506990015                    0.1                    0.1     0.5341277362381573                     10
                    451     -1.026904877549917     0.4032013020841022                    0.1                    0.1      0.463315854870544                     10
                    452    -0.9570959387410617      0.367673060482513                    0.1                    0.1      0.487882106105709                     10
                    453     -1.235872656164733     0.7043446935861419                    0.1                    0.1     0.3388704023256215                     10
                    454     -2.187225860328697     0.8036565107586774                    0.1                    0.1     0.2447989872579597                     10
                    455     -1.011376900949672      1.403641904205746                    0.1                    0.1     0.4983270584403479                     10
                    456     -1.778909975834694     0.2217615475374956                    0.1                    0.1     0.3371336177362055                     10
                    457     -1.419972610160934     0.8095073260879185                    0.1                    0.1     0.2597422957272704                     10
                    458     -1.479631610393749     0.6638075432912606                    0.1                    0.1     0.2592072061695667                     10
                    459     -2.282749872295692     0.3325384466433542                    0.1                    0.1     0.4354703439150273                     10
                    460     -1.801566540644155     0.8955731193378543                    0.1                    0.1     0.2175910793175571                     10
                    461     -1.818006655483889       1.01261445041147                    0.1                    0.1     0.2359806431852664                     10
                    462     -2.410372408436249      1.037825096447984                    0.1                    0.1     0.4322930578944411                     10
                    463     -1.520550403480241     0.1158298477813061                    0.1                    0.1     0.4045485799347451                     10
                    464     -1.309980608146045     0.4269188880157198                    0.1                    0.1      0.326777216062719                     10
                    465     -1.130721314020503     0.9734936320372645                    0.1                    0.1     0.3431160038296383                     10
                    466     -1.886233495471166     0.1876959453343428                    0.1                    0.1      0.360786136373648                     10
                    467     -2.029493660679719       0.27533957037715                    0.1                    0.1      0.369944353666857                     10
                    468     -1.154872639873507      1.416793547407489                    0.1                    0.1     0.5040709897500025                     10
                    469     -1.174598734570205     0.3999325207354389                    0.1                    0.1     0.3760102572954999                     10
                    470     -1.976876674096317      1.139468634842253                    0.1                    0.1     0.2780336381747073                     10
                    471     -1.984308798516454     0.7407742196715321                    0.1                    0.1     0.2089957471294488                     10
                    472     -1.937677588910214     0.5363015932268518                    0.1                    0.1     0.2419806035689522                     10
                    473       -2.0118173877045     0.7004760919966676                    0.1                    0.1     0.2133725818159238                     10
                    474     -2.124634227380485     0.7232558739579512                    0.1                    0.1     0.2248790341954978                     10
                    475       -1.8745561938454     0.4611035950366476                    0.1                    0.1     0.2444737835513764                     10
                    476      -1.92501752790582     0.7505899445045425                    0.1                    0.1     0.1928860234840999                     10
                    477     -1.454495549082079     0.9845321418413754                    0.1                    0.1     0.2600332393983906                     10
                    478     -2.320837272705069     0.5293365632949293                    0.1                    0.1     0.3651997446423624                     10
                    479     -1.279616566094331     0.7643725634267272                    0.1                    0.1      0.298722863646521                     10
                    480    -0.8420147976364643      0.924546244949543                    0.1                    0.1     0.4503428216813503                     10
                    481     -2.015843969983966      1.162874147641404                    0.1                    0.1     0.2914033622409553                     10
                    482     -2.025390117908906     0.5859788850779994                    0.1                    0.1     0.2271650660378379                     10
                    483     -2.090895919645217     0.8556038955346913                    0.1                    0.1     0.2137950194201912                     10
                    484      -1.91283924139835     0.3045647506537151                    0.1                    0.1     0.2955309213374616                     10
                    485     -2.395751392588656     0.8863896976881908                    0.1                    0.1     0.3588554525223498                     10
                    486     -2.288906220465203      0.694075394992888                    0.1                    0.1     0.2760396253502937                     10
                    487     -1.460885643563578     0.7328840995995293                    0.1                    0.1     0.2460402341620104                     10
                    488    -0.6668053402226221       1.32929798356348                    0.1                    0.1     0.5413127994629119                     10
                    489    -0.8425563474753232      1.242255929566535                    0.1                    0.1      0.479855046576429                     10
                    490     -1.621363441903988    -0.1839563480386949                    0.1                    0.1     0.5288758187530058                     10
                    491     -1.816818439539513      1.028063418352755                    0.1                    0.1     0.2350736112730603                     10
                    492    -0.7377091516859378     0.7420420294757333                    0.1                    0.1      0.532154704537509                     10
                    493     -1.830229465465862      0.480179796309062                    0.1                    0.1      0.231110319109029                     10
                    494       -1.5956288069689      1.153591010964205                    0.1                    0.1     0.2707835348670228                     10
                    495      -1.83870286127148      1.142203311535403                    0.1                    0.1     0.2899480460355557                     10
                    496     -2.036350670243603      1.293621690955082                    0.1                    0.1     0.4252524556118483                     10
                    497     -2.397460320241971     0.8180193058776518                    0.1                    0.1     0.3529791077381657                     10
                    498     -1.143018992298928       1.15352477536501                    0.1                    0.1     0.3627865452222277                     10
                    499    -0.6304033076285971     0.9523317603528275                    0.1                    0.1     0.5017490227877985                     10
                    500     -2.454430671957126     0.8117151377173333                    0.1                    0.1     0.4102626526591536                     10
