#! FIELDS time p.x p.y sigma_p.x sigma_p.y height biasf
#! SET multivariate false
#! SET kerneltype gaussian
                      1     -1.859519449643215     0.5349728272979973                    0.1                    0.1     0.5555555555555556                     10
                      2     -1.724867736478568     0.7010020128656544                    0.1                    0.1     0.5524156154987858                     10
                      3     -1.763365204624988     0.5451411805142812                    0.1                    0.1     0.5283777782928124                     10
                      4     -2.030230722235803     0.7047430184059009                    0.1                    0.1     0.5533305058720782                     10
                      5     -1.932232404489971     0.9646732740793306                    0.1                    0.1     0.5547951019919328                     10
                      6     -1.610426960483356     0.6561358917958028                    0.1                    0.1     0.5358603788206051                     10
                      7     -2.109055782288239      0.903577907534555                    0.1                    0.1     0.5471224717584329                     10
                      8     -1.694668134813293     0.9084294418957309                    0.1                    0.1     0.5497288444702892                     10
                      9     -1.540293367972307     0.8896401095743637                    0.1                    0.1     0.5440686956418969                     10
                     10     -2.218856201433347     0.8294404661817071                    0.1                    0.1     0.5405028328955498                     10
                     11     -2.125420113359313     0.6562937629611608                    0.1                    0.1     0.5324397369020238                     10
                     12     -1.358607062439761     0.8057063530284592                    0.1                    0.1     0.5510132498103738                     10
                     13     -1.601353084030305     0.7289304429902761                    0.1                    0.1     0.5074715852009428                     10
                     14     -2.096214148892596     0.6792089741515388                    0.1                    0.1     0.4991352256050235                     10
                     15     -1.977859624779386     0.7432531561690886                    0.1                    0.1     0.5044800813315454                     10
                     16     -1.946365023288285     0.9524046483497509                    0.1                    0.1     0.5137624525483365                     10
                     17     -1.763458341456561      1.072786627534089                    0.1                    0.1     0.5422414026786164                     10
                     18     -1.870963293769975     0.8102967036451126                    0.1                    0.1      0.509360016360861                     10
                     19     -1.775919136597502     0.9326724292099879                    0.1                    0.1     0.4971970011241879                     10
                     20     -1.665748272608849     0.6585556042092328                    0.1                    0.1     0.4785623626244917                     10
                     21     -1.332975454294869     0.9899059104863039                    0.1                    0.1     0.5480268494611739                     10
                     22     -1.891733204956848     0.6578577132838506                    0.1                    0.1     0.4899416495208042                     10
                     23     -1.665076665427715     0.6824338286004026                    0.1                    0.1     0.4526818653869815                     10
                     24     -1.756972499272177     0.8623311740572939                    0.1                    0.1     0.4714066617245244                     10
                     25     -2.159153421342637     0.8529919648225646                    0.1                    0.1      0.491317657978257                     10
                     26     -1.973681451489606     0.7010177176168512                    0.1                    0.1     0.4526051258239533                     10
                     27     -1.380789856861595     0.4141680565973058                    0.1                    0.1      0.555441197775554                     10
                     28      -1.78731528125903     0.8240895169715601                    0.1                    0.1      0.449362191839327                     10
                     29     -2.099928184087985      1.206317875640978                    0.1                    0.1     0.5544507371857628                     10
                     30     -1.463600582645724     0.9317846414888389                    0.1                    0.1     0.5130084157906986                     10
                     31     -1.898584138400744     0.4494772065114768                    0.1                    0.1     0.5233040280015799                     10
                     32     -2.217737740793127     0.5781364840886998                    0.1                    0.1     0.5285413069297648                     10
                     33      -1.30424611865261     0.9839505244171426                    0.1                    0.1     0.5143278786933038                     10
                     34     -1.534099138281049     0.4227282622474379                    0.1                    0.1     0.5422868819261899                     10
                     35     -1.745831722505913     0.9613096167448155                    0.1                    0.1     0.4565048922473708                     10
                     36     -1.940467187104969     0.6386729029599735                    0.1                    0.1     0.4462670962806242                     10
                     37     -1.988130300161301     0.9002445659270559                    0.1                    0.1     0.4603225998351048                     10
                     38     -1.637815186390867     0.8260664639004748                    0.1                    0.1     0.4464493422366556                     10
                     39      -1.92348775778312      0.844615304731331                    0.1                    0.1     0.4261459171502406                     10
                     40     -1.673772045863539      0.668329671969855                    0.1                    0.1     0.4210305303064144                     10
                     41     -1.885198145925833     0.7255280718803651                    0.1                    0.1     0.4127810900354438                     10
                     42     -1.496331140920926     0.5619172762364122                    0.1                    0.1      0.514737931514575                     10
                     43     -2.221678304977069     0.8588387136239926                    0.1                    0.1     0.4840792891489839                     10
                     44     -1.633625648513081      1.076360341697147                    0.1                    0.1     0.5180138039723147                     10
                     45     -1.827090834042998     0.4999476025668405                    0.1                    0.1     0.4693923214986453                     10
                     46     -1.832700511969223     0.9796624867138576                    0.1                    0.1     0.4336992240175536                     10
                     47      -1.21062861571352     0.7953579523788151                    0.1                    0.1     0.5397339297033654                     10
                     48     -2.284445114076386     0.7365318818082061                    0.1                    0.1     0.5052905759514228                     10
                     49     -1.993115139135981     0.8571227989449701                    0.1                    0.1     0.4117672928577989                     10
                     50     -1.409222323231554     0.8050588354557628                    0.1                    0.1     0.4918770169303818                     10
                     51     -2.180161207473051     0.6234510525475322                    0.1                    0.1     0.4679165743179184                     10
                     52     -1.856985791919767      0.847637911935352                    0.1                    0.1     0.3843812703190383                     10
                     53     -2.020467840705582     0.5380439605362428                    0.1                    0.1     0.4778406421487854                     10
                     54     -1.713253492701799        1.1185829460763                    0.1                    0.1     0.4934757270248387                     10
                     55     -1.457322510812459       0.71317554101105                    0.1                    0.1     0.4852774920624481                     10
                     56     -2.211900425785363     0.7491186560338604                    0.1                    0.1     0.4384924141977684                     10
                     57     -1.463472818132028     0.8510748480008001                    0.1                    0.1     0.4506011041548521                     10
                     58     -1.560620245411672     0.2780519976804236                    0.1                    0.1     0.5424608067187785                     10
                     59     -1.688289336009409     0.4959625954491111                    0.1                    0.1     0.4804889462330283                     10
                     60     -2.076313821715493      1.084171974786094                    0.1                    0.1     0.5178310417772872                     10
                     61     -1.793212536071182     0.9891896048369672                    0.1                    0.1     0.4050814641291373                     10
                     62     -1.588556617821798     0.9005154790961978                    0.1                    0.1     0.4347835557584165                     10
                     63     -1.890660300186126     0.9497862549171665                    0.1                    0.1     0.3839602668985877                     10
                     64     -1.767330907423694     0.7709193460576843                    0.1                    0.1      0.383843571422878                     10
                     65     -2.010855893619794     0.5688482969240976                    0.1                    0.1     0.4354714089109726                     10
                     66      -1.37324457654405      1.165417715993997                    0.1                    0.1     0.5430074235043892                     10
                     67     -1.890981221420764     0.3292066139493482                    0.1                    0.1     0.5290960562897256                     10
                     68     -1.804299234588782     0.4254803492928648                    0.1                    0.1     0.4661531859899025                     10
                     69     -2.294974510435029      1.022769692747253                    0.1                    0.1     0.5376654170476021                     10
                     70     -1.623631362888577      1.202881538779719                    0.1                    0.1     0.5221651801722234                     10
                     71     -1.540268875809499     0.4538684769129826                    0.1                    0.1      0.484161232913719                     10
                     72     -2.081782776803541     0.8679026292217578                    0.1                    0.1     0.4100549004742878                     10
                     73      -1.95021467524504     0.8021847650131827                    0.1                    0.1      0.359457280736701                     10
                     74     -1.463828651613958     0.8648061039149095                    0.1                    0.1     0.4237054504056308                     10
                     75     -1.885307735853484     0.9726156303477287                    0.1                    0.1     0.3744807430256672                     10
                     76     -1.732598585631401      0.580854378527053                    0.1                    0.1     0.4068780234072368                     10
                     77     -1.343233166329517     0.7104067533582513                    0.1                    0.1     0.4868456637039872                     10
                     78     -1.955395993728488      1.056051159081185                    0.1                    0.1     0.4465084072164279                     10
                     79     -1.893666764503328     0.5106596918026871                    0.1                    0.1     0.4117537713807633                     10
                     80     -1.823548871663641     0.5770580334388438                    0.1                    0.1     0.3818519763245748                     10
                     81     -2.242504306575532     0.5968701139870661                    0.1                    0.1     0.4680554533453586                     10
                     82     -1.294956059111139     0.7671429901681078                    0.1                    0.1     0.4641112804801073                     10
                     83     -2.013005159496978     0.9624855870464969                    0.1                    0.1     0.3899690056284542                     10
                     84     -1.263395478488722     0.6037779109772223                    0.1                    0.1     0.5237025130141658                     10
                     85     -1.440756004089689      0.894734131880954                    0.1                    0.1     0.4091377795257425                     10
                     86     -1.485379709141466     0.6673340828063854                    0.1                    0.1     0.4391523127609794                     10
                     87     -2.101503649383344     0.2961088247114684                    0.1                    0.1     0.5489428379403924                     10
                     88     -1.133492769616636      0.615301696779928                    0.1                    0.1     0.5341677205208171                     10
                     89     -2.269784152331475     0.7108055505706944                    0.1                    0.1     0.4402190808072597                     10
                     90     -2.008122824217121     0.3493999575144293                    0.1                    0.1     0.4996982560976447                     10
                     91     -1.515026926668376     0.9616887951988506                    0.1                    0.1     0.4268492452484747                     10
                     92     -2.172997077691307     0.8304042980351057                    0.1                    0.1     0.3945584465526895                     10
                     93     -1.390837339347031      1.096482407431812                    0.1                    0.1     0.4908476440321398                     10
                     94     -2.199767712962094     0.7382836900513604                    0.1                    0.1     0.3814675946139098                     10
                     95     -1.299839521465134     0.7933735326146112                    0.1                    0.1     0.4266310225935437                     10
                     96     -2.027009185170389     0.6808150268510575                    0.1                    0.1      0.363439510645409                     10
                     97    -0.8243987813323013      1.100521083355037                    0.1                    0.1     0.5555555555555556                     10
                     98      -1.91747244974588      1.166300052257874                    0.1                    0.1     0.5032408825533673                     10
                     99     -2.053157715977517      1.113181265670279                    0.1                    0.1     0.4654619370877073                     10
                    100     -1.221176499226262     0.5730733533181234                    0.1                    0.1     0.4973294402661304                     10
                    101     -2.203477340428739     0.3910229905052652                    0.1                    0.1     0.5270694502306008                     10
                    102     -1.056447631170977      1.165316475552808                    0.1                    0.1     0.5531871877636619                     10
                    103     -1.932791926262517     0.5396895966949052                    0.1                    0.1     0.3822249363812641                     10
                    104     -1.698099693905875     0.7575520219514834                    0.1                    0.1     0.3671943957726337                     10
                    105     -1.543923416973113     0.5613283367737841                    0.1                    0.1     0.4345135798782442                     10
                    106     -1.919752770950753     0.8365079494470711                    0.1                    0.1     0.3279551476908733                     10
                    107     -1.817033285155281      1.139130609967761                    0.1                    0.1     0.4576958329190962                     10
                    108     -1.590507677477817      1.029081588033641                    0.1                    0.1     0.4392036107094946                     10
                    109     -1.836750012469284      0.721776010391554                    0.1                    0.1     0.3490570966981913                     10
                    110     -1.672652813610129      1.133935245842466                    0.1                    0.1     0.4420876333822932                     10
                    111     -1.314908257265806     0.5641787147039843                    0.1                    0.1     0.4735929088023945                     10
                    112     -2.055668785387587     0.7989733672445002                    0.1                    0.1     0.3438630430715605                     10
                    113     -1.463261810306532     0.6359025950485385                    0.1                    0.1     0.4183725178843567                     10
                    114     -1.550454818129776     0.3895727316682447                    0.1                    0.1     0.4668646127876706                     10
                    115     -1.685670215061983     0.8848084620538812                    0.1                    0.1     0.3614613345449534                     10
                    116     -1.495754623283521      1.240549306199922                    0.1                    0.1     0.5181891292970229                     10
                    117     -1.506303561783629      1.201373890097743                    0.1                    0.1     0.4788424773935062                     10
                    118     -1.726915637852722     0.4119904201662538                    0.1                    0.1     0.4519812214864357                     10
                    119      -2.21264240930873     0.8241629291836505                    0.1                    0.1     0.3756985416637202                     10
                    120     -1.169581765716636     0.6237623785057091                    0.1                    0.1     0.4684182645947271                     10
                    121       -1.9470466737348     0.4990369165117681                    0.1                    0.1     0.3858350512741918                     10
                    122     -1.339965787264962      1.155112815664204                    0.1                    0.1      0.481671849690322                     10
                    123     -1.980492083615923     0.5006097587526082                    0.1                    0.1     0.3855795106245532                     10
                    124     -1.596342539519035     0.9791807123360626                    0.1                    0.1     0.3878538078313296                     10
                    125      -1.62066598564786      0.608579445108688                    0.1                    0.1     0.3720326335318046                     10
                    126     -1.663977686238358     0.9493348238095428                    0.1                    0.1      0.354489437767985                     10
                    127     -1.561811831572035     0.4267864544946724                    0.1                    0.1     0.4265016454424119                     10
                    128      -2.16076133101234       1.08866543022374                    0.1                    0.1     0.4807122211283023                     10
                    129      -1.51213681271293     0.9513138131638604                    0.1                    0.1     0.3699098041874674                     10
                    130     -1.445174580818919     0.9143179892418959                    0.1                    0.1     0.3610414861066986                     10
                    131     -1.584251023112404     0.7729922657307807                    0.1                    0.1     0.3557811428076498                     10
                    132       -1.7596909432571     0.6411571206078861                    0.1                    0.1     0.3422638139319966                     10
                    133     -1.985361603758625     0.9176260575022015                    0.1                    0.1      0.328953313613513                     10
                    134     -1.153701314281451     0.4209690514357415                    0.1                    0.1       0.53338993189009                     10
                    135     -2.228661455394247     0.8938188203137705                    0.1                    0.1     0.4023018322560313                     10
                    136     -1.600344839810712     0.5772134914049913                    0.1                    0.1     0.3632131071718883                     10
                    137     -1.693583082400087      1.023643531268178                    0.1                    0.1      0.355859275263388                     10
                    138     -1.285594599247392     0.8866530390645391                    0.1                    0.1     0.4280757322513234                     10
                    139     -1.361246707090167     0.7820147898615666                    0.1                    0.1     0.3674429327325263                     10
                    140     -1.551654958922321      0.714886618522407                    0.1                    0.1     0.3465586766173743                     10
                    141      -2.04674195090125     0.8439259457664507                    0.1                    0.1     0.3219915698267071                     10
                    142     -1.704671318484906    0.04087881646844249                    0.1                    0.1     0.5548317804666153                     10
                    143     -1.466903724230131     0.6474468402523095                    0.1                    0.1     0.3726660666064979                     10
                    144     -1.943598672322489     0.8712241679681537                    0.1                    0.1     0.2964369153286311                     10
                    145     -1.903872905886867     0.8218180698513708                    0.1                    0.1     0.2929783701674966                     10
                    146      -1.93526307587669     0.2163225529642264                    0.1                    0.1     0.5223476018876316                     10
                    147     -1.369633654830721     0.3561716094858841                    0.1                    0.1     0.5012087791136767                     10
                    148     -2.076954895734463     0.7967253352482546                    0.1                    0.1     0.3114981671493832                     10
                    149     -1.295627874689443     0.2179948992431069                    0.1                    0.1     0.5416123334552748                     10
                    150      -1.95551516823212      1.183222538166033                    0.1                    0.1     0.4659506386272492                     10
                    151     -1.690944683624859     0.6980450417444393                    0.1                    0.1     0.3141953748584429                     10
                    152     -1.909334677149224      1.149126025070379                    0.1                    0.1     0.4259120117912187                     10
                    153     -1.537314131882152     0.3870326610240509                    0.1                    0.1     0.4176500273343464                     10
                    154     -1.537457105485294      1.314951428512829                    0.1                    0.1     0.5048638689015695                     10
                    155      -1.59200180071857     0.1959400335565214                    0.1                    0.1     0.5173370782916275                     10
                    156     -2.235446237122305      1.063150835097114                    0.1                    0.1     0.4778355227706383                     10
                    157     -1.909632416981827     0.3427259614141059                    0.1                    0.1     0.4397011004986958                     10
                    158     -1.899272638062437      0.550972337322852                    0.1                    0.1     0.3298914034980469                     10
                    159     -1.083006297963031     0.9641088368690216                    0.1                    0.1     0.5406109648762454                     10
                    160     -2.224929227802982      0.522204865394603                    0.1                    0.1     0.4605752070883039                     10
                    161     -1.844699080751224     0.6906216179616911                    0.1                    0.1     0.3166416295364531                     10
                    162     -1.843470529233103     0.6973643617408806                    0.1                    0.1     0.3061598541879911                     10
                    163     -2.336089950456788     0.6698871414654597                    0.1                    0.1     0.4587089841043134                     10
                    164     -1.884235041740398     0.1835716327046441                    0.1                    0.1     0.5064095611001145                     10
                    165     -1.993599950533389     0.2920057382574214                    0.1                    0.1     0.4484302437033785                     10
                    166     -1.948940318774248     0.8377725993884326                    0.1                    0.1     0.2737520903855899                     10
                    167     -1.762779221166863      1.242266182462811                    0.1                    0.1     0.4822557081296243                     10
                    168       -1.8014344312051     0.2523924509095077                    0.1                    0.1     0.4788974082675126                     10
                    169     -1.230243884171745     0.4453400484360709                    0.1                    0.1     0.4806701641245998                     10
                    170      -1.60302215701476     0.9916905165201491                    0.1                    0.1      0.345066157002161                     10
                    171     -1.364938562817096      1.154776895316832                    0.1                    0.1     0.4476769553016461                     10
                    172     -1.227841562548277     0.9973922107571153                    0.1                    0.1     0.4698760287694851                     10
                    173     -1.722028293964658     0.6578647721385082                    0.1                    0.1     0.3010841162173228                     10
                    174     -1.851386561143712      1.148774548900846                    0.1                    0.1     0.4020458742659946                     10
                    175     -1.914142083249247     0.5063458328270352                    0.1                    0.1     0.3259806119854513                     10
                    176      -1.10642648527516      1.086744632591317                    0.1                    0.1     0.5070670331963213                     10
                    177     -1.789339927086631      1.098041260883093                    0.1                    0.1     0.3600581108199424                     10
                    178     -1.858517539488193      1.037342718786732                    0.1                    0.1      0.327269530305478                     10
                    179     -1.710331171281296     0.2322623086598092                    0.1                    0.1     0.4859506054947061                     10
                    180     -1.339366685187278     0.7658103909518403                    0.1                    0.1     0.3587875159571367                     10
                    181     -2.044710402683057     0.6222328038677909                    0.1                    0.1      0.337322474708405                     10
                    182     -2.095749871770356      1.144980524527327                    0.1                    0.1     0.4322366017512345                     10
                    183     -1.695524403921237      0.860594192104329                    0.1                    0.1     0.3089636178687047                     10
                    184     -2.096601672024202     0.7261111978136842                    0.1                    0.1     0.3098685425954717                     10
                    185     -1.907888861600681     0.9754861030146807                    0.1                    0.1     0.2941107169550226                     10
                    186     -2.127792707771881      1.005623065375324                    0.1                    0.1     0.3896314553590884                     10
                    187     -2.067677947247031     0.4996685241968907                    0.1                    0.1      0.395975758432352                     10
                    188     -1.660407148571755     0.4355251820321016                    0.1                    0.1     0.3938476028327147                     10
                    189     -1.672668434301703     0.6893048479113629                    0.1                    0.1     0.2886510668311352                     10
                    190     -2.302582429601786     0.7150191217495898                    0.1                    0.1     0.3992168235226989                     10
                    191     -1.373657668321448     0.3245544694111428                    0.1                    0.1     0.4678326290865482                     10
                    192     -1.380362583390832      1.322086964413214                    0.1                    0.1     0.5088074565005186                     10
                    193       -1.7003304804914     0.3553225512531394                    0.1                    0.1     0.4195167274065962                     10
                    194     -1.982796211231529      0.677436471343829                    0.1                    0.1     0.2884174423854224                     10
                    195      -1.42895536086565     0.4448353949196056                    0.1                    0.1     0.4096195415574311                     10
                    196      -1.79309577950146     0.8372345090427911                    0.1                    0.1     0.2825759947052937                     10
                    197      -1.65369050084627     0.1701322783474412                    0.1                    0.1     0.4772286290609649                     10
                    198     -2.224024616945436     0.8335621974665155                    0.1                    0.1     0.3376561261925199                     10
                    199     -1.471492261039507      1.019363940243761                    0.1                    0.1     0.3745544671619087                     10
                    200     -1.916965227591653     0.5693583438257476                    0.1                    0.1     0.2907426574898698                     10
                    201     -1.789454876312568     0.4370487433542574                    0.1                    0.1     0.3521408989258906                     10
                    202     -1.967318966289481      1.106755640726001                    0.1                    0.1     0.3596217371838806                     10
                    203     -1.895980792794235     0.9926521814401021                    0.1                    0.1     0.2853353366333505                     10
                    204     -1.708355198345125     0.7374077409256987                    0.1                    0.1     0.2786446852430048                     10
                    205     -1.401745448196297     0.3644603489003669                    0.1                    0.1     0.4154013791384502                     10
                    206     -2.285742728228817     0.4449377937452246                    0.1                    0.1     0.4946890385795199                     10
                    207    -0.7494114236246543      1.127111757574175                    0.1                    0.1     0.5331956306790449                     10
                    208     -2.163187333276503     0.7837908604208181                    0.1                    0.1     0.2959463023435953                     10
                    209     -1.552406112786395       1.15345759809186                    0.1                    0.1     0.4079134172580941                     10
                    210     -2.352605514988029     0.9555694400405764                    0.1                    0.1     0.4867518919266918                     10
                    211     -1.581237299464769     0.4721924839366622                    0.1                    0.1     0.3490880803995475                     10
                    212     -2.100897172870299     0.4475254645072465                    0.1                    0.1     0.4187141684292134                     10
                    213     -2.209681747997694      1.024955352346797                    0.1                    0.1     0.4078469817282615                     10
                    214     -1.547510166278835      0.213472865813023                    0.1                    0.1     0.4573222494566328                     10
                    215     -1.891910827541759      1.122940004270493                    0.1                    0.1     0.3403970427509702                     10
                    216      -1.86335877495678     0.6748444561848652                    0.1                    0.1     0.2747288647649408                     10
                    217     -1.807252358014565     0.8735224478404963                    0.1                    0.1     0.2663333992478589                     10
                    218       -1.8726247059367       0.64286380326793                    0.1                    0.1     0.2685045852495402                     10
                    219     -1.579538438406704     0.1011745989765804                    0.1                    0.1     0.4869776615597389                     10
                    220     -1.712252262741599     0.9052593974557384                    0.1                    0.1     0.2825212343645115                     10
                    221     -1.464145107105084     0.1092667516979626                    0.1                    0.1     0.5059337712283779                     10
                    222     -2.296993958599104     0.8969577971054611                    0.1                    0.1     0.3950644343609657                     10
                    223    -0.9976509737377971     0.8847795099181488                    0.1                    0.1     0.5329842344700665                     10
                    224     -2.000395638542514     0.2955206852203801                    0.1                    0.1     0.4196313058879053                     10
                    225     -1.679716763940585     0.9058794518632676                    0.1                    0.1     0.2821553793414304                     10
                    226      -1.46657270111758       1.11160805587933                    0.1                    0.1      0.389410641804211                     10
                    227     -2.284955706618166     0.5043000263214158                    0.1                    0.1      0.444288312250258                     10
                    228     -1.607332290810988     0.4918246673044348                    0.1                    0.1     0.3331250706838365                     10
                    229     -1.613959336556263     0.6909529944442305                    0.1                    0.1      0.283031266633908                     10
                    230     -1.476875152583214     0.7079970425779714                    0.1                    0.1     0.3299584128678608                     10
                    231     -1.703874855735592      1.049153863438307                    0.1                    0.1     0.3121851618621645                     10
                    232     -1.722825575295776     0.8289024817706541                    0.1                    0.1     0.2609410587540255                     10
                    233     -1.540370841410932     0.6639634086365395                    0.1                    0.1     0.3002260449280187                     10
                    234     -1.662084789756927      1.320834250621973                    0.1                    0.1     0.4930897601924601                     10
                    235      -1.11315180639197     0.4538601790289299                    0.1                    0.1     0.4917648286870018                     10
                    236     -2.244194191159041     0.7095509640162342                    0.1                    0.1     0.3269378367674211                     10
                    237     -1.157178911876265      1.023639344851747                    0.1                    0.1     0.4650469661757521                     10
                    238      -1.84496589197395     0.5207807145176084                    0.1                    0.1     0.2847146507894964                     10
                    239     -2.144312801351288     0.6987505093232201                    0.1                    0.1     0.2930036280282207                     10
                    240     -1.083463663280343     0.9549217535911988                    0.1                    0.1     0.4664754900850919                     10
                    241     -1.947869585769954     0.5556109646220125                    0.1                    0.1     0.2743314967324231                     10
                    242     -2.037860224135843     0.9333260121319087                    0.1                    0.1     0.2923488397484794                     10
                    243      -1.77511416284411     0.4143788203630028                    0.1                    0.1     0.3445159130472727                     10
                    244     -1.780081595195597     0.5913891236711477                    0.1                    0.1     0.2678354755875796                     10
                    245     -1.975196552578777     0.8307716606482868                    0.1                    0.1     0.2464934945920012                     10
                    246     -1.386575867790162      0.202807102584174                    0.1                    0.1     0.4738848480315288                     10
                    247     -1.852520305432951      1.262667676207035                    0.1                    0.1     0.4507516614564957                     10
                    248      -1.44914419864894     0.8294241022013947                    0.1                    0.1     0.3097038511922987                     10
                    249     -1.626876631198428     0.9070810339311515                    0.1                    0.1     0.2780837120846294                     10
                    250     -1.256473233322732      1.363824135663339                    0.1                    0.1     0.5352430906100931                     10
                    251     -1.403951199522127    -0.1046896732638442                    0.1                    0.1     0.5519585856542819                     10
                    252     -1.185963045311361      1.074614978519229                    0.1                    0.1     0.4431724563748455                     10
                    253     -1.412669941390924     0.5565138867330709                    0.1                    0.1     0.3823823258533077                     10
                    254     -1.177661431320404     0.9347494509731432                    0.1                    0.1     0.4208059045960981                     10
                    255     -1.686407088412568      1.041223891364591                    0.1                    0.1     0.2981689362765985                     10
                    256     -1.698537444892664      1.156175223349627                    0.1                    0.1      0.353630392199544                     10
                    257     -1.417867114576298        1.0160381778815                    0.1                    0.1     0.3541849707403819                     10
                    258      -2.22069612895444      1.055015605867954                    0.1                    0.1     0.4033364471751975                     10
                    259     -1.421004095442315      0.541709974560115                    0.1                    0.1      0.366186311031233                     10
                    260     -1.997156871265457     0.8176556225350196                    0.1                    0.1     0.2447701780146348                     10
                    261     -1.430282751377227     0.6659934924218298                    0.1                    0.1       0.32379522915237                     10
                    262      -2.13307112535639     0.3469574906631383                    0.1                    0.1     0.4439423237123044                     10
                    263     -2.068611307763954      0.992137630941463                    0.1                    0.1     0.3164765586192058                     10
                    264     -1.455284690862205     0.5274346500297926                    0.1                    0.1     0.3347376027023133                     10
                    265    -0.6009650355345423      1.311664038893026                    0.1                    0.1     0.5534882390999066                     10
                    266     -2.290328137057388     0.7671588525892356                    0.1                    0.1     0.3394784304355335                     10
                    267     -1.519032818741924     0.7796188481847962                    0.1                    0.1     0.2880766017459969                     10
                    268      -2.00650747886135       0.51626239760656                    0.1                    0.1     0.3050779725004905                     10
                    269     -1.436784004847631     0.3576291339570212                    0.1                    0.1     0.3713443966245271                     10
                    270     -1.596479090076025     0.4473174843590191                    0.1                    0.1     0.3178329169695547                     10
                    271     -2.429883469299078     0.9337746021118207                    0.1                    0.1     0.5007581812491052                     10
                    272     -2.124628634998896     0.7421283912682968                    0.1                    0.1     0.2647477871013572                     10
                    273     -2.052235688461962     0.4993268147640851                    0.1                    0.1     0.3296632318269557                     10
                    274     -1.651630502045981     0.1622637409430284                    0.1                    0.1     0.4286478930841568                     10
                    275     -1.163114638881843     0.6780211276990324                    0.1                    0.1     0.4427270266598988                     10
                    276     -1.354837340795467      1.307771462103789                    0.1                    0.1     0.4674992789035253                     10
                    277     -1.508334943775583     0.2396188868564304                    0.1                    0.1     0.3990796165026861                     10
                    278     -1.747786423504659      1.094903791017363                    0.1                    0.1     0.3001384008653911                     10
                    279     -1.683919113513441     0.4828841698433932                    0.1                    0.1     0.3056424557477537                     10
                    280     -1.610225748653471     0.4262477161693078                    0.1                    0.1      0.309088500725453                     10
                    281     -1.935718129978088      1.272626171258762                    0.1                    0.1     0.4511300488602054                     10
                    282     -1.327515318828381     0.9100671612877985                    0.1                    0.1     0.3465236067947381                     10
                    283     -1.773707473531034      0.722472132341461                    0.1                    0.1     0.2475934765860263                     10
                    284     -1.517926219374978      1.070219806961499                    0.1                    0.1     0.3404257815700194                     10
                    285     -1.356467476381206      1.182247497119299                    0.1                    0.1     0.3975906097969305                     10
                    286       -1.9135699718666      0.587008106493205                    0.1                    0.1     0.2437176327820278                     10
                    287     -1.632701642743212     0.1712849370454154                    0.1                    0.1     0.3983710240946919                     10
                    288     -1.722991580095286     0.4252532446773652                    0.1                    0.1     0.3142979652674491                     10
                    289     -1.687820189003499     0.4242929577463311                    0.1                    0.1     0.3029026431802027                     10
                    290     -1.636751427293091      0.434585486587297                    0.1                    0.1     0.2860128475368265                     10
                    291     -1.695429039277601     0.7599401276144359                    0.1                    0.1     0.2438301189025942                     10
                    292     -1.791991437178583     0.9185450719329815                    0.1                    0.1     0.2414305163661036                     10
                    293     -2.143010160561346     0.7437709203255028                    0.1                    0.1     0.2589192093589004                     10
                    294     -2.171743055347695     0.6057757145991727                    0.1                    0.1     0.3172192305360045                     10
                    295     -1.432652783926099     0.1903043897154603                    0.1                    0.1     0.4252600307876567                     10
                    296     -1.328366516979097      1.147798818176732                    0.1                    0.1     0.3847318229612572                     10
                    297     -1.474505383794128     0.9189089567631503                    0.1                    0.1     0.2865502922082338                     10
                    298     -1.948896834007997     0.3396964246980911                    0.1                    0.1     0.3610254639562473                     10
                    299     -1.843597399154749     0.2828930088288958                    0.1                    0.1     0.3837250179060242                     10
                    300     -1.811703007131575     0.1862231561950794                    0.1                    0.1     0.4275424511314645                     10
                    301     -2.385258078883827     0.8416339509551056                    0.1                    0.1     0.4369002308491103                     10
                    302     -1.824902147743444      1.134867112435429                    0.1                    0.1     0.3100277483333211                     10
                    303     -2.229024408231364      0.690408141593281                    0.1                    0.1     0.2861487079050785                     10
                    304     -1.757341503419377     0.7056901923727992                    0.1                    0.1     0.2353617081617212                     10
                    305     -1.635614191785164      0.841779744818166                    0.1                    0.1     0.2529398106166703                     10
                    306     -1.615415795620342     0.9784114722108654                    0.1                    0.1     0.2661946859075048                     10
                    307     -1.850392956280645       1.24798060149879                    0.1                    0.1     0.3924963318862143                     10
                    308     -1.661661492280183     0.3110933301829635                    0.1                    0.1     0.3425631368360865                     10
                    309     -1.859777648393957     0.9158232017258743                    0.1                    0.1      0.231271225879397                     10
                    310      -1.69369179422201      1.150559893019856                    0.1                    0.1     0.3200236430591602                     10
                    311    -0.9791855925265694      1.321048020232173                    0.1                    0.1     0.5461034272843395                     10
                    312     -2.237370155482627     0.8439675726680044                    0.1                    0.1     0.2855791308424083                     10
                    313     -2.364303765172591      0.972133785103288                    0.1                    0.1     0.4250220542888016                     10
                    314     -2.270527327596196     0.6768629953021241                    0.1                    0.1     0.3081360870686409                     10
                    315     -2.409223528779744     0.6510579065652687                    0.1                    0.1      0.464995392280745                     10
                    316     -1.503339742547545      1.194983520980111                    0.1                    0.1     0.3679348643392871                     10
                    317     -1.507027821120316     0.6067359080882838                    0.1                    0.1     0.2839346299314945                     10
                    318      -1.73502263735237     0.5705415081707307                    0.1                    0.1     0.2505527082974674                     10
                    319     -2.029899323720648      1.265563824710403                    0.1                    0.1      0.449304846329058                     10
                    320     -1.643024806497078     0.5946791991354335                    0.1                    0.1     0.2473849864470087                     10
                    321     -2.190238817213683     0.4334529919598435                    0.1                    0.1     0.4029785144519212                     10
                    322     -1.574712753004933      1.007264701521758                    0.1                    0.1     0.2754515759745775                     10
                    323     -1.258444160570753     0.5610430972484005                    0.1                    0.1     0.3946733877313127                     10
                    324     -1.284874977816146     0.6087342224043716                    0.1                    0.1     0.3658986047851009                     10
                    325     -1.318752584848256      1.116499276343434                    0.1                    0.1     0.3653139795031288                     10
                    326      -1.25465610754513     0.9226319900808797                    0.1                    0.1     0.3657305210543997                     10
                    327     -1.136386626244854      1.131225454412115                    0.1                    0.1     0.4423592367643292                     10
                    328     -1.962875531476893     0.6970759482337314                    0.1                    0.1     0.2380894375091088                     10
                    329     -2.081782495417224     0.9720935283069313                    0.1                    0.1     0.2990783208856354                     10
                    330     -2.499535075227694     0.9561813042752595                    0.1                    0.1     0.5025285403088877                     10
                    331        -2.298406582891      1.029159102188276                    0.1                    0.1     0.3939026860152011                     10
                    332     -1.436700998312813      1.113277185609291                    0.1                    0.1     0.3230856851942847                     10
                    333     -2.439360117221941     0.7133057159030097                    0.1                    0.1     0.4626409176728032                     10
                    334     -1.911080528239622     0.3508981519943298                    0.1                    0.1     0.3285765886870482                     10
                    335     -1.959883655461044     0.2058928444263612                    0.1                    0.1      0.415275547901168                     10
                    336     -1.691804887662392      1.213092943697492                    0.1                    0.1     0.3557407004303314                     10
                    337     -1.388088473276403     0.6190419708115562                    0.1                    0.1     0.3183862141047764                     10
                    338     -1.253213813405189     0.3918031949875906                    0.1                    0.1     0.4319321848083222                     10
                    339     -1.428784163294113      1.337235244791308                    0.1                    0.1     0.4425013581816182                     10
                    340    -0.7640324644623501     0.9024572418146148                    0.1                    0.1     0.5474331273448241                     10
                    341     -1.964185532545552     0.5017269792393504                    0.1                    0.1     0.2618494602889986                     10
                    342     -1.759165394014401     0.5517206763839974                    0.1                    0.1       0.24160784853264                     10
                    343     -1.957540372869553     0.6622681791974248                    0.1                    0.1     0.2317710507528855                     10
                    344     -2.009816700611117     0.6708572184062201                    0.1                    0.1     0.2352092173751336                     10
                    345     -1.748993249547024     0.9517729464275212                    0.1                    0.1     0.2316418361433965                     10
                    346     -2.309155512723457     0.8517434581571377                    0.1                    0.1     0.3185467959361936                     10
                    347     -1.380427935157359      1.321069907110598                    0.1                    0.1     0.4149378486493081                     10
                    348     -1.064108850501241     0.8983884467204581                    0.1                    0.1     0.4475608571840408                     10
                    349    -0.8716399485147923     0.9538255975897205                    0.1                    0.1     0.5081105187329233                     10
                    350     -1.135089381583604     0.7288821730735938                    0.1                    0.1     0.4394898942871001                     10
                    351     -1.074621040360594     0.7532270152229622                    0.1                    0.1     0.4614158524376047                     10
                    352      -1.62731269895733      1.212147402855206                    0.1                    0.1     0.3490301622580912                     10
                    353     -1.196961833423525     0.7845353342947688                    0.1                    0.1     0.3779052866684596                     10
                    354     -1.375765105478384     0.7532588446043553                    0.1                    0.1     0.2927585234106665                     10
                    355     -1.090334223906793      0.644264652600249                    0.1                    0.1      0.431716004628269                     10
                    356     -1.329166714323354     0.2738225372339355                    0.1                    0.1      0.417167172624216                     10
                    357     -2.043050574219536     0.7779769009240974                    0.1                    0.1      0.227759673940057                     10
                    358     -1.592852036594738      1.431067418851863                    0.1                    0.1     0.5125933056068931                     10
                    359     -1.184904598021319     0.5982706036528629                    0.1                    0.1     0.3639215937177925                     10
                    360     -1.880284386332902    0.09223387114927885                    0.1                    0.1     0.4803434379882754                     10
                    361     -1.159420504197777     0.8893346951348496                    0.1                    0.1     0.3753174551445596                     10
                    362     -1.011634241649044      1.140924578802576                    0.1                    0.1     0.4727213704406133                     10
                    363     -1.921836534344041    0.08864473304545943                    0.1                    0.1     0.4693415340245683                     10
                    364     -1.140908153130949     0.9805420760447624                    0.1                    0.1     0.3639807780000209                     10
                    365     -2.352665625634923     0.3464386417523303                    0.1                    0.1     0.5162299321451108                     10
                    366     -1.023414747498327      1.296459487530377                    0.1                    0.1     0.5021401162882018                     10
                    367    -0.9372507031829816     0.3359422438817164                    0.1                    0.1     0.5501974483131377                     10
                    368     -2.243790038883171     0.7451386201673874                    0.1                    0.1     0.2521952633191879                     10
                    369     -1.117072384175902     0.4133460635042575                    0.1                    0.1     0.4574085494188516                     10
                    370     -2.225261592033796     0.6207149152249517                    0.1                    0.1     0.2923996258825028                     10
                    371      -1.14082459930011      1.268013568068957                    0.1                    0.1     0.4779363997903467                     10
                    372     -1.134647873423958      1.191897872838777                    0.1                    0.1     0.4238586996828103                     10
                    373     -1.776808093306264     0.2457892268710556                    0.1                    0.1     0.3635034617578606                     10
                    374      -1.28832839528136     0.8747024294917664                    0.1                    0.1     0.3147446239817082                     10
                    375     -0.787992418155337     0.5607839062713333                    0.1                    0.1     0.5543028295014775                     10
                    376     -2.299816852379315      1.059372481545192                    0.1                    0.1     0.3976820007479092                     10
                    377     -1.943317671494967     0.7013947563574924                    0.1                    0.1     0.2182037686761384                     10
                    378    -0.9877243198995614       1.32601763663168                    0.1                    0.1     0.4803920440017203                     10
                    379     -1.793261632570627     0.1844652487316937                    0.1                    0.1     0.3751691701901346                     10
                    380     -1.934426550366804      1.201684253955001                    0.1                    0.1     0.3443937657311932                     10
                    381     -2.004550994654842      0.403221066987567                    0.1                    0.1     0.3157172874531986                     10
                    382      -1.62444554746334      1.177068976449753                    0.1                    0.1      0.314691053359446                     10
                    383     -1.172532290361913     0.1977648308457244                    0.1                    0.1     0.5204406359308638                     10
                    384    -0.7348158979930631      1.325527561031435                    0.1                    0.1     0.5345694965956049                     10
                    385     -1.152020494905195     0.2132546877183398                    0.1                    0.1     0.4970902272187088                     10
                    386     -1.319003811061192      1.073189952789215                    0.1                    0.1     0.3294242580184995                     10
                    387     -1.097975692504168     0.2927564683816947                    0.1                    0.1     0.4764618389008948                     10
                    388     -2.186490295443982     0.6517080888568609                    0.1                    0.1     0.2560427959921174                     10
                    389     -2.055269326380085      1.220310322002678                    0.1                    0.1     0.3975956915165371                     10
                    390     -1.779864136537156      1.307001898315053                    0.1                    0.1     0.4212092176299087                     10
                    391     -1.401379655610826     0.3404042656899307                    0.1                    0.1     0.3466627549855765                     10
                    392     -1.859094213660588      1.191276085950955                    0.1                    0.1     0.3051579330022746                     10
                    393     -1.694818060918845       1.34018626695115                    0.1                    0.1     0.4299068477029722                     10
                    394     -1.847678674927185     0.5963804898170457                    0.1                    0.1     0.2190238819465936                     10
                    395      -2.02666170009357     0.5015683832257293                    0.1                    0.1     0.2735961726062228                     10
                    396     -2.407633776233101     0.5287067306189451                    0.1                    0.1     0.4781850622395484                     10
                    397     -2.174060002685788     0.4513254471899093                    0.1                    0.1     0.3599294458530782                     10
                    398     -2.081698662887007     0.6558831483178301                    0.1                    0.1     0.2346704866850015                     10
                    399      -1.58574648859672     0.8777617943947335                    0.1                    0.1     0.2488176061479022                     10
                    400     -1.306999392003843     0.8168899382319613                    0.1                    0.1     0.2947512622751139                     10
                    401     -2.008296788318005      1.248543748764505                    0.1                    0.1     0.3793832605535606                     10
                    402     -1.882173119379455     0.5270356613081992                    0.1                    0.1     0.2198225163416557                     10
                    403     -1.273281491301547      1.031014404528707                    0.1                    0.1     0.3249770811386601                     10
                    404      -1.82172003256197      0.944316498774856                    0.1                    0.1     0.2249207427263848                     10
                    405      -2.11580358640301      1.035026058041257                    0.1                    0.1     0.3196867743622731                     10
                    406     -1.831330823952596      1.081155129266786                    0.1                    0.1     0.2527487419969955                     10
                    407    -0.9220652767306322     0.9772281742023771                    0.1                    0.1     0.4675870583162713                     10
                    408     -2.184748456153434     0.9119550534767352                    0.1                    0.1     0.2724481631968982                     10
                    409     -1.552066647538471     0.7419694051723363                    0.1                    0.1     0.2526216477650869                     10
                    410    -0.8880051476783309     0.8313526031960121                    0.1                    0.1     0.4965595500699009                     10
                    411     -1.307265054441314       1.18819065339369                    0.1                    0.1     0.3496683001606443                     10
                    412      -2.37226729070954     0.6529136757606228                    0.1                    0.1     0.3723693608508166                     10
                    413      -1.81015722259297     0.8830201209524408                    0.1                    0.1     0.2142158246969432                     10
                    414    -0.5489241034396026      0.676227105595548                    0.1                    0.1     0.5544135242734346                     10
                    415     -1.427203773943701      1.103621590784269                    0.1                    0.1     0.2955990678221843                     10
                    416     -2.163500877253194      1.279154076548317                    0.1                    0.1     0.4813625240283944                     10
                    417     -1.744228829119669      1.278788698911384                    0.1                    0.1      0.357937165355921                     10
                    418     -1.950282056627879    0.07650901837109109                    0.1                    0.1     0.4617648517946951                     10
                    419    -0.7604699817013761      1.272123672424072                    0.1                    0.1     0.5031812249376033                     10
                    420     -1.223161418203446     0.5438941166043919                    0.1                    0.1     0.3510871431026927                     10
                    421     -2.501171412161096     0.5419118590506889                    0.1                    0.1     0.5080715572553853                     10
                    422     -1.614765816417633     0.3031811689615745                    0.1                    0.1     0.3232991170472664                     10
                    423     -2.133136236977459      1.039790846516333                    0.1                    0.1     0.3110809588972217                     10
                    424     -1.995333620113477       1.12740097096268                    0.1                    0.1     0.2946014789445131                     10
                    425      -1.99872273772039     0.9102912821522861                    0.1                    0.1     0.2274342910042078                     10
                    426     -1.637837790131404     0.8407532545472107                    0.1                    0.1     0.2302008148127199                     10
                    427     -1.606085744065887      0.656571002484865                    0.1                    0.1      0.231115316325865                     10
                    428     -2.374339945548145     0.9432192765862786                    0.1                    0.1     0.3709019365461332                     10
                    429     -1.416879522021116      1.055345119800311                    0.1                    0.1     0.2842807583864915                     10
                    430     -1.757975139004629     0.4847991712796517                    0.1                    0.1     0.2451020916056119                     10
                    431     -1.374757079411237     0.1685599519577332                    0.1                    0.1     0.4247709678950751                     10
                    432     -2.099060108333065     0.3481793090905794                    0.1                    0.1     0.3692255815333894                     10
                    433     -1.722293724110785     0.2424224595311445                    0.1                    0.1      0.337356608130984                     10
                    434     -1.801025545640529     0.3829406526403876                    0.1                    0.1     0.2817155172732361                     10
                    435     -1.859773375187679      1.278940844319278                    0.1                    0.1      0.352736374521593                     10
                    436     -1.153332144682245     0.5165649736416202                    0.1                    0.1     0.3733757638347853                     10
                    437     -1.476066130500786      0.955634888853046                    0.1                    0.1     0.2581434469150292                     10
                    438     -1.281703955586894      1.064686075287539                    0.1                    0.1     0.3066980192123931                     10
                    439     -1.952221683627515      1.256790360051565                    0.1                    0.1     0.3369591177186113                     10
                    440     -1.902547343910431      0.718026277280856                    0.1                    0.1     0.2095709449318876                     10
                    441     -1.327025004413675    0.06228866629530907                    0.1                    0.1     0.4954877855696961                     10
                    442     -1.435467244479533      1.429687385709681                    0.1                    0.1     0.4771683848634052                     10
                    443     -1.586757255492935     0.1628698267247788                    0.1                    0.1     0.3595692155785827                     10
                    444     -1.647264214215671    0.03978454343007735                    0.1                    0.1     0.4483575862667707                     10
                    445     -2.321132849451863     0.7972295094696705                    0.1                    0.1     0.2927247198395292                     10
                    446    -0.7410105380077078     0.8615870505189928                    0.1                    0.1       0.50655226894936                     10
                    447    -0.9252851106886723      1.062324276653567                    0.1                    0.1     0.4524220564074583                     10
                    448     -1.037661626269918     0.6615922003814004                    0.1                    0.1     0.4429109795156232                     10
                    449     -1.168055229856938      1.248070432381747                    0.1                    0.1     0.4205240758390658                     10
                    450     -2.102774426448957     0.5321753992086504                    0.1                    0.1     0.2812928073846968                     10
                    451     -1.654695411106659     0.4210062212026128                    0.1                    0.1     0.2587410496274362                     10
                    452     -1.031793977809703     0.4998494359735168                    0.1                    0.1      0.456417867637528                     10
                    453     -1.164702539977872     0.9183279023205195                    0.1                    0.1     0.3318918431530569                     10
                    454     -2.380967974743649     0.8146721742655129                    0.1                    0.1     0.3489648519668447                     10
                    455     -1.343375830154773     0.9446758939333791                    0.1                    0.1      0.275588334836083                     10
                    456     -1.366509564766611   0.007126745890691318                    0.1                    0.1     0.4890612879113486                     10
                    457     -1.891821401483705     0.2915890530550601                    0.1                    0.1       0.30799623652944                     10
                    458     -2.277284532732759     0.4854133086943519                    0.1                    0.1     0.3681953154583819                     10
                    459     -2.028400096263647      0.322617723270573                    0.1                    0.1     0.3294291655535035                     10
                    460      -2.14360690835075      1.091594833899152                    0.1                    0.1     0.3218234723866773                     10
                    461     -2.035141882427133     0.4246229945503975                    0.1                    0.1     0.2817629745491182                     10
                    462     -1.812030302489846      1.213446640167605                    0.1                    0.1     0.2825205825926418                     10
                    463     -1.054948667170697     0.5358573993901717                    0.1                    0.1     0.4116208909176897                     10
                    464     -1.065748222443951     0.8443982436046935                    0.1                    0.1     0.3868407184664281                     10
                    465     -1.903530116274864     0.7881095845921747                    0.1                    0.1     0.2051692372519398                     10
                    466     -1.567436549296177     0.8376151909449805                    0.1                    0.1     0.2373005601325933                     10
                    467     -1.322946374223298   -0.03494641690516215                    0.1                    0.1     0.4907645616658466                     10
                    468     -1.482664572544755      1.339350492011009                    0.1                    0.1     0.3931957771617236                     10
                    469    -0.8451995372996776     0.1171290911293551                    0.1                    0.1     0.5532414228248896                     10
                    470     -2.189313149211979      1.192316587726144                    0.1                    0.1     0.4066998546094562                     10
                    471     -2.218349489564358     0.4154995733373897                    0.1                    0.1     0.3606893596236065                     10
                    472     -1.367757149749153     0.2924646693711094                    0.1                    0.1     0.3502205116422609                     10
                    473     -1.631645120476139      1.166356754289057                    0.1                    0.1      0.285315814258945                     10
                    474     -1.909382979108702     0.3342858771859747                    0.1                    0.1     0.2797131520827716                     10
                    475     -1.576822930631645     0.3381216961478248                    0.1                    0.1     0.2885470044588517                     10
                    476     -2.117740421323759      1.099739271467285                    0.1                    0.1     0.2998685409519444                     10
                    477     -2.350128131286441     0.6033585438239449                    0.1                    0.1     0.3462974627383061                     10
                    478     -1.892890575905619      1.095234810860801                    0.1                    0.1     0.2461296112035716                     10
                    479     -1.856366689112498     0.2835481417943647                    0.1                    0.1     0.2909794158955035                     10
                    480    -0.6384873296377733      0.628936252095645                    0.1                    0.1     0.5281676100359429                     10
                    481     -1.874582841866078     0.8798769773018393                    0.1                    0.1     0.2020432099076546                     10
                    482     -1.894901873493377     0.9365495539412254                    0.1                    0.1     0.2058980254259225                     10
                    483     -1.931986819727605      0.729184761553918                    0.1                    0.1     0.1987244801348549                     10
                    484     -1.239218089403825     0.6737379656277851                    0.1                    0.1     0.3134397077346667                     10
                    485     -1.948799144020186     0.5944653971600022                    0.1                    0.1     0.2005795110932124                     10
                    486     -1.375968083682494     0.9186622482513297                    0.1                    0.1     0.2591687996623349                     10
                    487     -2.401558580153434     0.8514213523743352                    0.1                    0.1     0.3596993361699687                     10
                    488     -1.428983701533959     0.4302026490461273                    0.1                    0.1     0.3050025038334365                     10
                    489    -0.9918665268138473      1.036980311739817                    0.1                    0.1     0.4023195491482743                     10
                    490     -1.778933503220009     0.1741768979989094                    0.1                    0.1     0.3403818364126113                     10
                    491    -0.9571197937442332     0.9999632638037105                    0.1                    0.1     0.3964168928431231                     10
                    492     -1.465431322146085     0.7458150528554319                    0.1                    0.1     0.2526049186595045                     10
                    493      -1.97262162764716     0.4358447377117416                    0.1                    0.1     0.2427723726514663                     10
                    494    -0.6304925206526399      1.109332820283764                    0.1                    0.1     0.5254698474289848                     10
                    495    -0.7738817373753888      1.328345357645561                    0.1                    0.1     0.4870326873377314                     10
                    496     -1.888572426272913     0.8550461618168786                    0.1                    0.1     0.1923565716813162                     10
                    497     -1.590872866044017      1.087379557881348                    0.1                    0.1     0.2642572639869884                     10
                    498     -1.295769600430501      1.183414266057818                    0.1                    0.1     0.3241638662119601                     10
                    499     -1.053175725356034     0.5501643561311355                    0.1                    0.1     0.3934982060661098                     10
                    500     -2.435726304957347     0.6418061523483086                    0.1                    0.1     0.3999570790568626                     10
