#! FIELDS time p.x p.y sigma_p.x sigma_p.y height biasf
#! SET multivariate false
#! SET kerneltype gaussian
                      1     0.5359345048985981     -1.610178939893185                    0.1                    0.1     0.5555555555555556                     10
                      2      2.116874437443058    -0.8542151282197313                    0.1                    0.1     0.5555555555555556                     10
                      3      1.985051357734387     -1.043210682735658                    0.1                    0.1     0.5533847657506049                     10
                      4       1.55088484522378      -1.08874113850393                    0.1                    0.1     0.5555555555555556                     10
                      5      1.551521014810513    -0.7097898424437449                    0.1                    0.1     0.5555555555555556                     10
                      6      2.052404177841888    -0.8287562597781221                    0.1                    0.1     0.5293996722575175                     10
                      7      1.795670843088748    -0.7985621956021381                    0.1                    0.1     0.5530502258834913                     10
                      8      1.921416483001402    -0.7823290648406567                    0.1                    0.1     0.5269380298821571                     10
                      9      1.914871317899386    -0.9631468555422124                    0.1                    0.1     0.5226104686014736                     10
                     10      1.483840194140762     -1.035252031532512                    0.1                    0.1     0.5344301916143666                     10
                     11      1.349739542497705     -1.181495774549383                    0.1                    0.1     0.5487798331418703                     10
                     12      2.070208591704228    -0.9960405093888463                    0.1                    0.1     0.5115623300934917                     10
                     13      1.799905951969681    -0.9499455529606329                    0.1                    0.1     0.5227239215831904                     10
                     14      1.753200166383815     -1.052351854817542                    0.1                    0.1      0.527473237633979                     10
                     15      1.796572819306715    -0.8617333592203498                    0.1                    0.1     0.4890187941186803                     10
                     16      1.921513089986672    -0.6698530514375356                    0.1                    0.1     0.5275506833334993                     10
                     17     0.7215557683045462     -1.266711724865212                    0.1                    0.1     0.5555555555555556                     10
                     18      1.839890311707851    -0.8628984614537427                    0.1                    0.1     0.4576702967456063                     10
                     19      2.009504966311074    -0.5468216803660605                    0.1                    0.1     0.5442660025974454                     10
                     20      1.451729878757648     -1.008590968975616                    0.1                    0.1     0.5117644335574463                     10
                     21      2.027030769748736    -0.8565038557861195                    0.1                    0.1     0.4663450052471833                     10
                     22      1.343862183852997    -0.9954758768083909                    0.1                    0.1     0.5226864432944545                     10
                     23      1.992835338948574    -0.7849696967826724                    0.1                    0.1     0.4549450168406401                     10
                     24      1.605021855177957     -0.867397149899083                    0.1                    0.1     0.5242016901044579                     10
                     25      1.555374840403471    -0.5893158988412693                    0.1                    0.1     0.5400659892665198                     10
                     26      1.873083633693813    -0.6283993488045542                    0.1                    0.1     0.5036972077356058                     10
                     27      1.918744699184931     -1.191480487337468                    0.1                    0.1     0.5402970656416218                     10
                     28      1.722041274574426     -1.057301635480191                    0.1                    0.1      0.495869914827174                     10
                     29      1.736862660267335    -0.4304484325487776                    0.1                    0.1     0.5515757533143628                     10
                     30      1.936849735155037    -0.9446639899631252                    0.1                    0.1     0.4371858706292111                     10
                     31      1.374466910455795    -0.9102597576184185                    0.1                    0.1     0.5126505890090834                     10
                     32      1.306717224045908      -0.93167614179716                    0.1                    0.1     0.5009598237896984                     10
                     33      1.526587063291406    -0.7428344906180133                    0.1                    0.1     0.5056117357543208                     10
                     34      1.456383956238233     -1.217534681707677                    0.1                    0.1     0.5211992431659053                     10
                     35      1.829099912033907    -0.5728538676380195                    0.1                    0.1     0.5042042017749598                     10
                     36      1.777338090777767    -0.5656739366450769                    0.1                    0.1     0.4934215750251463                     10
                     37      1.693521819171471    -0.6963208472396218                    0.1                    0.1     0.4906581773993841                     10
                     38      1.855072158168983    -0.2056132732518091                    0.1                    0.1     0.5543347940060904                     10
                     39      1.646193045603626    -0.2365486797716463                    0.1                    0.1     0.5491167542962166                     10
                     40      1.617170162651437      -1.05688583088911                    0.1                    0.1     0.4782922988928184                     10
                     41      2.067421638679756     -1.106189590468236                    0.1                    0.1     0.5076742804181134                     10
                     42      1.967778092219584     -1.044781216634848                    0.1                    0.1     0.4456977619556506                     10
                     43      1.081897987852448     -1.075974064793518                    0.1                    0.1     0.5535067894832488                     10
                     44      1.613703438115283     -0.449128877230242                    0.1                    0.1     0.5226497019417319                     10
                     45      1.704137001686708    -0.6823964660002402                    0.1                    0.1     0.4657983973093106                     10
                     46      1.888818540058214    -0.6984567067439228                    0.1                    0.1     0.4309601556230196                     10
                     47      1.819793844613676    -0.9282998964330361                    0.1                    0.1     0.4164582468378935                     10
                     48      1.431742227205058    -0.8910999324441394                    0.1                    0.1      0.472698614180991                     10
                     49      1.618921202742906     -1.024425065777925                    0.1                    0.1     0.4523238536181264                     10
                     50      1.657759274454407    -0.7912531218733421                    0.1                    0.1     0.4523709376218032                     10
                     51      1.562266611116078    -0.9383750409180375                    0.1                    0.1     0.4435603400482854                     10
                     52      1.706675863444941    -0.7304254452726082                    0.1                    0.1     0.4239296973878984                     10
                     53      0.956311031290305    -0.9087281719716469                    0.1                    0.1     0.5520524773852771                     10
                     54      2.047033531058761    -0.6685870962080543                    0.1                    0.1     0.4827218296203053                     10
                     55      1.028180663557315     -1.136555178432841                    0.1                    0.1     0.5317538707061044                     10
                     56      1.822733792384632    -0.8009796972847327                    0.1                    0.1     0.3909719227297963                     10
                     57      1.471345114051986     -1.110814872452561                    0.1                    0.1     0.4471136705196666                     10
                     58      1.982980397578013     -1.184138603409089                    0.1                    0.1     0.4912227825206494                     10
                     59      1.552765311221393    -0.5648970171006795                    0.1                    0.1     0.4853515781098505                     10
                     60      1.440522482619016    -0.2858587264910901                    0.1                    0.1     0.5500210708360415                     10
                     61      1.816133482108013    -0.7767111448098982                    0.1                    0.1     0.3786179879306688                     10
                     62      2.176194606980228    -0.8433249891881172                    0.1                    0.1      0.495329300793973                     10
                     63      1.421931707457571    -0.5818073698225835                    0.1                    0.1     0.5190838630314273                     10
                     64      1.678699215812528    -0.6400823362334701                    0.1                    0.1     0.4191906764526374                     10
                     65      1.562055482289571     -1.285957992667008                    0.1                    0.1     0.5287086178607713                     10
                     66      1.887116795060672    -0.5075472848196692                    0.1                    0.1     0.4762938597088741                     10
                     67      1.368332923067561    -0.6473512003543512                    0.1                    0.1     0.5156898627264241                     10
                     68      1.861343561095811     -0.901340502652332                    0.1                    0.1     0.3727182126702346                     10
                     69      1.661362699453842    -0.7099300742590176                    0.1                    0.1     0.3905215271842457                     10
                     70      1.945039607591042    -0.7205357074677105                    0.1                    0.1     0.3908233040186057                     10
                     71      2.217069445327417    -0.7986253405530348                    0.1                    0.1     0.5008173084667071                     10
                     72      1.316485121653054    -0.6663330221073205                    0.1                    0.1     0.5114203855753725                     10
                     73      1.581491506911127    -0.8695817194811938                    0.1                    0.1     0.4255358990605376                     10
                     74      1.877471531781636     -1.134203671837577                    0.1                    0.1     0.4624289177513244                     10
                     75      1.482682242258756      -1.17206727859878                    0.1                    0.1     0.4469101803027702                     10
                     76       1.87143772997092    -0.3909968962404812                    0.1                    0.1     0.5105028065914105                     10
                     77      1.296157050246764     -1.011766796822769                    0.1                    0.1     0.4695113268512422                     10
                     78      2.096321371767205    -0.8272441916634737                    0.1                    0.1     0.4155363175713025                     10
                     79      1.501294563409686    -0.7594911126865291                    0.1                    0.1     0.4324503350707484                     10
                     80      1.997199874429943    -0.9146164121119443                    0.1                    0.1     0.3810420155706512                     10
                     81      0.897692738092239     -0.796152275820182                    0.1                    0.1     0.5418777254987501                     10
                     82      2.245607127742475     -1.146952287828922                    0.1                    0.1     0.5459556555350895                     10
                     83      1.232042634709517     -1.053781927538857                    0.1                    0.1     0.4873441323573524                     10
                     84     0.7671159149452557     -1.196341458761946                    0.1                    0.1     0.5332401826048522                     10
                     85      1.556543322595353    -0.5945491065188583                    0.1                    0.1     0.4222285247581973                     10
                     86      1.691505457823252     -1.107621341686894                    0.1                    0.1     0.4474026195617242                     10
                     87      1.405874847260477     -1.415603009254163                    0.1                    0.1     0.5454613183352635                     10
                     88      2.334649335235432    -0.7537687246294005                    0.1                    0.1     0.5343715122355531                     10
                     89     0.8885674362579185     -1.063089758090485                    0.1                    0.1      0.527859093912184                     10
                     90       1.10866139164576     -1.371268295172416                    0.1                    0.1     0.5531273798304872                     10
                     91      2.068936883709704    -0.7946433147969574                    0.1                    0.1     0.3882503246800645                     10
                     92      1.650047156661645    -0.7576754126741195                    0.1                    0.1     0.3671886241121231                     10
                     93      1.585321687737153    -0.5273889163798466                    0.1                    0.1     0.4328680483041669                     10
                     94      1.219703024393733     -1.251893472447564                    0.1                    0.1     0.5233757465281399                     10
                     95      2.111279902579025    -0.5152257991326171                    0.1                    0.1     0.5238844198515086                     10
                     96      1.232093466912566    -0.8684579578140883                    0.1                    0.1      0.500957873067135                     10
                     97      1.638445700638806     -1.299622466452699                    0.1                    0.1     0.5153252742855732                     10
                     98      1.134561645201343    -0.7919465847132847                    0.1                    0.1     0.5296402630663034                     10
                     99      1.017757973455471    -0.4909730993598682                    0.1                    0.1      0.555186523166831                     10
                    100      2.330223996371282    -0.9769367128589936                    0.1                    0.1     0.5380172339878511                     10
                    101      1.205926841848642     -1.079960417188541                    0.1                    0.1     0.4687409456793549                     10
                    102      1.854664757709689    -0.3913565878977622                    0.1                    0.1     0.4818367394984309                     10
                    103      1.705118211480049     -1.171444644285793                    0.1                    0.1     0.4603791421526048                     10
                    104      2.150492599136599    -0.6807534890388613                    0.1                    0.1     0.4707145442125865                     10
                    105      1.494475186202274    -0.5313266042741516                    0.1                    0.1     0.4375718297290004                     10
                    106      1.891203147313102    -0.9281301553393586                    0.1                    0.1     0.3535632779458183                     10
                    107      1.404520758564506    -0.7908916076275956                    0.1                    0.1     0.4471390372794167                     10
                    108      2.291140565223198    -0.6371293051950425                    0.1                    0.1     0.5199987392634674                     10
                    109      1.600944711477332    -0.8471600776453053                    0.1                    0.1      0.383319090148736                     10
                    110      1.669407600646407     -1.108788018748438                    0.1                    0.1     0.4059857710230641                     10
                    111      2.130411022243255    -0.4881188999105069                    0.1                    0.1     0.5032563590841596                     10
                    112      1.406618544079091    -0.9537312595510054                    0.1                    0.1     0.3945004921121637                     10
                    113      1.801627987905331    -0.7918811493288814                    0.1                    0.1     0.3372352128266706                     10
                    114      1.724473281332181    -0.6105442012837734                    0.1                    0.1     0.3804340122613191                     10
                    115      1.939417353033866    -0.8887022420309314                    0.1                    0.1     0.3349897511086303                     10
                    116      1.411491587382791    -0.3396696385793209                    0.1                    0.1     0.5208700422759357                     10
                    117      1.933391689743013     -1.055972462327047                    0.1                    0.1     0.3878011689224701                     10
                    118      1.738446752779768     -1.153083883427356                    0.1                    0.1     0.4221790446706649                     10
                    119       1.19005932094906    -0.3928373065266811                    0.1                    0.1     0.5474119283657957                     10
                    120      2.197074678680138    -0.6795119332393182                    0.1                    0.1     0.4532322810105794                     10
                    121      1.058812612554669    -0.9779324582385212                    0.1                    0.1     0.4915637474164267                     10
                    122       1.68220033819052    -0.8762044359754467                    0.1                    0.1     0.3646692397894667                     10
                    123      1.836371499220502    -0.6588258599197622                    0.1                    0.1     0.3579553630773654                     10
                    124      1.443673182991108    -0.6241291262347949                    0.1                    0.1     0.4123980357590573                     10
                    125      1.532905212854544     -1.069580081162547                    0.1                    0.1     0.3764622957825819                     10
                    126      2.092902170522378    -0.9628217457790155                    0.1                    0.1     0.4057217212166286                     10
                    127      1.413009312209665     -1.179115028466633                    0.1                    0.1     0.4275436439891704                     10
                    128      1.342407292522143    -0.5574394359299858                    0.1                    0.1     0.4704967853594832                     10
                    129      1.520231383611159    -0.8846172958586469                    0.1                    0.1     0.3738588791991654                     10
                    130      1.220838832648599     -1.140132360085336                    0.1                    0.1     0.4545213803842648                     10
                    131      1.344063474675058     -1.159548947368454                    0.1                    0.1     0.4180569510723001                     10
                    132      1.400287556666387     -1.266545149370565                    0.1                    0.1     0.4459922106575687                     10
                    133      1.389497346290732    -0.4114345656710002                    0.1                    0.1     0.4867696501096184                     10
                    134      1.645631577446431     -1.069691769262688                    0.1                    0.1     0.3601961764770767                     10
                    135      1.565931328045892    -0.7315498232104816                    0.1                    0.1     0.3457441886384627                     10
                    136     0.7393825621529059    -0.8454265270685453                    0.1                    0.1     0.5446513140383791                     10
                    137      1.953475020993976     -1.152616670169957                    0.1                    0.1     0.4206763991029306                     10
                    138      1.578159092490838    -0.9448602355715344                    0.1                    0.1     0.3511919323009715                     10
                    139      1.188354729357649    -0.8533919777400462                    0.1                    0.1     0.4716111212210235                     10
                    140      1.531963861236943    -0.9691178011512173                    0.1                    0.1     0.3394885472164355                     10
                    141      1.977815717240886    -0.5765933627320635                    0.1                    0.1     0.4169239867379176                     10
                    142      2.001086897662207    -0.9517858557143136                    0.1                    0.1     0.3392787836846621                     10
                    143       1.27499362935755    -0.5615354380303497                    0.1                    0.1     0.4798519704595293                     10
                    144      1.991706479770571    -0.9478302860697114                    0.1                    0.1     0.3243338388628268                     10
                    145      1.128035791877868    -0.8567623862867669                    0.1                    0.1     0.4658328283502965                     10
                    146      1.357786423974545    -0.8819335523110925                    0.1                    0.1     0.3895547840678464                     10
                    147       1.65424087854512     -1.105411968941169                    0.1                    0.1      0.350720230196792                     10
                    148      1.599593543067618    -0.5542480689971548                    0.1                    0.1     0.3753560392383558                     10
                    149      1.306485523168219     -1.323427187773049                    0.1                    0.1     0.4809947361831169                     10
                    150      1.350954095893082   -0.07162517772182377                    0.1                    0.1     0.5526474042736743                     10
                    151      1.196950443886782     -1.321196630999609                    0.1                    0.1      0.483831350451882                     10
                    152      1.277108526263638    -0.7370529050673302                    0.1                    0.1     0.4507120169150849                     10
                    153      0.924696135795293    -0.8527482512612318                    0.1                    0.1     0.4885263216022981                     10
                    154      2.182161021578505    -0.7323825948035911                    0.1                    0.1     0.4112730283502401                     10
                    155      1.755103012310524     -1.209924787749793                    0.1                    0.1     0.4328968250195915                     10
                    156      1.004196025839059    -0.6471174072104136                    0.1                    0.1     0.5300878535225025                     10
                    157      1.969609400008978    -0.9897437019781954                    0.1                    0.1     0.3209171582076052                     10
                    158      1.114791121922519      -0.82255603480828                    0.1                    0.1     0.4455700208050496                     10
                    159      2.250826027759952    -0.5491433744257984                    0.1                    0.1     0.4918355413842712                     10
                    160      1.624522637195962     -1.260519669652197                    0.1                    0.1     0.4326757072779811                     10
                    161      1.563997508024471    -0.4089301845872647                    0.1                    0.1     0.4558389440638433                     10
                    162      1.599187788703387    -0.9454555339575966                    0.1                    0.1     0.3274409850543426                     10
                    163      1.083078602985495     -0.857533049358091                    0.1                    0.1     0.4295601622005541                     10
                    164      2.024059043797942    -0.5420495567934634                    0.1                    0.1     0.4228377893774948                     10
                    165      1.138498511997697    -0.9404681234020048                    0.1                    0.1      0.411842716875252                     10
                    166      1.154960812413691    -0.2130687753307783                    0.1                    0.1     0.5468891468715127                     10
                    167      1.828200987222319    -0.6082339712741731                    0.1                    0.1     0.3575884099869397                     10
                    168       1.73407185103917    -0.6677950694783561                    0.1                    0.1     0.3231962797645957                     10
                    169      1.722925441970921     -1.277326557757972                    0.1                    0.1     0.4482413437097897                     10
                    170      2.031347635638825     -1.057034634216131                    0.1                    0.1     0.3633900765367932                     10
                    171       2.07017969883848     -0.962199644888563                    0.1                    0.1     0.3412093785277726                     10
                    172      1.350656684475725    -0.4408444164513815                    0.1                    0.1     0.4582984006552824                     10
                    173      1.840871520186421    -0.8029837066520585                    0.1                    0.1     0.3028081483299502                     10
                    174      1.769949914785951    -0.2686934824167186                    0.1                    0.1     0.4982609607348272                     10
                    175      1.490037524166404    -0.9571101801953412                    0.1                    0.1     0.3240778782040774                     10
                    176      1.707090460827804     -1.007527231868719                    0.1                    0.1      0.332776718865889                     10
                    177      1.269436989907681    -0.4300925042006686                    0.1                    0.1     0.4695275647738215                     10
                    178      1.191324121721713     -1.172123031777168                    0.1                    0.1     0.4317340376515987                     10
                    179      2.008759782637022    -0.8452005477568706                    0.1                    0.1     0.3043437761585702                     10
                    180      1.133539117275409     -0.662950291711506                    0.1                    0.1     0.4851526472355926                     10
                    181      1.878020725841312    -0.7078153532709129                    0.1                    0.1     0.3125747861164356                     10
                    182      1.842170124052965    -0.5037109119081731                    0.1                    0.1     0.3925299693526202                     10
                    183      1.659830866485267    -0.3947721546078678                    0.1                    0.1     0.4451481567281085                     10
                    184      2.266789403760641    -0.5235568702132291                    0.1                    0.1     0.4832805484943716                     10
                    185      1.164843326532722     -1.100502603989064                    0.1                    0.1     0.4093464008757542                     10
                    186      1.365895476170967    -0.8543884006004782                    0.1                    0.1     0.3717821866907077                     10
                    187      1.779970794527891     -1.279933446525391                    0.1                    0.1     0.4517753578299746                     10
                    188      1.425237989183624    -0.8349082239720841                    0.1                    0.1      0.351976651937109                     10
                    189      1.961730867059374    -0.7714687595782738                    0.1                    0.1     0.3062238938663626                     10
                    190      1.579779291645508     -1.053569816547196                    0.1                    0.1     0.3049375278185067                     10
                    191     0.6005224857733993     -1.531268669989469                    0.1                    0.1     0.5370296257643994                     10
                    192      1.946880630845774    -0.4208070104002516                    0.1                    0.1      0.447906713432608                     10
                    193      1.728632124841639    -0.4718003661905573                    0.1                    0.1     0.3937327627844685                     10
                    194       1.69581725185841     -1.289315562523044                    0.1                    0.1     0.4156283267137243                     10
                    195      1.252997935073239     -0.895214678057171                    0.1                    0.1     0.3683175155150495                     10
                    196     0.1963838207872138     -1.417215704413276                    0.1                    0.1     0.5555555555555556                     10
                    197   -0.09900656690593918     -1.733019075892304                    0.1                    0.1     0.5555555555555556                     10
                    198   -0.01389866715143478     -1.641182737956309                    0.1                    0.1       0.54133851985854                     10
                    199      1.759470627871195     -0.323785371641565                    0.1                    0.1      0.442535911816885                     10
                    200      2.091210276055559     -0.862662405968496                    0.1                    0.1     0.3211630111925793                     10
                    201      1.811771937527361     -1.092963468729753                    0.1                    0.1     0.3533766915182716                     10
                    202      1.166232947386887    -0.2201004547675776                    0.1                    0.1      0.514455053625507                     10
                    203      1.449999053200199     -1.197150274478916                    0.1                    0.1     0.3726723890074378                     10
                    204      1.598180452522864    -0.1728737725268099                    0.1                    0.1     0.5160064906671366                     10
                    205      2.203983951954223     -1.111803287963448                    0.1                    0.1     0.4883302559212366                     10
                    206      1.106626814459348     -1.160990874938542                    0.1                    0.1     0.4311627260964189                     10
                    207      1.735427643298138    -0.8937373736037908                    0.1                    0.1     0.3164995295600701                     10
                    208       1.10461346636741     -0.881718461903075                    0.1                    0.1     0.3854619743838572                     10
                    209       0.29872604111495     -1.063492849264972                    0.1                    0.1     0.5555515835239879                     10
                    210     0.4419042577884284     -1.148425623485409                    0.1                    0.1     0.5474356784259719                     10
                    211       1.50858212868389    -0.1437354876851706                    0.1                    0.1     0.5106432941148098                     10
                    212      1.856438748160393     -1.251772495467107                    0.1                    0.1     0.4316337413012592                     10
                    213      1.201619396286025    -0.6765894435704181                    0.1                    0.1     0.4414113685796509                     10
                    214      2.323172007881112    -0.8704373529351543                    0.1                    0.1     0.4869171592773298                     10
                    215      1.885688605345831     -1.271773777721744                    0.1                    0.1     0.4387522437928713                     10
                    216      1.239112768248439    -0.7206849385367243                    0.1                    0.1     0.4019860835489381                     10
                    217      1.731721029565887    -0.9251522353287004                    0.1                    0.1     0.3110645779016138                     10
                    218      1.896534498152588    -0.7900153480928033                    0.1                    0.1     0.2788066196162518                     10
                    219      1.181189173429907    -0.5373118867923575                    0.1                    0.1     0.4653296342960925                     10
                    220     0.8714967133852578     -1.256195892930137                    0.1                    0.1     0.5205481532599685                     10
                    221      1.557403062774077     -0.855413589555402                    0.1                    0.1     0.3062763681752528                     10
                    222     0.8200156822995824     -1.447259631883458                    0.1                    0.1     0.5443441288818526                     10
                    223      1.908493708335419    -0.6322183791317685                    0.1                    0.1     0.3210063715138081                     10
                    224      1.847742614952935     -1.119596072949594                    0.1                    0.1     0.3429364230201171                     10
                    225      1.878881996863371    -0.7372001105777223                    0.1                    0.1     0.2759370481732615                     10
                    226      1.638708307789122    -0.6043007049178269                    0.1                    0.1     0.3260491709720021                     10
                    227     0.7497549180108697     -1.148278947151568                    0.1                    0.1     0.5003062912744372                     10
                    228     0.5405351968013814     -1.357377601554716                    0.1                    0.1     0.5413476453952706                     10
                    229      1.894035363608561    -0.2842764056079744                    0.1                    0.1      0.469187794295342                     10
                    230      2.069972830385386    -0.4920691684091413                    0.1                    0.1     0.4227098014805274                     10
                    231      1.374718308924618     -1.121257928756114                    0.1                    0.1     0.3547583997697919                     10
                    232       1.37325336367909     -0.540401470492151                    0.1                    0.1     0.3904186678332652                     10
                    233      1.619127743820683     -1.152402651759211                    0.1                    0.1     0.3200439428979918                     10
                    234     0.7103858264935743    -0.5902532539948534                    0.1                    0.1     0.5532221457127631                     10
                    235      2.058924690525157    -0.6818708463734939                    0.1                    0.1     0.3530528540138447                     10
                    236      1.090910318099521     -1.330907625053257                    0.1                    0.1     0.4836696533255788                     10
                    237      1.871493227988974    -0.3458849042036258                    0.1                    0.1     0.4147687387744863                     10
                    238      1.323913809446377     -1.292478211865044                    0.1                    0.1     0.4161614475089784                     10
                    239     0.7886928953272729    -0.8681267255564628                    0.1                    0.1     0.4970870313776093                     10
                    240      2.197399339751978    -0.9065815609947279                    0.1                    0.1     0.4004214947374355                     10
                    241      1.018424387715817    -0.7129425075079092                    0.1                    0.1     0.4563452662697466                     10
                    242      1.398257788469496     -1.157187421784556                    0.1                    0.1     0.3381326028347507                     10
                    243      2.090344183008165    -0.5440209934325251                    0.1                    0.1      0.386917078106829                     10
                    244      1.114744443218644     -1.000099433554148                    0.1                    0.1     0.3855095227269791                     10
                    245     0.3230228434723718      -1.32467389489432                    0.1                    0.1     0.5397923752760981                     10
                    246      1.094678735925243     -1.151358711422516                    0.1                    0.1     0.4041343225554584                     10
                    247      0.637436626204281     -1.408497844421172                    0.1                    0.1     0.5094761267949781                     10
                    248       1.97521513982149    -0.3831082472782716                    0.1                    0.1     0.4302400788910904                     10
                    249      1.798177146915771    -0.9934410397557447                    0.1                    0.1     0.3043610447516625                     10
                    250      1.658287474749263    -0.3528561463898656                    0.1                    0.1      0.418027705989071                     10
                    251      1.614075261510377     -1.258044472442791                    0.1                    0.1     0.3711997668913758                     10
                    252      1.940721641797742    -0.6581690009586616                    0.1                    0.1     0.2988292526009428                     10
                    253      2.040630214491566     -1.170081230958755                    0.1                    0.1     0.4144022462499288                     10
                    254      1.396187492203425    -0.5053147289825952                    0.1                    0.1     0.3820038546336778                     10
                    255      1.684081535351064     -1.113649716425402                    0.1                    0.1     0.2893096914174212                     10
                    256       1.59896516726106   -0.07164275734606758                    0.1                    0.1     0.5137233035145651                     10
                    257     0.8249605426938248     -1.570527307737513                    0.1                    0.1     0.5372764259367689                     10
                    258     0.6847757947432367     -1.172933116097308                    0.1                    0.1     0.4876779356605815                     10
                    259      1.375611988969771     -0.984125308909966                    0.1                    0.1      0.320223540613822                     10
                    260      1.491707749423696    -0.6544582968911222                    0.1                    0.1     0.3374579857033504                     10
                    261      1.722029511917313    -0.9157010159535131                    0.1                    0.1     0.2907430396189638                     10
                    262      2.227167765493895    -0.9165678348422959                    0.1                    0.1     0.4097492185517664                     10
                    263      1.292239022309153     -1.300004437631714                    0.1                    0.1     0.4024419431660579                     10
                    264      1.294162327668406    -0.9491988906006057                    0.1                    0.1      0.328895957603442                     10
                    265      2.031785094614353    -0.6173325972555863                    0.1                    0.1     0.3334024074201422                     10
                    266     0.6425326471790682    -0.8344079373594931                    0.1                    0.1      0.525286230878775                     10
                    267     0.8727197979291722     -1.524675932741469                    0.1                    0.1     0.5100915317419099                     10
                    268      1.019209148573155      -1.04000640572611                    0.1                    0.1      0.413869706241761                     10
                    269      1.768805941757684    -0.5513828847399392                    0.1                    0.1     0.3286547720976329                     10
                    270      1.870191472375124    -0.6786796678261828                    0.1                    0.1     0.2683654790383597                     10
                    271       1.37241537416387    -0.5410725359403645                    0.1                    0.1     0.3593473459266774                     10
                    272     0.9425117215796466     -1.368062628107523                    0.1                    0.1     0.5025597373239077                     10
                    273       1.34176151315549    -0.5539365678346069                    0.1                    0.1      0.353090614012124                     10
                    274      2.268265203418016    -0.8809023562364643                    0.1                    0.1     0.4100599089372527                     10
                    275     0.9772635133413119    -0.8093773194066846                    0.1                    0.1     0.4203819341687678                     10
                    276      1.103881890972926    -0.4019190502411666                    0.1                    0.1     0.4935778377339697                     10
                    277      2.396746625840949    -0.6719957987666869                    0.1                    0.1     0.5017970462847084                     10
                    278      1.214073533898435    -0.4016142114752191                    0.1                    0.1     0.4392191395543499                     10
                    279      2.077221987531556    -0.8433565495932808                    0.1                    0.1     0.2870619618000019                     10
                    280      1.453477947895019    -0.8431230475524442                    0.1                    0.1     0.3148261575329547                     10
                    281      1.523258312337354     -0.887746385168974                    0.1                    0.1     0.2841829318909155                     10
                    282      2.048332996658225    -0.6345027298575674                    0.1                    0.1     0.3230529587844514                     10
                    283      0.897305799280536     -1.139367861027024                    0.1                    0.1     0.4624789666327414                     10
                    284     0.9010444462909916     -1.286811721677887                    0.1                    0.1     0.4649358674809321                     10
                    285      2.227682017448558    -0.5238979613815459                    0.1                    0.1     0.4291811688804705                     10
                    286       2.18040410880218    -0.7142935680400466                    0.1                    0.1       0.35514840900747                     10
                    287      1.988865036353495     -1.042776414687838                    0.1                    0.1     0.3009075474646059                     10
                    288      1.622341210515869    -0.8159499975501007                    0.1                    0.1     0.2838517021318925                     10
                    289      1.683160528745612    -0.7980271517766229                    0.1                    0.1      0.274968441980766                     10
                    290      1.649384228012769    -0.4869491013719124                    0.1                    0.1     0.3497068897736449                     10
                    291      2.030320623075216    -0.5374865640393095                    0.1                    0.1     0.3324349755587412                     10
                    292      1.950295064907998    -0.9507339587057128                    0.1                    0.1     0.2606828491844141                     10
                    293      1.602376668423123    -0.4488819007345872                    0.1                    0.1     0.3591687983698902                     10
                    294      1.653032167049672    -0.9718050649397113                    0.1                    0.1     0.2706315561106308                     10
                    295      1.960352710877012    -0.7547602475605609                    0.1                    0.1     0.2577583538777473                     10
                    296      1.307325516125382     -1.055171840260046                    0.1                    0.1     0.3275539125517291                     10
                    297      1.951317521907678    -0.6882564289981639                    0.1                    0.1       0.25916996587634                     10
                    298      1.740942148354146    -0.9609545015774296                    0.1                    0.1      0.273164103520453                     10
                    299      1.601238821132037     -0.373844248059602                    0.1                    0.1     0.3872766949020651                     10
                    300      1.767863948987402    -0.7165372931895858                    0.1                    0.1      0.260039432935786                     10
                    301     0.9471898504893671     -1.358448916096256                    0.1                    0.1     0.4603150412403823                     10
                    302      1.716047820481454    -0.6856594214139907                    0.1                    0.1       0.26705762993925                     10
                    303     0.7091100512174739    -0.4095334662584897                    0.1                    0.1     0.5493835637142495                     10
                    304      2.371762522304659    -0.8830681673561583                    0.1                    0.1     0.4640951107669042                     10
                    305      2.058347233399563    -0.6927926046354039                    0.1                    0.1     0.2889979436240538                     10
                    306      2.112657685901235    -0.6212682620752085                    0.1                    0.1     0.3188699411129243                     10
                    307     0.8525746909727029      -1.12858032861526                    0.1                    0.1      0.439600475325028                     10
                    308     0.3604514715249828     -1.692949335445268                    0.1                    0.1     0.5502381959336955                     10
                    309      1.156950742533225    -0.7628427802906261                    0.1                    0.1     0.3688857685230415                     10
                    310      1.460223126073396     -1.221031450155089                    0.1                    0.1     0.3410183511637992                     10
                    311    0.06693836997479459     -1.103824673706737                    0.1                    0.1     0.5534192068459431                     10
                    312    -0.5516316974989708     -1.154025585729605                    0.1                    0.1     0.5555555555555556                     10
                    313 -0.0005930124414103379     -1.864321332724501                    0.1                    0.1     0.5451272275331935                     10
                    314    -0.1580986051342592     -1.609042137565299                    0.1                    0.1     0.5335002314370521                     10
                    315    -0.2145377750016507     -1.535206234057058                    0.1                    0.1     0.5322300282178744                     10
                    316    0.09807385661568592     -1.203040406041037                    0.1                    0.1     0.5333644938610597                     10
                    317     0.1180962919599972     -1.214955168314819                    0.1                    0.1     0.5072901860465346                     10
                    318    -0.3051977808834226     -1.538437271042815                    0.1                    0.1     0.5279676376439649                     10
                    319    -0.2117842046602129     -1.091934478674064                    0.1                    0.1     0.5547136575957389                     10
                    320      1.684988687380031     -1.115254354152028                    0.1                    0.1      0.275023479682918                     10
                    321      1.335367562711689    -0.7934954524112443                    0.1                    0.1     0.3438713679081721                     10
                    322      1.295823851294956     -1.003143330462652                    0.1                    0.1     0.3109420182168224                     10
                    323     0.9421851116999082     -1.139231674560043                    0.1                    0.1     0.4134167392961202                     10
                    324      1.234160381035666     -1.276132370700562                    0.1                    0.1     0.3823075675650277                     10
                    325      1.573412827283014    -0.2239337356934887                    0.1                    0.1       0.44349533394748                     10
                    326       1.22091859612461    -0.7593122296882947                    0.1                    0.1     0.3489550942887978                     10
                    327      1.033990641613703    -0.9858675916033901                    0.1                    0.1     0.3753379916908156                     10
                    328    -0.3396514301099048     -1.395305125563047                    0.1                    0.1     0.5398458389588261                     10
                    329   -0.01078049161800963     -1.751066604584191                    0.1                    0.1     0.5013534092405874                     10
                    330     0.7708319170592639    -0.9854981930392038                    0.1                    0.1     0.4821079984925697                     10
                    331    0.07598848377943938     -1.766759426339776                    0.1                    0.1     0.5082697305221247                     10
                    332      1.434540716173277    -0.3872989240759055                    0.1                    0.1     0.3991002086685261                     10
                    333       1.71820855930324     -1.251161534301477                    0.1                    0.1     0.3423133200384288                     10
                    334      1.042863392134262    -0.9620162900059342                    0.1                    0.1     0.3568810257023971                     10
                    335     0.5136562319098972     -1.335044076044123                    0.1                    0.1      0.501671055806735                     10
                    336    -0.1817794514237045    -0.6396179323272564                    0.1                    0.1     0.5555555555555556                     10
                    337     0.6607871364018153     -1.321828502973659                    0.1                    0.1     0.4649263929517349                     10
                    338      1.181988838118183     -1.531300046330139                    0.1                    0.1      0.537596772007767                     10
                    339    -0.1760295512566461    -0.9758356672423171                    0.1                    0.1     0.5401794782002662                     10
                    340     0.5516792075774455     -1.098761828802457                    0.1                    0.1     0.5185502694763485                     10
                    341     0.5685571012435758     -1.151408436001989                    0.1                    0.1     0.4797271735321931                     10
                    342     0.2311213602181932     -1.444840285346181                    0.1                    0.1     0.5163383043316032                     10
                    343      1.850248212462944    -0.7705088809308993                    0.1                    0.1      0.234802149777882                     10
                    344      1.223728370093471    -0.6422580912897567                    0.1                    0.1     0.3741137697170888                     10
                    345      1.214886080883462    -0.4846833749363619                    0.1                    0.1     0.3985074056105558                     10
                    346     0.7528021753664907     -1.183973612435663                    0.1                    0.1     0.4107206021806617                     10
                    347       2.33263803008585    -0.6351707805467395                    0.1                    0.1     0.4358336871161057                     10
                    348      2.247661444969741    -0.7629310124554047                    0.1                    0.1     0.3583202674468306                     10
                    349      2.195473593971819     -1.092015338092928                    0.1                    0.1     0.4407943673176072                     10
                    350      1.292590602962408    -0.7210858408718923                    0.1                    0.1     0.3368597606123111                     10
                    351       1.89255343682256     -1.032637865776599                    0.1                    0.1     0.2821332022086026                     10
                    352      1.867428384276649     -1.024819027692674                    0.1                    0.1     0.2740965644151254                     10
                    353      1.581740058266206    -0.6697082983659811                    0.1                    0.1      0.287981404557908                     10
                    354      1.617086189778461    -0.6864773102281921                    0.1                    0.1     0.2698120311038322                     10
                    355      1.614395276338844     -1.166377959939998                    0.1                    0.1     0.2876933698255893                     10
                    356      1.493115069979421     -1.125006384335943                    0.1                    0.1     0.2881817779844433                     10
                    357      1.064668951263807    -0.1120681251305623                    0.1                    0.1      0.533074482201915                     10
                    358      1.041527263230189     -1.159751586447915                    0.1                    0.1     0.3785088352909736                     10
                    359      1.864198714976184    -0.8246529128466968                    0.1                    0.1     0.2309779984387148                     10
                    360      1.604232611042041    -0.9123704152816343                    0.1                    0.1     0.2552369252247402                     10
                    361      1.412422383520122     -1.103958030602934                    0.1                    0.1     0.2892340909897312                     10
                    362      1.071737498275328     -1.073694816036744                    0.1                    0.1     0.3366118050730226                     10
                    363     0.1958577394793773     -1.516755107112139                    0.1                    0.1     0.5111495092808871                     10
                    364   -0.02176446340686531     -1.439476273129703                    0.1                    0.1     0.5373549551663098                     10
                    365     0.2590450118149975     -1.571943257069617                    0.1                    0.1     0.5054297499563334                     10
                    366    -0.2629132189738293     -1.471865126054482                    0.1                    0.1     0.4909803744275318                     10
                    367      1.319604177638189     -1.438208060333434                    0.1                    0.1      0.476386439780248                     10
                    368      1.573587466108741    -0.7058696419077306                    0.1                    0.1     0.2714266297426955                     10
                    369     0.7715240384784999      -1.15098928340838                    0.1                    0.1     0.3954665715913675                     10
                    370     0.7981287584606163    -0.5740713509104985                    0.1                    0.1     0.5215820645822621                     10
                    371      2.156234789410544    -0.8615215562219546                    0.1                    0.1     0.3021530651498999                     10
                    372      1.354299329601782    -0.5318489641507814                    0.1                    0.1     0.3240379295183315                     10
                    373      2.007855693199717     -1.162069083449749                    0.1                    0.1     0.3615861281636336                     10
                    374      1.637726657532716    -0.2814267456354873                    0.1                    0.1     0.3997587061626489                     10
                    375      1.649034173847137     -1.209629802254598                    0.1                    0.1     0.2938718276739031                     10
                    376      1.402903890297289    -0.4354663128149172                    0.1                    0.1     0.3514376520839987                     10
                    377      1.337538103963362    -0.8565227671308684                    0.1                    0.1     0.2975208443735203                     10
                    378      1.740789698773619    -0.5195476507640373                    0.1                    0.1     0.3131136071574747                     10
                    379      1.150945692456306     -1.306837557010679                    0.1                    0.1     0.3970603056534196                     10
                    380     0.9512499427559234    -0.3443868932511575                    0.1                    0.1     0.5312105400909386                     10
                    381      1.071837878401137     -1.465821044098463                    0.1                    0.1     0.4830224335322481                     10
                    382      1.756165544460229    -0.1954986775291639                    0.1                    0.1      0.448574936542435                     10
                    383      2.188900389917508    -0.4246813766605441                    0.1                    0.1     0.4563407496440768                     10
                    384      1.700189178862241    -0.9221924591644959                    0.1                    0.1     0.2513860524468711                     10
                    385      1.709498047247811     -0.608475972392826                    0.1                    0.1     0.2679329636955948                     10
                    386      1.893272546935708    -0.5471958038525262                    0.1                    0.1     0.2947380871089877                     10
                    387      1.240542079239976    -0.9322252277135152                    0.1                    0.1     0.3007982021214787                     10
                    388      1.194642443684161    -0.7686176319687698                    0.1                    0.1     0.3180753285533648                     10
                    389      1.768300384146867     -1.122313793478761                    0.1                    0.1     0.2756676193692122                     10
                    390      1.497484900056873    -0.4790236917587258                    0.1                    0.1      0.322888358491039                     10
                    391      1.405689852945833    -0.2519044816244754                    0.1                    0.1     0.4518502625608204                     10
                    392      1.288505503839414      -1.16496637457841                    0.1                    0.1     0.3171407792739461                     10
                    393   -0.03540545372705054    -0.8478628593976649                    0.1                    0.1     0.5484341217124462                     10
                    394     -0.178337719932177     -1.664314921329494                    0.1                    0.1     0.4823080221994003                     10
                    395    -0.5398990406273705     -1.337746774073953                    0.1                    0.1     0.5460359747518033                     10
                    396     0.5633671918717543     -1.647255014687352                    0.1                    0.1     0.5088946111082477                     10
                    397     0.9630639724108251    -0.7619834568125974                    0.1                    0.1     0.4157888299220651                     10
                    398     0.7852704189316091    -0.7407087826432328                    0.1                    0.1     0.4780557601445888                     10
                    399     0.9302610197782485    -0.6647114219087912                    0.1                    0.1     0.4529601085729945                     10
                    400      1.893746898881062     -1.038028343758421                    0.1                    0.1     0.2628966473419543                     10
                    401      1.350186837474899    -0.4840056685518626                    0.1                    0.1     0.3160442853205422                     10
                    402     0.9906949070693084    -0.7506677195821557                    0.1                    0.1     0.3794876538514568                     10
                    403      1.977513514285948     -1.088588631268076                    0.1                    0.1     0.2843253615840377                     10
                    404      1.631857324892155     -0.793661642549446                    0.1                    0.1      0.244929466064869                     10
                    405      1.246767362099768    -0.7187682224897003                    0.1                    0.1     0.3139401013685261                     10
                    406      2.052476717896752    -0.5685313976760589                    0.1                    0.1     0.2956417898140536                     10
                    407      1.942544876025679    -0.5895078030654433                    0.1                    0.1      0.263887847625298                     10
                    408      2.028985850363592    -0.6781236851969502                    0.1                    0.1     0.2548955600094269                     10
                    409      1.923707986899915    -0.8410091131833668                    0.1                    0.1     0.2250860948700046                     10
                    410      1.550127983619312     -1.364647154804002                    0.1                    0.1     0.4435212637139372                     10
                    411      2.274867879960197    -0.6712457072668739                    0.1                    0.1     0.3686752979793914                     10
                    412      1.141612972351025    -0.4847741508284263                    0.1                    0.1     0.4142620564273459                     10
                    413      1.324425636201211     -1.264643816184264                    0.1                    0.1     0.3327157882117638                     10
                    414      2.344859810404638    -0.7639466980037989                    0.1                    0.1     0.4003849869323701                     10
                    415      1.728158238291568    -0.7382134590470062                    0.1                    0.1     0.2312634148751233                     10
                    416      1.570131861552197    -0.7503129074990633                    0.1                    0.1     0.2533277403210638                     10
                    417     0.9007687584823476    -0.5100532964704044                    0.1                    0.1     0.4930920633258372                     10
                    418      1.108606581573317    -0.6858238544904793                    0.1                    0.1     0.3580570589626924                     10
                    419      1.967416062655479     -1.265430226655873                    0.1                    0.1     0.4221574644989126                     10
                    420      1.938276889009678     -1.234809601211935                    0.1                    0.1     0.3646863177814735                     10
                    421     0.8699502286082984    -0.1029248035134364                    0.1                    0.1     0.5494878838612006                     10
                    422   -0.08584162358244743     -1.507354738778928                    0.1                    0.1     0.4866851048286867                     10
                    423    -0.8237362968240943    -0.9875663698356896                    0.1                    0.1     0.5553646136035724                     10
                    424    -0.0669697801875032     -1.904829768748978                    0.1                    0.1     0.5148746314183984                     10
                    425     0.7541073111869122     -1.605858823224179                    0.1                    0.1     0.5022041048419672                     10
                    426      1.711412123793848    -0.7281390118914733                    0.1                    0.1     0.2255905121604508                     10
                    427      1.828635150443878     -1.084464316726044                    0.1                    0.1     0.2651833746293202                     10
                    428      1.537246794604222    -0.8206935658496249                    0.1                    0.1      0.252039880182976                     10
                    429      1.862286196015132    -0.4976560299944038                    0.1                    0.1     0.3051765895853837                     10
                    430      1.970231073672601    -0.3137374196707299                    0.1                    0.1     0.4407602216377559                     10
                    431      1.941229876639842    -0.9093569579163184                    0.1                    0.1     0.2245633776051173                     10
                    432      1.624258222365021    -0.5663492111854668                    0.1                    0.1     0.2704288083653523                     10
                    433      1.956729433681509    -0.8636267827367137                    0.1                    0.1     0.2193414940827545                     10
                    434      1.816319433492114     -0.714433241948966                    0.1                    0.1     0.2153975611645187                     10
                    435       1.18663048082356    -0.6406988033057189                    0.1                    0.1     0.3364136762505781                     10
                    436      1.754930833621213    -0.9673242636908728                    0.1                    0.1     0.2394908083859848                     10
                    437      2.019233202894772    -0.4311793529765361                    0.1                    0.1     0.3640060070311948                     10
                    438      1.217120304508311    -0.3103316306043895                    0.1                    0.1     0.4381215994223357                     10
                    439     0.6318693255665163     -1.067798643088787                    0.1                    0.1     0.4642142308131069                     10
                    440    -0.2676088996615126     -1.236193936567623                    0.1                    0.1     0.5359293119740656                     10
                    441  -0.003550552758262332     -1.561147589143297                    0.1                    0.1     0.4752285565473574                     10
                    442      1.163304530585897    -0.5267157508017256                    0.1                    0.1     0.3704717444729526                     10
                    443      1.088339589073932    -0.5224537494860181                    0.1                    0.1     0.4000074139729365                     10
                    444     0.9444418657060074     -0.531197289713689                    0.1                    0.1     0.4481130459571102                     10
                    445      0.575604165387728    -0.9997182949640712                    0.1                    0.1     0.4895026277251094                     10
                    446       1.75448795371854    -0.8882915571868735                    0.1                    0.1     0.2260846032345949                     10
                    447      2.100710094825393     -1.145452568065132                    0.1                    0.1     0.3808745744327262                     10
                    448      2.218250718767487     -1.092478498594767                    0.1                    0.1     0.4222738267850524                     10
                    449      1.221738828041259     -0.564068527324574                    0.1                    0.1     0.3177551595070636                     10
                    450     0.4778648651669197     -1.774632451457004                    0.1                    0.1     0.5285159024565819                     10
                    451      1.367587490445578      -1.04829129461062                    0.1                    0.1     0.2775417892857001                     10
                    452      1.876018733206091     -1.273190841434021                    0.1                    0.1     0.3716276695764501                     10
                    453       1.53599336362195     -1.364123500342138                    0.1                    0.1     0.4237463742827856                     10
                    454     0.4663495806219702    -0.7257160793044527                    0.1                    0.1     0.5506135033909649                     10
                    455      1.878509694188815     -1.162643729732729                    0.1                    0.1     0.2826371935596456                     10
                    456      1.718687320571199     -0.982766419508134                    0.1                    0.1     0.2306704537158625                     10
                    457      1.271730245851401    -0.8856900437530808                    0.1                    0.1     0.2787998445472781                     10
                    458      1.458033038262012    -0.9775101623156737                    0.1                    0.1     0.2551052043533917                     10
                    459     0.2731887429800978     -1.185641282963003                    0.1                    0.1     0.5056738060839102                     10
                    460    -0.3196579252644383     -1.526228026041922                    0.1                    0.1     0.4712587683913852                     10
                    461  0.0003754535596146042     -1.155251354986499                    0.1                    0.1     0.5020853256562371                     10
                    462     0.2539727245612651    -0.7542492154353586                    0.1                    0.1     0.5519461003264898                     10
                    463     0.9513683177531669    -0.9045269109094015                    0.1                    0.1     0.3746461055306254                     10
                    464      1.315372041100973    -0.3882299773775797                    0.1                    0.1     0.3544724552955342                     10
                    465      1.878270522444124    -0.5771310894063992                    0.1                    0.1      0.250557731810782                     10
                    466      1.498819568973566    -0.3777799417584302                    0.1                    0.1     0.3524706342388255                     10
                    467      1.922349550019418    -0.6004377106405526                    0.1                    0.1     0.2355313546859985                     10
                    468      2.375330462663334    -0.4945588645938301                    0.1                    0.1     0.4924036588804566                     10
                    469      1.132990820293904     -1.294117447869646                    0.1                    0.1     0.3747663822877854                     10
                    470    -0.1622039595179716      -1.62447025632546                    0.1                    0.1      0.434545888784874                     10
                    471    -0.2436192310372073     -1.071819390493605                    0.1                    0.1     0.5048186221464294                     10
                    472     0.1685233849523356     -1.317831969594183                    0.1                    0.1     0.4784541290958855                     10
                    473     0.9456928156453291     -1.268934209560152                    0.1                    0.1     0.4020998526036917                     10
                    474      1.700055861168467    -0.7125639750564399                    0.1                    0.1      0.215470488384363                     10
                    475      1.846023399926657      -1.20312388006814                    0.1                    0.1       0.29310494605024                     10
                    476      1.478671599723542     -0.637648755830061                    0.1                    0.1     0.2836352155006142                     10
                    477      1.624291190881676    -0.4732051763329603                    0.1                    0.1      0.294511683084315                     10
                    478      1.930528458362968    -0.4011981717412825                    0.1                    0.1     0.3423429219209188                     10
                    479      1.499360562469684     -1.306118941710518                    0.1                    0.1     0.3589012104950867                     10
                    480      2.214382814716282    -0.8673325073794266                    0.1                    0.1     0.3200004377636326                     10
                    481     0.8224355065682301    -0.2914480647779078                    0.1                    0.1     0.5278154793957487                     10
                    482      1.727852719707068    -0.9610388373580422                    0.1                    0.1     0.2239504269542977                     10
                    483      1.742428856576616    -0.9781851835222998                    0.1                    0.1     0.2200293619336421                     10
                    484      1.747052698821959     -1.172428566951912                    0.1                    0.1     0.2559370252465329                     10
                    485     0.8109063672178755    -0.9790741643511457                    0.1                    0.1     0.4288055427921397                     10
                    486     0.8729191926237447    -0.9736184333690799                    0.1                    0.1      0.393795109440151                     10
                    487      1.139360465862033     -1.372867698916087                    0.1                    0.1     0.3931845411457179                     10
                    488      2.075021741274827    -0.2633407537105365                    0.1                    0.1     0.5045971199810364                     10
                    489      2.145694066156971     -1.006749153812388                    0.1                    0.1     0.3324980624584172                     10
                    490      2.204952355275111    -0.8672198794330244                    0.1                    0.1     0.3017460142570311                     10
                    491      2.329708634198228    -0.9914444886403598                    0.1                    0.1     0.4325946705686522                     10
                    492      2.185261963892931     -1.070211453419652                    0.1                    0.1     0.3632370306100786                     10
                    493      2.285363541101098    -0.8684663081710857                    0.1                    0.1     0.3350895313626945                     10
                    494      1.289176558996584    -0.5967057694741291                    0.1                    0.1     0.2882257888645797                     10
                    495      1.769118259048897    -0.7794066043159265                    0.1                    0.1     0.2039762183547845                     10
                    496       1.04067158191908    -0.8510096636675154                    0.1                    0.1     0.3179351223127047                     10
                    497      1.093670229305447    -0.6362571606200297                    0.1                    0.1     0.3460003362997089                     10
                    498      1.304495562736826    -0.2035452722590076                    0.1                    0.1     0.4685090298254982                     10
                    499      1.806978362286158     -1.177607371738251                    0.1                    0.1     0.2612563575279255                     10
                    500     0.3588512047308549     -1.432467551098773                    0.1                    0.1     0.4932026769468527                     10
