#! FIELDS time p.x p.y sigma_p.x sigma_p.y height biasf
#! SET multivariate false
#! SET kerneltype gaussian
                      1      1.181155268837317     -1.535651428932592                    0.1                    0.1     0.5555555555555556                     10
                      2      1.022810269812927     -1.378646463479584                    0.1                    0.1     0.5529869321050768                     10
                      3     0.2486699663848103    -0.4985779925885707                    0.1                    0.1     0.5555555555555556                     10
                      4      1.948586910479792    -0.1765437676930886                    0.1                    0.1     0.5555555555555556                     10
                      5     -0.660741800664653    -0.9899281603218852                    0.1                    0.1     0.5555555555555556                     10
                      6     -1.729236656161184     0.4152943302099666                    0.1                    0.1     0.5555555555555556                     10
                      7      0.946097207033611     -1.517105901165691                    0.1                    0.1      0.544940927976769                     10
                      8      1.262029635395482     -1.606183316163962                    0.1                    0.1      0.538169044509747                     10
                      9      1.861092224938798    -0.4114305817989871                    0.1                    0.1     0.5542200579028819                     10
                     10     0.3277449027446254     0.1585550812329678                    0.1                    0.1     0.5555555555555556                     10
                     11     -2.359243691774281     0.6023893852793274                    0.1                    0.1     0.5555555555555556                     10
                     12     0.3397615742386193       1.82958788495691                    0.1                    0.1     0.5555555555555556                     10
                     13    0.06244921618466213    -0.6063004216715311                    0.1                    0.1     0.5525059502341573                     10
                     14    -0.5127103874870157     -0.728669990923507                    0.1                    0.1     0.5552149104550245                     10
                     15     -2.382862732403369     0.5905258933935461                    0.1                    0.1     0.5264725165544344                     10
                     16    -0.2008584718509926      1.508038747306624                    0.1                    0.1     0.5555555555555556                     10
                     17     -2.292894409332622     0.1655941459653866                    0.1                    0.1     0.5555555555555556                     10
                     18    -0.4416455499069461   -0.09038184607356942                    0.1                    0.1     0.5555555555555556                     10
                     19    -0.8843734476091356     0.3333230544063767                    0.1                    0.1     0.5555555555555556                     10
                     20     -1.220637110528531   -0.08359598189554621                    0.1                    0.1     0.5555555555555556                     10
                     21    -0.1904298117432586     0.7945147060236986                    0.1                    0.1     0.5555555555555556                     10
                     22     -1.457041789584421      -0.31358470584495                    0.1                    0.1     0.5554212114510861                     10
                     23     -1.635393434068382    -0.4979447217090599                    0.1                    0.1     0.5544044689628842                     10
                     24     -1.276494669292266      1.579330088567269                    0.1                    0.1     0.5555555555555556                     10
                     25     -1.077948088543067      1.562625092539284                    0.1                    0.1      0.551321961772852                     10
                     26     -2.267490306638961     0.5591984281234688                    0.1                    0.1     0.5236632689438281                     10
                     27     -1.226285965339246    -0.4117564062759491                    0.1                    0.1     0.5540830528987464                     10
                     28     -1.816725904598779     0.4782739439437518                    0.1                    0.1     0.5385201682727587                     10
                     29     -1.560176600712733      1.330740338168034                    0.1                    0.1     0.5555555555555556                     10
                     30    -0.5568885875991344      1.060274688250654                    0.1                    0.1     0.5555555555555556                     10
                     31     -1.182998784248473    0.06392509130012805                    0.1                    0.1     0.5459322274535617                     10
                     32     -1.199476905438158    0.01567554293549017                    0.1                    0.1     0.5121687757408913                     10
                     33     -1.973041719601684       1.31064509638517                    0.1                    0.1     0.5555555555555556                     10
                     34     -1.621793076950598      1.357294029751052                    0.1                    0.1     0.5313953670295281                     10
                     35     -1.204858179212402      1.452939612153837                    0.1                    0.1     0.5375663105981584                     10
                     36     -1.796179208497062      1.323614593318359                    0.1                    0.1      0.541306776308897                     10
                     37     -2.330728377486738       1.02789689187115                    0.1                    0.1     0.5555555555555556                     10
                     38     -1.956924681276963     0.8632770971569687                    0.1                    0.1     0.5555555555555556                     10
                     39     -1.532654949089841     0.5397506183610493                    0.1                    0.1     0.5530570155788221                     10
                     40     -1.215230161683139     0.3353913317753203                    0.1                    0.1     0.5545321675783739                     10
                     41     -1.468382945473564     0.3603572421875718                    0.1                    0.1     0.5484893958653531                     10
                     42     -2.007300517170471      0.230564539556828                    0.1                    0.1     0.5547873833036707                     10
                     43     -1.839824905690485     0.1230141969131471                    0.1                    0.1     0.5510728800228216                     10
                     44     -1.492028173680877    0.01830531272045568                    0.1                    0.1     0.5542656981530103                     10
                     45     -1.512042963394941    0.03993641594137702                    0.1                    0.1     0.5260076767420623                     10
                     46      -2.07918960719324       0.72447487671266                    0.1                    0.1     0.5483402093908353                     10
                     47      -1.52090724256737      1.034133213851866                    0.1                    0.1     0.5551077150998698                     10
                     48     -1.382339337276986     0.8584009953860863                    0.1                    0.1     0.5530303036575992                     10
                     49     -1.802065141189944     0.8392437558100563                    0.1                    0.1     0.5461488624564778                     10
                     50     -2.090431131880292     0.9549011201293927                    0.1                    0.1     0.5436500440985438                     10
                     51     -1.632444636626639      1.021709682879597                    0.1                    0.1     0.5372873600037855                     10
                     52     -1.179346958723845     0.9293157906459582                    0.1                    0.1     0.5525126222439236                     10
                     53     -1.565832422405938     0.8781355299966256                    0.1                    0.1     0.5318134996542538                     10
                     54     -2.105525610484348      1.089312721755886                    0.1                    0.1     0.5397226428534142                     10
                     55     -2.068512976822956      1.217060019921661                    0.1                    0.1     0.5295810472834546                     10
                     56     -1.549950835733663      1.261242887060182                    0.1                    0.1     0.5139596419587548                     10
                     57     -1.330093064043831      1.267056111549151                    0.1                    0.1     0.5480238674592374                     10
                     58     -1.860879872772712      1.023463313978159                    0.1                    0.1     0.5392834637332831                     10
                     59     -2.239402260307728     0.8344249416936461                    0.1                    0.1     0.5399716377476499                     10
                     60     -2.051278057255037     0.9415409608559495                    0.1                    0.1     0.4967544129911698                     10
                     61     -1.498285005012614      1.030243483766796                    0.1                    0.1     0.5023975902985983                     10
                     62     -1.327708804529752     0.9981901216866691                    0.1                    0.1      0.525623624018185                     10
                     63     -1.917336930849024      1.012770470706834                    0.1                    0.1     0.4997425700083439                     10
                     64     -2.300375180239731      1.016574042493341                    0.1                    0.1     0.5155357627694981                     10
                     65     -2.030559091235279      0.973662676087921                    0.1                    0.1     0.4633905278050637                     10
                     66     -1.131326675365331      1.084583298539419                    0.1                    0.1     0.5436418387695408                     10
                     67     -1.600819738739768     0.9850706893166746                    0.1                    0.1     0.4790716292942639                     10
                     68     -2.127022872555055     0.6731699673535154                    0.1                    0.1     0.5180756904970375                     10
                     69     -1.984457987002455     0.4341866450134757                    0.1                    0.1     0.5428714810844042                     10
                     70     -1.590689555891243     0.2776606950014206                    0.1                    0.1     0.5374933639960799                     10
                     71     -1.368078902088514     0.2178045172304314                    0.1                    0.1     0.5355534801405247                     10
                     72     -1.915775482635963     0.4092379299637932                    0.1                    0.1     0.5098520762145441                     10
                     73     -1.844134250477966     0.6729912563981657                    0.1                    0.1     0.5373402036807152                     10
                     74     -1.000267261000868     0.7906100411983428                    0.1                    0.1     0.5530255576776301                     10
                     75     -1.771812357454322     0.5646768759312186                    0.1                    0.1     0.5098668876677781                     10
                     76     -2.307275654875801     0.7448551247485162                    0.1                    0.1     0.5117342753441331                     10
                     77     -1.188447637535239      1.229201611175461                    0.1                    0.1     0.5329612031610594                     10
                     78      -1.32106665599417       1.13455851665118                    0.1                    0.1     0.5115099565144028                     10
                     79     -2.469657563383719     0.6734890977632697                    0.1                    0.1     0.5208324248568998                     10
                     80     -1.079151040989238     0.6536148779270224                    0.1                    0.1     0.5463130777972383                     10
                     81     -1.077551061456582     0.5891812502187954                    0.1                    0.1     0.5278628631306904                     10
                     82     -2.027128881393598     0.5042261110638677                    0.1                    0.1     0.5116746668989747                     10
                     83     -1.396168182851513     0.8595087268665432                    0.1                    0.1     0.5003732070157586                     10
                     84    -0.7175437912461413      1.076235872900735                    0.1                    0.1     0.5472155150781584                     10
                     85     -2.016796423771216     0.8521367328678908                    0.1                    0.1     0.4652837954877893                     10
                     86    -0.5651799908004592      1.000884216856817                    0.1                    0.1     0.5234890073136215                     10
                     87      -1.88356899190038     0.4647492772533239                    0.1                    0.1     0.4676172741941196                     10
                     88    -0.4688596738524631      1.024203674685399                    0.1                    0.1     0.5181275519108527                     10
                     89     -2.326746479537671     0.6949521978768264                    0.1                    0.1     0.4710827598596304                     10
                     90     -1.919457220304613     0.6662188909747493                    0.1                    0.1     0.4958554067327845                     10
                     91    -0.8046861556922772     0.9574737785278772                    0.1                    0.1     0.5418621145073563                     10
                     92     -1.524858149485351      0.904614341699722                    0.1                    0.1     0.4645383626811753                     10
                     93     -2.080059214175014     0.8470089856760417                    0.1                    0.1     0.4499039921834683                     10
                     94     -2.386989208380328     0.7652549951056069                    0.1                    0.1     0.4830891238159058                     10
                     95     -1.382143131212895     0.7800657808825665                    0.1                    0.1     0.5020578093961722                     10
                     96     -1.266041601347498     0.9348279434407816                    0.1                    0.1     0.4835159264786853                     10
                     97     -1.807956937161993      1.118798342423027                    0.1                    0.1     0.5167790046340374                     10
                     98     -2.158130991960748      1.021210050093519                    0.1                    0.1     0.4675348781739151                     10
                     99     -2.025127755492483       1.10361374232479                    0.1                    0.1     0.4676242892442473                     10
                    100     -1.507934629290453     0.7372297390776476                    0.1                    0.1     0.5096886142442687                     10
                    101      -1.40502533366722     0.4078224157445711                    0.1                    0.1     0.5178698874246258                     10
                    102     -1.826207814799069     0.2470628122417808                    0.1                    0.1     0.5192877982586265                     10
                    103     -1.910271174149221     0.1944089974145717                    0.1                    0.1     0.4985130687672927                     10
                    104     -1.938438110606847     0.4176091108494259                    0.1                    0.1     0.4492769576303527                     10
                    105     -1.207443797334904     0.8705530076700508                    0.1                    0.1     0.4877712554198582                     10
                    106     -1.827612879243955      1.069675326790033                    0.1                    0.1     0.4752790831619874                     10
                    107     -1.900405265935211      1.202113578348129                    0.1                    0.1     0.4881778713222121                     10
                    108     -1.636068066106152      1.093483355929571                    0.1                    0.1     0.4761738292936323                     10
                    109     -1.686810721314517     0.6411862254470487                    0.1                    0.1     0.5131302131185735                     10
                    110     -1.441830468197314     0.4068920175501452                    0.1                    0.1     0.4876329325754478                     10
                    111      -1.52834575824896     0.3256850491379232                    0.1                    0.1     0.4801825183288187                     10
                    112     -2.127037044925161     0.2349665991144466                    0.1                    0.1     0.5284382629244174                     10
                    113     -1.499854013633163     0.8408687405367455                    0.1                    0.1     0.4437760392985832                     10
                    114     -1.262104272375816     0.9457278431884492                    0.1                    0.1     0.4461587741062186                     10
                    115     -2.063198475070143     0.9444275460044967                    0.1                    0.1     0.4061228481747012                     10
                    116     -2.021604982766231      1.107138733418076                    0.1                    0.1     0.4340246259659419                     10
                    117     -1.473502839833264      1.310288589824713                    0.1                    0.1     0.4956379378069348                     10
                    118     -1.655686900459207      1.133633896511632                    0.1                    0.1     0.4689643424633744                     10
                    119     -1.563599418833122     0.9006089179309696                    0.1                    0.1     0.4248194990309924                     10
                    120     -1.509895489789479     0.6236908909952997                    0.1                    0.1     0.5007395602106313                     10
                    121     -1.433231070355197     0.6208673045171187                    0.1                    0.1     0.4932542005289327                     10
                    122     -2.257269144713006     0.8394265648764718                    0.1                    0.1     0.4643549144459229                     10
                    123     -1.951235249472898     0.5074176912814111                    0.1                    0.1     0.4397639790635914                     10
                    124     -2.109108036842087     0.4124655622140066                    0.1                    0.1     0.4999453758184396                     10
                    125     -1.529868302367632     0.6017220357174036                    0.1                    0.1     0.4620427442972887                     10
                    126     -1.450346542284516      0.787492755362964                    0.1                    0.1     0.4211263711513791                     10
                    127     -1.603692813490451     0.3157820093465015                    0.1                    0.1      0.478515117695642                     10
                    128     -1.928724675296176     0.3698525107203095                    0.1                    0.1     0.4275404071272613                     10
                    129     -1.560825860581396      1.002670375676143                    0.1                    0.1     0.4028261806442095                     10
                    130     -1.865897829263017     0.7475979647472663                    0.1                    0.1     0.4728722310809452                     10
                    131       -1.4035565064711      1.092109335051576                    0.1                    0.1     0.4645202765534455                     10
                    132     -1.598244418486144      1.053002007714675                    0.1                    0.1     0.4003101715674852                     10
                    133     -1.610930211434296     0.8159867455771026                    0.1                    0.1     0.4450481495844271                     10
                    134     -1.765952677235566      1.126878777535026                    0.1                    0.1     0.4466213292532009                     10
                    135      -2.00606390510247     0.9296271121028001                    0.1                    0.1     0.3893699275029226                     10
                    136     -2.038890454982954     0.5764416761704212                    0.1                    0.1     0.4595905517558796                     10
                    137     -1.796070558152236     0.5890544518082327                    0.1                    0.1     0.4443534304437627                     10
                    138        -1.740620069558     0.8228318247522057                    0.1                    0.1     0.4729101245874633                     10
                    139     -1.940072780890931     0.8249640847965027                    0.1                    0.1     0.4213761646597604                     10
                    140     -1.730043986848642     0.5598588891371024                    0.1                    0.1     0.4421336702774974                     10
                    141     -2.127109534348807     0.7585574393525577                    0.1                    0.1     0.4367396835907809                     10
                    142     -1.137290606395735      1.014072132826517                    0.1                    0.1     0.4802252602926464                     10
                    143     -1.860235393053126     0.8527516375863512                    0.1                    0.1     0.4259888383449297                     10
                    144     -1.443632074898369      1.050957176825801                    0.1                    0.1     0.4155046703312187                     10
                    145     -2.233687502603306      1.027686302084864                    0.1                    0.1     0.4558084803923034                     10
                    146     -1.393775544283883     0.6166680046897778                    0.1                    0.1     0.4718651571074486                     10
                    147     -1.269742468209414     0.5960351139483232                    0.1                    0.1      0.516021146224406                     10
                    148     -2.037230116005827     0.6768805384970438                    0.1                    0.1     0.4326273273355952                     10
                    149     -1.048422313167738     0.9120831393466265                    0.1                    0.1      0.501699887541054                     10
                    150     -2.402359768439064      1.074435448696383                    0.1                    0.1     0.5129398384509198                     10
                    151     -1.531665531963494      1.011088523277113                    0.1                    0.1     0.3622502357853231                     10
                    152      -1.32332035440896     0.6365957966578586                    0.1                    0.1     0.4684719787496749                     10
                    153      -2.24380555081764     0.7382489357899994                    0.1                    0.1     0.4275547934242907                     10
                    154     -1.877197535717287     0.3558220878813708                    0.1                    0.1      0.420705844130503                     10
                    155      -1.99517074777364     0.2987732410587047                    0.1                    0.1     0.4384570753158661                     10
                    156     -1.364867550186086     0.9948823292908126                    0.1                    0.1       0.40352628691967                     10
                    157     -1.555437509572683      1.331962746712479                    0.1                    0.1     0.4597270893426254                     10
                    158     -1.490456716558097      1.042738417511592                    0.1                    0.1     0.3623420389554914                     10
                    159     -1.610229934056151      0.928687121796598                    0.1                    0.1     0.3695236240477201                     10
                    160     -1.813191869874182      1.211660898851404                    0.1                    0.1     0.4567321019969549                     10
                    161     -1.776338012437393     0.7856616916732581                    0.1                    0.1      0.430126208083153                     10
                    162     -1.747147864310531     0.5715085491417184                    0.1                    0.1     0.4150835261199478                     10
                    163     -1.522769700217836     0.3780512648620923                    0.1                    0.1     0.4368465893539799                     10
                    164     -1.851063083927353     0.4386333658162331                    0.1                    0.1     0.3816454656218373                     10
                    165     -1.539784118913543     0.9575285334959355                    0.1                    0.1     0.3278018757695065                     10
                    166     -1.597147747763221      1.109524347171411                    0.1                    0.1      0.377143820665674                     10
                    167      -2.32973191048868      1.017740376202744                    0.1                    0.1     0.4523881057866492                     10
                    168     -1.332245299116716     0.3817235397749653                    0.1                    0.1     0.4766553757617858                     10
                    169     -1.053746219799998     0.3088164048671011                    0.1                    0.1     0.5386052045425617                     10
                    170     -2.221957533269475      1.092802027726879                    0.1                    0.1      0.444532450758078                     10
                    171     -1.582446078100713     0.4214084556150199                    0.1                    0.1     0.4359546489475696                     10
                    172     -1.099947099825083     0.1684060946593499                    0.1                    0.1     0.5223891732589444                     10
                    173     -2.168766786731132     0.4913097693461441                    0.1                    0.1     0.4827416430590758                     10
                    174     -1.701994092085101      1.345842707583363                    0.1                    0.1     0.4778942749006074                     10
                    175     -1.495104801389319     0.9901953107349245                    0.1                    0.1      0.319830222113037                     10
                    176     -1.566947717993431     0.1341644144977141                    0.1                    0.1      0.503088799934129                     10
                    177     -1.533475469317038     0.3116195754518434                    0.1                    0.1     0.4130125243045991                     10
                    178     -1.712120528894605      1.220255633331964                    0.1                    0.1     0.4305431840949067                     10
                    179      -1.85395784955319     0.9887116620308903                    0.1                    0.1     0.4099392760410534                     10
                    180     -1.375582040535132     0.2792373504911449                    0.1                    0.1     0.4546499058338971                     10
                    181     -1.814735684411353     0.8422523822714949                    0.1                    0.1     0.4006837059581307                     10
                    182     -1.232106280732416      1.157026690429624                    0.1                    0.1     0.4693867248453311                     10
                    183      -2.40320676635395      0.969370259903815                    0.1                    0.1     0.4718097917584511                     10
                    184     -1.026624625155348      1.318562214445868                    0.1                    0.1     0.5440187755221289                     10
                    185     -1.956414438427459     0.3758122120690121                    0.1                    0.1     0.3748419997788418                     10
                    186     -2.281141075957774      0.525350574462386                    0.1                    0.1     0.4676801696710777                     10
                    187     -1.252583178477919     0.9733481523311965                    0.1                    0.1     0.4013668072364553                     10
                    188     -1.622985831401304      1.047876210289634                    0.1                    0.1     0.3343967050799058                     10
                    189     -2.099610477246471     0.4774285515430244                    0.1                    0.1     0.4255131817965396                     10
                    190     -1.971389745064313    0.04678638467993049                    0.1                    0.1     0.5291973346297862                     10
                    191     -1.045292039195338     0.5094734483790063                    0.1                    0.1      0.516522849199459                     10
                    192     -1.794466960826415      1.169555919858572                    0.1                    0.1     0.4021564530465757                     10
                    193     -1.521635204395047      1.165330548447287                    0.1                    0.1     0.3946925991676842                     10
                    194     -1.517161777304639   -0.08094412423026835                    0.1                    0.1     0.5196258335316476                     10
                    195     -1.770483128967717      0.490689372019819                    0.1                    0.1     0.3862843992047492                     10
                    196     -2.037276894620934      1.254455610651797                    0.1                    0.1     0.4723497924491123                     10
                    197     -1.772759851344291     0.7718259296886715                    0.1                    0.1     0.3978233635161247                     10
                    198     -1.291198248587857     0.2475260822199555                    0.1                    0.1     0.4745606203401943                     10
                    199     -1.629379191805801    0.08335211460534875                    0.1                    0.1     0.4979254035410779                     10
                    200     -1.473787586645986     0.8801108341578037                    0.1                    0.1     0.3393150465167872                     10
                    201     -1.737109326562396      1.182651872776658                    0.1                    0.1     0.3851225484456363                     10
                    202     -1.673052121032961     0.3124220968130754                    0.1                    0.1     0.4416151395067119                     10
                    203     -1.643799627977201     0.0690649257521174                    0.1                    0.1     0.4800531886441294                     10
                    204     -1.735270154844518     0.5185881808000904                    0.1                    0.1     0.3809109425948379                     10
                    205     -1.896488175312732      1.274623876724636                    0.1                    0.1     0.4403677099375997                     10
                    206     -1.524551316685685     0.9159208639192085                    0.1                    0.1     0.3058300549210771                     10
                    207     -1.383742806453889     0.7040892160126739                    0.1                    0.1     0.4158470210433255                     10
                    208     -2.370661028095556     0.7815945494894325                    0.1                    0.1     0.4380759721582345                     10
                    209     -2.105715518173555     0.8891894774596478                    0.1                    0.1     0.3734663109211296                     10
                    210     -1.790243802514267     0.7034901783973516                    0.1                    0.1     0.3833481904724551                     10
                    211      -2.04002595827437      0.848413731651238                    0.1                    0.1     0.3561589944193994                     10
                    212     -1.679656953036939     0.7065025795617376                    0.1                    0.1      0.407727432107137                     10
                    213     -1.499523433757731      0.640716578406178                    0.1                    0.1     0.3986567050068082                     10
                    214     -2.037385939764332     0.6415580085502762                    0.1                    0.1     0.4065001764844237                     10
                    215      -1.59239084296484     0.6108296558612414                    0.1                    0.1     0.3999508781982966                     10
                    216     -1.488052456735691     0.5339783107280697                    0.1                    0.1     0.3944780689984698                     10
                    217     -1.458763517779126     0.6139024868862369                    0.1                    0.1     0.3696480664119139                     10
                    218     -1.541274768886822     0.4164744936742359                    0.1                    0.1     0.3771735294175206                     10
                    219     -1.411058216304918      1.110606113217326                    0.1                    0.1     0.3844105577377282                     10
                    220      -1.53621359731203     0.8821654737486391                    0.1                    0.1     0.3096046756528488                     10
                    221     -1.423054969707405     0.5927338745114087                    0.1                    0.1     0.3691559692252649                     10
                    222     -1.591282394599348     0.7821454272426489                    0.1                    0.1     0.3657489557811095                     10
                    223     -1.989035342449418      1.285292784892747                    0.1                    0.1     0.4431788980655275                     10
                    224     -1.510449988163449     0.8494140447288663                    0.1                    0.1     0.3078512947105743                     10
                    225     -1.491361531804054     0.7787528412902489                    0.1                    0.1     0.3281786919569334                     10
                    226     -1.278475674917905      1.264195417114755                    0.1                    0.1     0.4709267666969512                     10
                    227     -1.750165555964425     0.7808103339722829                    0.1                    0.1     0.3611400660198338                     10
                    228      -2.16186595865335     0.5168337405090287                    0.1                    0.1     0.4244916120076792                     10
                    229      -2.31706277735673     0.5628129418327156                    0.1                    0.1     0.4246707618853672                     10
                    230     -1.964621240701173     0.6819600873589172                    0.1                    0.1     0.3844824333972538                     10
                    231     -1.874462925067602      1.027108314699163                    0.1                    0.1     0.3773940836050753                     10
                    232     -1.622331278883538     0.9900854908458467                    0.1                    0.1     0.3014533971071835                     10
                    233     -1.551951365015245     0.5524967816346266                    0.1                    0.1     0.3575998872344089                     10
                    234    -0.9719905679297962      1.243343758845092                    0.1                    0.1     0.5291063842034009                     10
                    235     -2.405400412059361     0.7639490583501891                    0.1                    0.1     0.4310497438080981                     10
                    236    -0.9663304650684522    0.03984237921483725                    0.1                    0.1     0.5443868549476722                     10
                    237     -1.844565023976027     0.9990796247891339                    0.1                    0.1     0.3671753516918269                     10
                    238     -1.232634896172062      1.484481747475459                    0.1                    0.1     0.5000189601265821                     10
                    239     -2.121553887734789     0.6126172777157037                    0.1                    0.1     0.3906077738205098                     10
                    240    -0.9436968275256268   -0.02082472084496778                    0.1                    0.1     0.5274357733866242                     10
                    241     -2.222811833957286      1.329107358351858                    0.1                    0.1     0.5403827715943945                     10
                    242     -1.429008234442209    0.08205518903669164                    0.1                    0.1      0.476590283542162                     10
                    243      -1.62227762566514 -0.0008139779867089264                    0.1                    0.1     0.4681979367480021                     10
                    244     -1.498530742974591      1.444540290224497                    0.1                    0.1     0.5012149966843215                     10
                    245     -2.003193678941976     0.6915112557005854                    0.1                    0.1     0.3646340220970315                     10
                    246     -1.372661055528076     0.1119608014379527                    0.1                    0.1     0.4681999145677333                     10
                    247     -1.275371203373943     0.8279010287457652                    0.1                    0.1     0.4172937335070811                     10
                    248     -2.282642809004168      1.046746051929243                    0.1                    0.1     0.4053378067807742                     10
                    249     -1.670003946432379     0.4688036615562359                    0.1                    0.1     0.3779256438370354                     10
                    250     -1.785063588210851     0.4363993014374705                    0.1                    0.1     0.3552375902620799                     10
                    251     -1.399535946949533     0.5488547515078882                    0.1                    0.1     0.3738305358219557                     10
                    252     -1.788378482463105     0.6184698413329921                    0.1                    0.1     0.3413296677126535                     10
                    253     -1.442569550466831     0.4444904952329271                    0.1                    0.1     0.3618287081109226                     10
                    254     -1.819779446690647     0.5373917977687368                    0.1                    0.1     0.3244007607308644                     10
                    255      -1.77326900507817     0.7604181330531548                    0.1                    0.1     0.3364398149590551                     10
                    256     -1.473218782192329     0.6764825422731464                    0.1                    0.1     0.3231791376697234                     10
                    257     -1.500209383610451     0.5690397217267898                    0.1                    0.1     0.3147240296002415                     10
                    258     -1.305059343048386      1.064377706256082                    0.1                    0.1     0.3854025054873974                     10
                    259     -2.176490131554577     0.3249464999246278                    0.1                    0.1     0.4837290964123152                     10
                    260     -1.821726460238293      1.004493083169882                    0.1                    0.1     0.3561741377151413                     10
                    261     -1.653242980682189      1.221258199949723                    0.1                    0.1      0.381812492029226                     10
                    262     -1.824377286761442     0.8857899994489399                    0.1                    0.1     0.3427767638015437                     10
                    263     -1.318315734864989     0.3537660726528338                    0.1                    0.1     0.4231111199559933                     10
                    264     -2.104227756226384      1.087141645907236                    0.1                    0.1     0.3877780265769504                     10
                    265     -2.347653925116291     0.8698427848222048                    0.1                    0.1     0.4168256776609214                     10
                    266      -2.30915146296522     0.8262200220186769                    0.1                    0.1     0.3835969394908538                     10
                    267     -2.318346971207715     0.6558593034017496                    0.1                    0.1     0.3767505708060073                     10
                    268     -1.310509457607421     0.5048448904337941                    0.1                    0.1     0.4232270988723182                     10
                    269      -1.74944314820293     0.6112126289014541                    0.1                    0.1     0.3200993267468792                     10
                    270     -1.190356828744396     0.9887622706224839                    0.1                    0.1     0.3953079365520645                     10
                    271     -1.887484398680476      1.021872627075476                    0.1                    0.1     0.3355580422326888                     10
                    272     -1.251294736897063     0.8249604368195063                    0.1                    0.1     0.4082904801786227                     10
                    273     -1.842498623178572      1.238199213118565                    0.1                    0.1     0.3829629460678289                     10
                    274     -1.044639395050099     0.5013049819213574                    0.1                    0.1       0.49114993208018                     10
                    275     -1.805707560976634     0.4837216340431896                    0.1                    0.1     0.3114454828073496                     10
                    276     -1.588588354699521      1.168957499496897                    0.1                    0.1     0.3498621988546221                     10
                    277      -1.09591292172326      1.346462368554304                    0.1                    0.1     0.4937022101680318                     10
                    278     -2.325454076268978     0.9007604535577077                    0.1                    0.1     0.3832124139312951                     10
                    279    -0.4198727006239175     0.9463688101761185                    0.1                    0.1      0.521798521162079                     10
                    280     -1.478374569894914     0.3735119624167561                    0.1                    0.1      0.339274272021283                     10
                    281      -1.62311475244619      1.241753501756706                    0.1                    0.1     0.3652039636903757                     10
                    282     -1.002522745358551      1.180707621990815                    0.1                    0.1      0.498893518185652                     10
                    283     -1.736450722046101     0.4380785200228526                    0.1                    0.1     0.3357869972607866                     10
                    284    -0.7257467683446894      1.008717663466541                    0.1                    0.1     0.4989345076949996                     10
                    285     -2.511102466784453     0.9556412384194558                    0.1                    0.1     0.5057253127191176                     10
                    286    -0.7425528787555725     0.9699984931814685                    0.1                    0.1     0.4830929782894159                     10
                    287     -1.686928778643366      0.846277901930646                    0.1                    0.1     0.3369689707495122                     10
                    288     -1.805275861234353      0.692117845173483                    0.1                    0.1     0.3119708771174121                     10
                    289    -0.9743890936237337     0.8232617011431329                    0.1                    0.1     0.4996604312234942                     10
                    290     -2.277403893901826     0.5919213686965644                    0.1                    0.1     0.3778233328927549                     10
                    291     -1.331958822931385     0.9141070657222724                    0.1                    0.1     0.3371953074078586                     10
                    292     -1.501023830726476     0.4678819068858399                    0.1                    0.1     0.3163873221888897                     10
                    293     -1.558386350816304      1.097116831212955                    0.1                    0.1     0.2953908887224334                     10
                    294     -1.881133879951721     0.3668780828821452                    0.1                    0.1     0.3428674105905871                     10
                    295    -0.8497535423980389     0.7683439858716553                    0.1                    0.1     0.5251314271875749                     10
                    296     -2.569134943530579      0.736337664705399                    0.1                    0.1     0.5174633522934114                     10
                    297     -0.849095058924346     0.3719470637614821                    0.1                    0.1     0.5227743549560451                     10
                    298      -1.59897667654422     0.3412330167063495                    0.1                    0.1     0.3544005279917494                     10
                    299     -2.125358756270655     0.9122330395772563                    0.1                    0.1     0.3452167246097047                     10
                    300     -1.025762491659574     0.3656116108858301                    0.1                    0.1     0.4861013982268155                     10
                    301     -1.786086144510293     0.5160191667281145                    0.1                    0.1     0.2866327523614574                     10
                    302     -1.542396546197784      1.183328079717665                    0.1                    0.1     0.3410120506165537                     10
                    303      -1.52533812532979      1.370599085491509                    0.1                    0.1     0.4196910524965925                     10
                    304      -1.60730031617949     0.8001140180020718                    0.1                    0.1     0.3177632749349251                     10
                    305     -1.408373883014621     0.8681750136474617                    0.1                    0.1     0.3054178160544618                     10
                    306     -1.331523768751908       1.01158676427371                    0.1                    0.1     0.3316332514326251                     10
                    307      -1.37201294314628     0.6370250252025075                    0.1                    0.1     0.3412107956390044                     10
                    308     -1.504665443413121     0.5722654138763404                    0.1                    0.1     0.2908787901970442                     10
                    309     -1.781488595850464     0.5257141240609002                    0.1                    0.1     0.2782815701162211                     10
                    310     -1.830330632180043     0.6839141827624208                    0.1                    0.1     0.3023450623693563                     10
                    311      -1.79052698131073     0.8785572353877711                    0.1                    0.1      0.321114158338322                     10
                    312     -1.974165958281965     0.9360064814771425                    0.1                    0.1     0.3145018989446443                     10
                    313     -2.146393170954865     0.6133313705373337                    0.1                    0.1     0.3667320206975204                     10
                    314     -2.087530527128139     0.4145501178195956                    0.1                    0.1     0.3858375286993709                     10
                    315     -2.043045777535788     0.3036662970980731                    0.1                    0.1     0.4015481242892713                     10
                    316     -2.210285717763234     0.9642512184938653                    0.1                    0.1     0.3543840202803252                     10
                    317      -2.11355446753228      0.980231518070662                    0.1                    0.1     0.3228648083867407                     10
                    318     -1.250386329184117     0.9933384452886366                    0.1                    0.1     0.3395218371142967                     10
                    319     -1.350854071297401     0.5697791109881089                    0.1                    0.1     0.3474139165201046                     10
                    320      -1.47767361894864     0.6770329768321656                    0.1                    0.1     0.2886110253363638                     10
                    321     -1.507955125785248     0.7075702114315203                    0.1                    0.1     0.2895644499500664                     10
                    322     -2.022199727910813     0.8242373233719062                    0.1                    0.1     0.3188169908373586                     10
                    323     -1.362101845642329     0.7584185761065804                    0.1                    0.1     0.3307904033986393                     10
                    324     -2.075245349083481     0.7311633997549155                    0.1                    0.1      0.335966352650967                     10
                    325     -2.037761569834781     0.6993597064724606                    0.1                    0.1     0.3253893223753915                     10
                    326      -2.07398563630022      0.761630721241308                    0.1                    0.1     0.3127470119314199                     10
                    327     -1.891595460749267     0.9238898876465782                    0.1                    0.1     0.3026608397857093                     10
                    328     -1.787552891768103     0.5290083759945241                    0.1                    0.1     0.2680010765998561                     10
                    329     -1.751478444664653     0.5133869963223223                    0.1                    0.1     0.2680568059047096                     10
                    330     -1.985488668877051     0.3248610205868271                    0.1                    0.1     0.3552523729038987                     10
                    331     -1.665851637791791     0.6698372161248635                    0.1                    0.1     0.3110022435026206                     10
                    332     -1.682296960357337     0.6368919311724992                    0.1                    0.1     0.2922211628193292                     10
                    333     -1.916416167117602     0.2531056887544156                    0.1                    0.1     0.3889153204815917                     10
                    334     -1.983514173974136     0.3405331848008123                    0.1                    0.1     0.3272846529277434                     10
                    335     -1.564868781865681     0.5837867582938527                    0.1                    0.1     0.2821993542893872                     10
                    336     -1.643236292151207      1.020579567627295                    0.1                    0.1     0.2859440125236646                     10
                    337     -1.488582645814199     0.9764301130793805                    0.1                    0.1     0.2544999681617873                     10
                    338      -1.25752579154172     0.1140094422256592                    0.1                    0.1     0.4666873509691259                     10
                    339     -1.566429779197078     0.7724325406131529                    0.1                    0.1     0.2851646916454147                     10
                    340     -1.428342631007097     0.5786585917953093                    0.1                    0.1     0.2724852128222221                     10
                    341     -1.219155599439049    0.01584122133329732                    0.1                    0.1     0.4595484845863777                     10
                    342     -1.945073328469796     0.2917676909825461                    0.1                    0.1     0.3372352209264077                     10
                    343     -1.328397912574064    -0.2869090193226565                    0.1                    0.1     0.5315269431964127                     10
                    344     -1.316719267794769      1.548127007874364                    0.1                    0.1     0.4978406327736455                     10
                    345     -1.510998230674255    0.07906191756513865                    0.1                    0.1     0.4154747784246219                     10
                    346      -1.56663415456236     -0.221325603771736                    0.1                    0.1     0.5287021712883966                     10
                    347     -1.352836948200419      1.500632997542351                    0.1                    0.1     0.4797215649318242                     10
                    348     -1.022475041631814      1.518903706090245                    0.1                    0.1     0.5146813710971123                     10
                    349     0.3432493121302319     0.9124749720867021                    0.1                    0.1     0.5555555555555556                     10
                    350     -1.065560738082878     0.7375915017170893                    0.1                    0.1     0.4690213881663488                     10
                    351     -1.260190323788654      1.458473258859972                    0.1                    0.1     0.4472130103597144                     10
                    352     -1.734625781973967     0.3233845906605406                    0.1                    0.1     0.3803351662073971                     10
                    353     -1.512963853696986    -0.3185405414405801                    0.1                    0.1     0.5053714589766024                     10
                    354     -1.538284820450698      1.116468511172149                    0.1                    0.1     0.2867373951311691                     10
                    355     -1.144483793012934     0.9888533714860697                    0.1                    0.1     0.3879928412254181                     10
                    356     -1.615420861576744    0.07068750526979535                    0.1                    0.1     0.4164045652164778                     10
                    357     -1.518303021712014     0.3031114890760801                    0.1                    0.1     0.3412745399546696                     10
                    358     -1.831258304516948      1.346766105279557                    0.1                    0.1     0.4385429560754602                     10
                    359     -1.735949355035507      1.167347284434766                    0.1                    0.1     0.3225937335209888                     10
                    360     -1.476461763662869  -0.001961208472816672                    0.1                    0.1     0.4179164192099503                     10
                    361    -0.3277094013775136     0.8660743937182229                    0.1                    0.1     0.5290253028480529                     10
                    362     -2.548592170625583      0.853436566103756                    0.1                    0.1     0.4946637975694065                     10
                    363     -1.116829473145994      1.032994623145393                    0.1                    0.1     0.4042366186344343                     10
                    364     -1.105793637821064     0.4902816676582452                    0.1                    0.1     0.4595626182506148                     10
                    365     -2.092569045140729      1.026325118844976                    0.1                    0.1     0.3213552905881415                     10
                    366     -1.913953682502332     0.9692377602937597                    0.1                    0.1     0.2943667428395499                     10
                    367     -1.906860885354394      1.078864797371075                    0.1                    0.1      0.319621928464314                     10
                    368     -1.340199096410906     0.6626503019190163                    0.1                    0.1     0.3281956439333915                     10
                    369    -0.9526574772996685     0.9734406637875731                    0.1                    0.1     0.4875011248929019                     10
                    370     -2.031172538463801      1.069884261335031                    0.1                    0.1     0.3236792412527784                     10
                    371     -1.108131806178176     0.6511703914618495                    0.1                    0.1     0.4452176314036846                     10
                    372     -1.073126668116923     0.5647102630097287                    0.1                    0.1     0.4231746761274818                     10
                    373     -2.225121323659055      1.086018262180449                    0.1                    0.1     0.3742592274189454                     10
                    374    -0.4935286523521935      1.443533579179374                    0.1                    0.1     0.5552088804583827                     10
                    375      -2.26192195426401     0.9525512226928903                    0.1                    0.1     0.3355394213674573                     10
                    376     -1.271060589660778      0.527309462112123                    0.1                    0.1     0.3967782542224404                     10
                    377     -1.087567585019804      1.106488352918418                    0.1                    0.1     0.4277514186572193                     10
                    378     -1.827082168361115     0.6227482508180813                    0.1                    0.1     0.2715698793738473                     10
                    379     -1.588874650249763     0.6833518248538974                    0.1                    0.1     0.2816103577953874                     10
                    380     -1.600703118074966     0.9391084872816157                    0.1                    0.1     0.2548871378215223                     10
                    381     -1.734583473357102      1.180902509885833                    0.1                    0.1       0.31366799447301                     10
                    382     -1.932270754631789     0.9838239719319937                    0.1                    0.1      0.277958112395244                     10
                    383     -2.196871551900801      0.864091628806594                    0.1                    0.1     0.3251218123864469                     10
                    384      -2.23659504129103     0.8042761175805825                    0.1                    0.1     0.3290013338886744                     10
                    385    -0.9240370795060654     0.6334005599679342                    0.1                    0.1     0.4909771964796691                     10
                    386     -1.487969890332416      1.321155323970282                    0.1                    0.1     0.3925742656223175                     10
                    387     -1.788120534329611      0.176840132301518                    0.1                    0.1     0.4443829699078439                     10
                    388     -1.934098476584702      0.892729435939856                    0.1                    0.1     0.2735025218431272                     10
                    389     -2.001537516136634     0.7774087246313428                    0.1                    0.1     0.2895611016289935                     10
                    390     -1.322005318352673   -0.02945792562010409                    0.1                    0.1     0.4630322153145638                     10
                    391     -1.251205513845949      1.357243870103556                    0.1                    0.1     0.4454378063670915                     10
                    392     -1.659328348944135     0.2593368651841524                    0.1                    0.1     0.3856673504096706                     10
                    393     -1.599557754145942     0.2161446835697274                    0.1                    0.1     0.3751467652975818                     10
                    394     -1.897503973042579      1.053943735230246                    0.1                    0.1     0.2859690897620435                     10
                    395     -2.327808457300636     0.8172046332864563                    0.1                    0.1      0.332215502658668                     10
                    396     -1.718241861100491    -0.1667354567699445                    0.1                    0.1      0.534918688867301                     10
                    397     -1.749049036100877     0.5171253082928071                    0.1                    0.1     0.2496954634359074                     10
                    398     -1.960049840646116      1.441235793637972                    0.1                    0.1     0.5117944357727141                     10
                    399     -1.268273494519183     0.7030780542741533                    0.1                    0.1     0.3811536000483561                     10
                    400    -0.4298839902586675      1.107702876626613                    0.1                    0.1     0.5100723074481058                     10
                    401      -2.25214043804788     0.3051663314426196                    0.1                    0.1     0.4911301869988756                     10
                    402     -1.179422200361239     0.5306988627639407                    0.1                    0.1     0.4113074541676447                     10
                    403     -2.378338963264117      1.032670544493085                    0.1                    0.1     0.3856515154084886                     10
                    404     -1.031168589001397      0.875862835597363                    0.1                    0.1     0.4273494033070973                     10
                    405     -1.238261256916913     0.1249670547613087                    0.1                    0.1     0.4309198458029432                     10
                    406     -1.938038630657169     0.7070642696169371                    0.1                    0.1     0.2982151811590295                     10
                    407     -1.970748703855121      1.169705192585912                    0.1                    0.1     0.3497896118977139                     10
                    408     -1.956110598064506     0.2017117319456141                    0.1                    0.1     0.3891581235734349                     10
                    409     -2.167448786511189      1.227249034049042                    0.1                    0.1     0.4510651788379703                     10
                    410     -1.275023010180137   -0.05687832638466029                    0.1                    0.1     0.4477029757108163                     10
                    411     -2.147912743278116      1.059358780752954                    0.1                    0.1     0.3122891737595648                     10
                    412     -1.598902091909382    -0.1282511856677699                    0.1                    0.1     0.4672444117517313                     10
                    413     -1.706050038925723     0.5790957914305958                    0.1                    0.1     0.2539835502145791                     10
                    414     -0.892302272073092   -0.01300578099423453                    0.1                    0.1     0.5102982980559327                     10
                    415      -2.30705437814557     0.6606188271352299                    0.1                    0.1     0.3381699122770341                     10
                    416    -0.8710024524804646      1.606494373519977                    0.1                    0.1     0.5459505649767307                     10
                    417     -1.844633848730208      0.197166808982439                    0.1                    0.1     0.3902849758898826                     10
                    418     -1.598836406229594     0.3586516988312195                    0.1                    0.1     0.3079004673222294                     10
                    419     -2.102080004585066       1.28922159969648                    0.1                    0.1     0.4359919840150876                     10
                    420     -1.249893517413583     0.6131269816175767                    0.1                    0.1     0.3664805365075562                     10
                    421    -0.2485621013089793     0.9167057495205411                    0.1                    0.1     0.5166976708025061                     10
                    422     -2.236270717896677      0.811432594987889                    0.1                    0.1     0.3067184078643484                     10
                    423     -1.040623345857935     0.6771345262760384                    0.1                    0.1     0.4082957944082227                     10
                    424     -1.116369887466026     0.7819181415992206                    0.1                    0.1     0.4044969267008909                     10
                    425     0.1415490302175235      1.449426780421179                    0.1                    0.1     0.5554822566809148                     10
                    426     -1.503098701133057      1.217755238130378                    0.1                    0.1     0.3419605516573065                     10
                    427     -1.113414896579449      1.333920309926969                    0.1                    0.1     0.4471655262921808                     10
                    428     -1.987129414950269     0.5793493905833356                    0.1                    0.1     0.3200162904528343                     10
                    429    -0.7086212397834935     0.7306519895789837                    0.1                    0.1     0.5391650616880185                     10
                    430     -2.457796318610109     0.7603766061505852                    0.1                    0.1     0.3970778784897538                     10
                    431    -0.4764688897765761     0.8390285642177775                    0.1                    0.1     0.5165994527806707                     10
                    432     -2.446982376918586     0.6428518772373555                    0.1                    0.1     0.4017839484560662                     10
                    433    -0.4485660135110273     0.9147814074747894                    0.1                    0.1     0.4627978529849044                     10
                    434     -2.430753709812218     0.5378163175057069                    0.1                    0.1     0.4422288698639109                     10
                    435     -1.321481142519822     0.3368125083120275                    0.1                    0.1     0.3841614116800857                     10
                    436     -2.007378528529255     0.9300504089931503                    0.1                    0.1      0.251928224997054                     10
                    437     -1.725932605445976     0.1965063285394169                    0.1                    0.1     0.3952585342332228                     10
                    438     -2.085556817048302     0.3475727351003715                    0.1                    0.1     0.3570049851582153                     10
                    439      -2.18662764489676      1.241657070975654                    0.1                    0.1     0.4331392563065036                     10
                    440     -1.182849678627205     0.3701068936968093                    0.1                    0.1     0.4360557176094029                     10
                    441     -1.274149004003167     0.7863425391680832                    0.1                    0.1     0.3474098008564634                     10
                    442      -1.15629833670592     0.8515409359601337                    0.1                    0.1     0.3625636035331039                     10
                    443     -1.005615097624794     0.9559136816427248                    0.1                    0.1     0.4187025787345002                     10
                    444     -2.391258943152819     0.7572769536586408                    0.1                    0.1     0.3255549313487484                     10
                    445      -1.18708565170822     0.7022206941038156                    0.1                    0.1      0.372800864398643                     10
                    446     -1.405860798297931      1.086354545317583                    0.1                    0.1     0.3143436976264747                     10
                    447     -1.336918086438767      1.232390983614998                    0.1                    0.1     0.4029206630195881                     10
                    448     -1.371867299577155      0.814721219513113                    0.1                    0.1     0.2865561098054905                     10
                    449     -2.144437735232783     0.5544700208078719                    0.1                    0.1     0.3410677056715631                     10
                    450     -2.165472906115925     0.4517586905034186                    0.1                    0.1     0.3652911638889483                     10
                    451    -0.7997110180410584      1.181633404654758                    0.1                    0.1     0.5216826670732707                     10
                    452     -1.753677031075397      0.659246875382866                    0.1                    0.1     0.2518627504755629                     10
                    453     -1.569622453984161     0.7687002285660162                    0.1                    0.1      0.268272125916016                     10
                    454     -1.624365216631582     0.9481809584734441                    0.1                    0.1      0.257767378884158                     10
                    455     -1.433060381059363     0.4772535667781804                    0.1                    0.1     0.2850256934005045                     10
                    456     -1.896456694926044      0.490031642205258                    0.1                    0.1     0.2676313593281839                     10
                    457     -1.950416874562983     0.3910229505680958                    0.1                    0.1     0.2730035552057504                     10
                    458     -1.163195473447357     0.6941775835792321                    0.1                    0.1     0.3612844503523187                     10
                    459      -2.14907826738995     0.7364560758941353                    0.1                    0.1     0.2999269222635981                     10
                    460     -1.710409125799055     0.3059705498696424                    0.1                    0.1     0.3373956263735031                     10
                    461     -1.920610060214541      1.142212421114227                    0.1                    0.1     0.3109011803319521                     10
                    462     -1.635027858577301      1.009208275750791                    0.1                    0.1     0.2530170750950955                     10
                    463     -1.465166439865986      0.535950502230348                    0.1                    0.1      0.251585562870157                     10
                    464     -1.710649227334563      0.307683628497338                    0.1                    0.1     0.3255224954429972                     10
                    465     -1.740275389561072     0.2123330285451427                    0.1                    0.1     0.3600272664547839                     10
                    466     -1.484631413310156      1.328722618459139                    0.1                    0.1     0.3699682019367372                     10
                    467    -0.9655678489091037     0.5933045326806168                    0.1                    0.1     0.4279566398636134                     10
                    468     -1.922605868638009     0.4965236309628359                    0.1                    0.1     0.2672759770074134                     10
                    469     -1.826749943834847      1.161866989141486                    0.1                    0.1     0.2970359257666924                     10
                    470     -1.641845644343011     0.9976631370447485                    0.1                    0.1     0.2507287941643882                     10
                    471      -1.63563798017393     0.7281459720441402                    0.1                    0.1     0.2732507022583871                     10
                    472     -1.940075012367939     0.6311880821688804                    0.1                    0.1     0.2864155632316429                     10
                    473     -1.621573578044112     0.5789961337226014                    0.1                    0.1     0.2604735287366012                     10
                    474     -2.001221410510975     0.8974390010967142                    0.1                    0.1     0.2466786633776515                     10
                    475     -1.566263870503366     0.7589389476996208                    0.1                    0.1     0.2527123401524863                     10
                    476     -1.854921469349863     0.9651632999990768                    0.1                    0.1     0.2624742061741812                     10
                    477     -2.097245255183403     0.5027473720073811                    0.1                    0.1     0.3128907838829948                     10
                    478     -1.749953627187551     0.6939178801005246                    0.1                    0.1      0.246135475407538                     10
                    479     -2.178351592490414     0.7192488608695502                    0.1                    0.1     0.2971128357422685                     10
                    480     -1.966075494582667     0.5763018985404595                    0.1                    0.1     0.2804381633595511                     10
                    481     -2.155204405470361     0.6741900984912558                    0.1                    0.1     0.2911819014746034                     10
                    482     -2.050339092220692     0.6383452969050384                    0.1                    0.1     0.2722090765335305                     10
                    483     -2.234131119476531     0.8889119696021931                    0.1                    0.1     0.2882736229121078                     10
                    484     -2.264313939919832     0.7354767427710278                    0.1                    0.1     0.2805557990398549                     10
                    485     -2.229639626183903      1.051379194703887                    0.1                    0.1     0.3111609362759359                     10
                    486     -1.893272821411738      1.038273914478427                    0.1                    0.1     0.2531404980449658                     10
                    487     -1.723179729667345      1.047359715029573                    0.1                    0.1      0.275834690438263                     10
                    488     -1.719979934037088     0.8152895530522225                    0.1                    0.1      0.270271521213379                     10
                    489     -1.774131647149891     0.8555813825970502                    0.1                    0.1     0.2681466702190123                     10
                    490     -1.921509461484997     0.8379231312020313                    0.1                    0.1     0.2520213577139828                     10
                    491     -1.935083940152699      0.643113301001785                    0.1                    0.1     0.2629109054335333                     10
                    492     -1.979294156952128     0.5728936195031689                    0.1                    0.1     0.2640067746585708                     10
                    493     -2.100633745969913     0.7243031504814863                    0.1                    0.1     0.2562655532711687                     10
                    494     -1.892142634549644     0.9534980399050258                    0.1                    0.1     0.2347240601932573                     10
                    495      -1.67272645116343     0.8874244839370981                    0.1                    0.1     0.2594381273942549                     10
                    496     -1.607075623132709      0.499262481428415                    0.1                    0.1     0.2699489936665666                     10
                    497     -1.872170026046704     0.6480619780241139                    0.1                    0.1     0.2403183546706056                     10
                    498     -1.530844007476767     0.7200548064308697                    0.1                    0.1     0.2380829642445166                     10
                    499     -1.859480770702349     0.5947283174615566                    0.1                    0.1     0.2261371317966748                     10
                    500     -1.964868389997201     0.6174919583294032                    0.1                    0.1     0.2453063310877367                     10
