#! FIELDS time p.x sigma_p.x height biasf
#! SET multivariate false
#! SET kerneltype gaussian
                    0.5     -1.162832491406628                    0.1     0.1111111111111111                     10
                      1     -1.443639301011965                    0.1      0.111087113745448                     10
                    1.5     -1.027653740176387                    0.1     0.1106159408826711                     10
                      2     -1.141242134108046                    0.1     0.1092588419211796                     10
                    2.5     -1.582590023208396                    0.1     0.1106409388952366                     10
                      3     -1.337937551289985                    0.1     0.1098954097944094                     10
                    3.5     -1.158932700523437                    0.1     0.1079347517291871                     10
                      4     -1.354617280064498                    0.1     0.1085065415267365                     10
                    4.5     -1.345254209374032                    0.1     0.1073117736766042                     10
                      5     -1.134421210168868                    0.1     0.1065412469088939                     10
