#! FIELDS time p.x sigma_p.x height biasf
#! SET multivariate false
#! SET kerneltype gaussian
                      5     -1.594238427473994                    0.1                  0.625                      5
                     10     -1.682902367985896                    0.1     0.5743199765706055                      5
                     15     -1.888921477581275                    0.1     0.6154373108654226                      5
                     20     -1.791255075787261                    0.1     0.5333515855210293                      5
                     25     -1.617421951873016                    0.1     0.4908746435161437                      5
                     30     -1.188660075721793                    0.1                  0.625                      5
                     35    -0.6523386527308489                    0.1                  0.625                      5
                     40     -1.185639227657644                    0.1     0.5514356217072161                      5
                     45    -0.4839613038362038                    0.1     0.6063112089779856                      5
                     50    -0.5298247491351693                    0.1     0.5280526533616197                      5
                     55     -1.289276466302996                    0.1     0.5423837138082843                      5
                     60     -2.611031747127397                    0.1                  0.625                      5
                     65    -0.1764088743006259                    0.1     0.6242053556876043                      5
                     70    -0.7080750021950319                    0.1     0.5440349240460021                      5
                     75      -3.12945301655751                    0.1                  0.625                      5
                     80     -1.136556298919279                    0.1     0.4910292595990068                      5
                     85    -0.3052057864220354                    0.1     0.5723591634496603                      5
                     90     -1.849927549163697                    0.1     0.4895636064777527                      5
                     95     -1.875671251500489                    0.1     0.4556892286350317                      5
                    100     -2.068705642378228                    0.1     0.5945622142593496                      5
                    105     -2.383358909729501                    0.1      0.618641116368439                      5
                    110     -1.380625091574837                    0.1     0.5471894120783637                      5
                    115     -1.450230194446669                    0.1      0.511321894058981                      5
                    120    -0.9955297710998987                    0.1      0.578384461028561                      5
                    125    -0.7223284590870191                    0.1     0.4953520820597868                      5
                    130    -0.9718859771851102                    0.1     0.5269962162027295                      5
                    135    -0.1569677387655214                    0.1     0.5317373153754598                      5
                    140   -0.09521325411186637                    0.1      0.516475601335423                      5
                    145    -0.6487670126735997                    0.1      0.428790475596427                      5
                    150     -1.378528318625955                    0.1     0.4519945264750503                      5
                    155     -3.044220603939696                    0.1     0.5728507609440819                      5
                    160     -5.344512278275024                    0.1                  0.625                      5
                    165     -4.322039958148076                    0.1                  0.625                      5
                    170    -0.8144635946536246                    0.1     0.4924595867040337                      5
                    175     -1.044776031798916                    0.1     0.4413739526689013                      5
                    180     -1.485317736958395                    0.1     0.4370921760203963                      5
                    185     -3.631053452238868                    0.1                  0.625                      5
                    190     -4.172243351817251                    0.1     0.6000135358332673                      5
                    195      -5.43404294726085                    0.1     0.5746934732423885                      5
                    200     -4.999992781594117                    0.1     0.6247928959193728                      5
                    205      -5.62594598690333                    0.1     0.6122204410116415                      5
                    210     -3.892477361392471                    0.1     0.6209430977617209                      5
                    215     -4.082480860223201                    0.1     0.5610336314120269                      5
                    220      -3.57413404774918                    0.1     0.5613928323228039                      5
                    225     -1.046433308901024                    0.1     0.4035521307674225                      5
                    230    -0.3037806509715133                    0.1     0.4862293689927247                      5
                    235    -0.6069129754497352                    0.1     0.3955391959245178                      5
                    240     -1.491075477406219                    0.1     0.4011090513130671                      5
                    245     -1.180935887401016                    0.1     0.3725215226325778                      5
                    250     -3.323744665440549                    0.1     0.6081713486549135                      5
                    255     -1.869038642055092                    0.1     0.4061311605688528                      5
                    260     -2.001569308596983                    0.1     0.4727271574827532                      5
                    265     -4.721060896909644                    0.1     0.6234021249001367                      5
                    270      -1.75740264316219                    0.1     0.3889402697689464                      5
                    275      -5.46320121379904                    0.1     0.5091582040339455                      5
                    280     -5.463551291683019                    0.1     0.4598422331188065                      5
                    285     -3.975620630618055                    0.1     0.5275922050905822                      5
                    290    -0.5199772408699623                    0.1     0.4118358814033957                      5
                    295    -0.6469624554039672                    0.1     0.3439925696761955                      5
                    300     -2.744476142668275                    0.1     0.5929064951032585                      5
                    305     -5.766917305102019                    0.1     0.5958122766083147                      5
                    310     -5.274156322983253                    0.1     0.5296939676251351                      5
                    315     -2.427191565838163                    0.1     0.5452143203783925                      5
                    320     -2.777713775197735                    0.1     0.5394068299615451                      5
                    325     -3.840332248238066                    0.1     0.5247867784630434                      5
                    330     -5.421755507608712                    0.1     0.4038524137055826                      5
                    335     -5.155018805118538                    0.1      0.555981151039956                      5
                    340     -4.670788613696915                    0.1     0.5594063147874226                      5
                    345     -5.006837766605376                    0.1     0.5283333818743385                      5
                    350     -4.840977981923873                    0.1     0.5378425598773685                      5
                    355     -2.132915161863149                    0.1     0.5336368157912864                      5
                    360     -1.711253551892751                    0.1     0.3736342974104626                      5
                    365    -0.9211272799890299                    0.1     0.4332145941281164                      5
                    370    -0.3619784365559646                    0.1     0.4473861544269458                      5
                    375     -0.673715388326994                    0.1     0.3252754005191654                      5
                    380     -1.897049573593018                    0.1     0.3478912154256137                      5
                    385     -2.183008821925657                    0.1     0.5109704597790431                      5
                    390     -1.684306408959715                    0.1     0.3499217907993041                      5
                    395     -1.299624136756681                    0.1     0.3738194296515566                      5
                    400     -4.572356925337718                    0.1     0.5549750804309432                      5
                    405     -5.459862517898669                    0.1     0.3801424679323887                      5
                    410      -0.30725519891806                    0.1     0.4055242829533737                      5
                    415    -0.2173653607392323                    0.1      0.383275633621969                      5
                    420    -0.1098844481722274                    0.1     0.4238068663908636                      5
                    425    -0.7856002210019383                    0.1     0.3794810849882753                      5
                    430       -1.1605424404285                    0.1     0.3318908864699391                      5
                    435     -1.339938521877048                    0.1     0.3457818944441218                      5
                    440     -4.793626991347045                    0.1     0.4720404786801881                      5
                    445     -5.682127034038951                    0.1     0.5011597786715073                      5
                    450     -5.670934924565623                    0.1     0.4502100960824483                      5
                    455     -5.709612361136776                    0.1     0.4253095235713467                      5
                    460     -2.924618963107997                    0.1     0.5473452544798093                      5
                    465     -5.166226824205175                    0.1      0.478539351918362                      5
                    470     -3.792200835186335                    0.1      0.494132651221973                      5
                    475      -4.37484013502719                    0.1     0.5414330208757054                      5
                    480    -0.7011710542481033                    0.1     0.2997132166878833                      5
                    485     0.1244948874769202                    0.1     0.6136547807446815                      5
                    490    -0.7486490802368476                    0.1      0.308434176740994                      5
                    495     -3.398285658241925                    0.1     0.5497898071514182                      5
                    500    -0.9075580720385469                    0.1      0.377108573403605                      5
                    505     -2.350771633936899                    0.1      0.491242570044489                      5
                    510     -2.792357919859986                    0.1     0.4685294975822868                      5
                    515     -5.195963162695816                    0.1     0.4312167893854115                      5
                    520     -4.937377311001121                    0.1     0.4521485261628546                      5
                    525     -4.881839298519634                    0.1     0.4172373780685137                      5
                    530     -1.958110233352532                    0.1     0.3581664729588412                      5
                    535     -1.384552001157104                    0.1     0.3290780562244895                      5
                    540     -3.105354098689071                    0.1     0.4856190833287735                      5
                    545     -1.732106855952993                    0.1     0.3137367887853556                      5
                    550      -2.14800727627457                    0.1     0.4323516226178282                      5
                    555     0.1984267254811126                    0.1     0.5679322848290469                      5
                    560      2.606103669657863                    0.1                  0.625                      5
                    565      2.310362791679262                    0.1     0.6240132721074692                      5
                    570      4.375591542407332                    0.1                  0.625                      5
                    575      2.115628056593785                    0.1     0.6133703828262409                      5
                    580      3.406212710055969                    0.1                  0.625                      5
                    585      2.694571125419648                    0.1     0.5742355770517555                      5
                    590      2.818142303382795                    0.1     0.5845696101127463                      5
                    595      2.544333241212402                    0.1     0.5370710773984156                      5
                    600      3.770850949574508                    0.1     0.6249944524054885                      5
                    605      2.441513759307284                    0.1     0.5357869006266115                      5
                    610      2.657405550863603                    0.1     0.4552379504767659                      5
                    615       1.40304789211602                    0.1                  0.625                      5
                    620      4.200352277385862                    0.1     0.6083619309267638                      5
                    625      3.305264059357945                    0.1     0.5796838125098793                      5
                    630      1.977606684933625                    0.1     0.5957531241848798                      5
                    635      2.223199819886479                    0.1     0.5268293330430859                      5
                    640      2.801665876757735                    0.1     0.4939785299810451                      5
                    645      3.248096157768746                    0.1     0.5463045757568701                      5
                    650      2.262483532504385                    0.1     0.4736959964288616                      5
                    655      2.284320616339472                    0.1     0.4327669953255265                      5
                    660      5.086588816518544                    0.1                  0.625                      5
                    665      4.879792660458974                    0.1      0.615838715718713                      5
                    670      2.489005910822453                    0.1     0.4470153416616078                      5
                    675      3.323192107004196                    0.1     0.4696749449731887                      5
                    680    -0.8271801253884951                    0.1     0.3324104305770854                      5
                    685     -4.300062309696013                    0.1     0.4764849550849448                      5
                    690     -1.903676311755903                    0.1     0.2996291190993276                      5
                    695     -1.683909199526735                    0.1     0.3060940769979172                      5
                    700     -1.522506734374136                    0.1      0.337018512269192                      5
                    705    -0.2296577216916409                    0.1     0.3377950154155132                      5
                    710     -0.882908986252722                    0.1     0.3301219028913816                      5
                    715     -4.053398328350966                    0.1     0.4620272841927164                      5
                    720     -3.386994799671661                    0.1     0.4906906894705498                      5
                    725    -0.4055422918696331                    0.1     0.3742861446728648                      5
                    730     -2.946321420335461                    0.1     0.4630354407783339                      5
                    735     -2.139522704858126                    0.1       0.39159736261067                      5
                    740     -4.954082033165251                    0.1     0.3859140259393315                      5
                    745     -4.768963603118316                    0.1     0.3918729373731375                      5
                    750     -2.418025532995061                    0.1     0.4463531752386208                      5
                    755     -5.038634163277169                    0.1     0.3773230869379362                      5
                    760     -5.637250965502607                    0.1     0.3797917762152814                      5
                    765     -1.870295937478259                    0.1     0.2691491463243461                      5
                    770      2.967855752806624                    0.1     0.5831298217170515                      5
                    775      4.587473521590486                    0.1     0.6156970179523056                      5
                    780      2.848941871874934                    0.1     0.4560314516096409                      5
                    785        2.0257779971086                    0.1     0.5043339505466128                      5
                    790      2.738155768786585                    0.1     0.3911711941828449                      5
                    795      2.754139690001399                    0.1     0.3633446112638085                      5
                    800      2.351111189205143                    0.1     0.4057473832917043                      5
                    805    0.03727295419438333                    0.1     0.5007495777643125                      5
                    810    -0.7618383679415749                    0.1      0.267678143392122                      5
                    815     -1.368730029538852                    0.1     0.2995797563900827                      5
                    820    -0.4411250372670876                    0.1      0.350115153465779                      5
                    825     -1.202946877443982                    0.1     0.2965728914486062                      5
                    830     -1.113561612963856                    0.1     0.2959748197923443                      5
                    835     -1.632752137534778                    0.1     0.2950133052350422                      5
                    840      2.131542611829802                    0.1     0.4248807625224474                      5
                    845      3.665261710112403                    0.1     0.5790277662197884                      5
                    850      4.195924018319936                    0.1     0.5396830821336175                      5
                    855      3.789163621555908                    0.1     0.5235759645527023                      5
                    860      2.661077408196949                    0.1     0.3477642909478278                      5
                    865       2.39353439586145                    0.1     0.3839496540462495                      5
                    870      4.744501424912113                    0.1     0.5737044087457435                      5
                    875      4.227602049871092                    0.1     0.4807992507999034                      5
                    880      5.335057075647169                    0.1     0.6214360103055817                      5
                    885      5.517080156330686                    0.1     0.6103211643933163                      5
                    890      5.530654456952806                    0.1     0.5435607756891895                      5
                    895       5.52594203074896                    0.1     0.4863395026521583                      5
                    900      5.538979300850052                    0.1     0.4447419198264713                      5
                    905       4.97973586375762                    0.1     0.5363203187234432                      5
                    910      4.247631245981565                    0.1     0.4387747716318616                      5
                    915      -3.46325053652622                    0.1     0.4624181689999682                      5
                    920     -5.079249053114515                    0.1     0.3625294686349448                      5
                    925     -5.665011878676718                    0.1     0.3527648658442695                      5
                    930     -4.696837678314648                    0.1     0.3926644593613038                      5
                    935      -5.10220946181314                    0.1     0.3436690056702304                      5
                    940     -3.352245809021635                    0.1     0.4243915797957318                      5
                    945     -4.152482752444769                    0.1     0.4356454928135453                      5
                    950     -4.037692275888094                    0.1     0.4012646835016699                      5
                    955     -4.387326305989264                    0.1     0.4554915188913517                      5
                    960     -4.282780564592712                    0.1     0.3925568125241724                      5
                    965     -1.411819034994883                    0.1      0.282088363393362                      5
                    970     -3.933980772188716                    0.1     0.3939479439137258                      5
                    975     -4.500353823031412                    0.1     0.4712942106859541                      5
                    980    -0.4923590271090192                    0.1     0.3193159558129371                      5
                    985    -0.4559632651227275                    0.1     0.3066303094825283                      5
                    990       0.25064448123339                    0.1     0.5297150622182857                      5
                    995      3.297964570072413                    0.1      0.429966653507324                      5
                   1000      5.495684612153976                    0.1      0.406300890011557                      5
                   1005      1.146460317566676                    0.1     0.6220952545908893                      5
                   1010      3.195320912392725                    0.1     0.4752993537199013                      5
                   1015      4.859004907726249                    0.1     0.4892501603737176                      5
                   1020      2.501396687357438                    0.1     0.3683150263062004                      5
                   1025      3.062118267534125                    0.1      0.528217812378175                      5
                   1030      3.045623943499959                    0.1     0.4749060803069902                      5
                   1035      5.296557595877541                    0.1     0.5267902427278448                      5
                   1040       5.16734577683877                    0.1     0.5176015775882038                      5
                   1045      3.997510516220771                    0.1     0.5865909209286482                      5
                   1050      5.208015290745614                    0.1     0.4653089076535898                      5
                   1055      5.464332756335361                    0.1      0.377507028297037                      5
                   1060      5.308052175118838                    0.1     0.4164829764812346                      5
                   1065      5.464152663169389                    0.1     0.3415289926274044                      5
                   1070      4.032884659930574                    0.1     0.5106235138386827                      5
                   1075     -1.484857075830075                    0.1     0.2834335330445332                      5
                   1080      1.012526881637492                    0.1     0.5940085955274497                      5
                   1085      1.232614407820537                    0.1     0.5510509692173768                      5
                   1090      1.890889078104242                    0.1     0.5446168795357591                      5
                   1095      3.783609040403948                    0.1     0.4615371439005626                      5
                   1100      2.706745270015793                    0.1     0.3145118600461793                      5
                   1105      4.775100582911914                    0.1     0.4697577930520773                      5
                   1110      5.265359495262858                    0.1     0.3850346050886692                      5
                   1115      5.021787918280133                    0.1     0.4452211433863228                      5
                   1120      4.332435565080798                    0.1     0.4488301828311833                      5
                   1125      3.140849404712296                    0.1      0.424403619820559                      5
                   1130      3.253726840352154                    0.1     0.3579085356212089                      5
                   1135      1.239994477623699                    0.1     0.4951974986612995                      5
                   1140      3.332566101389268                    0.1     0.3544734197336588                      5
                   1145      3.689868454300615                    0.1     0.4492757193601783                      5
                   1150      3.722266660236127                    0.1     0.3944162658395234                      5
                   1155      5.411893542171994                    0.1     0.3303991547934304                      5
                   1160      5.452780533588925                    0.1     0.2991092775711154                      5
                   1165      5.064133504514331                    0.1     0.4046872731920819                      5
                   1170      5.338049205575116                    0.1     0.3189054339307399                      5
                   1175      4.724720347991425                    0.1     0.4509999995154479                      5
                   1180      1.256043202710716                    0.1     0.4526937558484944                      5
                   1185      3.453604331477784                    0.1       0.46331815218775                      5
                   1190      2.190092984012236                    0.1     0.3669284724014013                      5
                   1195      1.424628467021052                    0.1     0.5207663137699036                      5
                   1200      2.983161571212193                    0.1     0.4138599529727449                      5
                   1205     -1.108167456478735                    0.1     0.2800707816374639                      5
                   1210     -1.595068600999023                    0.1     0.2768750929311828                      5
                   1215      -1.70778702305098                    0.1     0.2525255832993204                      5
                   1220     -2.803665197414555                    0.1     0.4141320328135006                      5
                   1225      -2.95409763992777                    0.1     0.4104165399077491                      5
                   1230     -1.015524610504965                    0.1     0.2908426130287004                      5
                   1235     -2.120925308495399                    0.1     0.3545387001815701                      5
                   1240     -2.551440561744362                    0.1     0.4766786197394752                      5
                   1245     -3.120247369984349                    0.1     0.4222545807574004                      5
                   1250     -2.187033218300381                    0.1     0.3622882923762984                      5
                   1255     -4.428391870245251                    0.1     0.3995222420019296                      5
                   1260     -5.268325073825301                    0.1     0.3715803141803428                      5
                   1265     -3.637416258867363                    0.1     0.4630686152270304                      5
                   1270     -4.490665540623614                    0.1     0.3994190450463981                      5
                   1275     -4.743766383769637                    0.1     0.3418330755718427                      5
                   1280      -2.61262412127805                    0.1     0.4357673694863289                      5
                   1285     -3.420047502567952                    0.1     0.3830671815798317                      5
                   1290     -4.224822506031679                    0.1     0.3622315981545743                      5
                   1295     -2.425676930512019                    0.1     0.3855150215381083                      5
                   1300     -1.490741945504588                    0.1     0.2593239596467821                      5
                   1305     0.7647567036805824                    0.1     0.6215532748187507                      5
                   1310    -0.4208370788175154                    0.1     0.2929846875944989                      5
                   1315      1.046601378208751                    0.1     0.4938714148546546                      5
                   1320      3.041996799926048                    0.1     0.3786193207878601                      5
                   1325      2.626350471054542                    0.1      0.308070454220724                      5
                   1330      3.595598580518974                    0.1     0.4604646232384004                      5
                   1335      5.114949979384768                    0.1     0.3674731959736098                      5
                   1340      5.357359241571857                    0.1     0.2924096046114339                      5
                   1345      4.125614014445924                    0.1     0.4143845510394716                      5
                   1350      4.996640996910882                    0.1     0.3673499389541841                      5
                   1355      1.602644053105692                    0.1     0.6002024304711832                      5
                   1360     0.9009040861492998                    0.1     0.5356226511834131                      5
                   1365    -0.8265561948744983                    0.1     0.2777522947104787                      5
                   1370     0.5769781958301048                    0.1     0.6111228961300047                      5
                   1375     -0.772002320614283                    0.1      0.244128727357691                      5
                   1380     -1.028212585764936                    0.1     0.2688405007764275                      5
                   1385     -2.439405354196434                    0.1     0.3583913008564937                      5
                   1390     -2.672782719863617                    0.1     0.3845493074382139                      5
                   1395     -4.468825097204177                    0.1     0.3583800881186827                      5
                   1400     -5.637281953621941                    0.1     0.3287933501899184                      5
                   1405     -5.405067044113218                    0.1     0.3269648883131257                      5
                   1410     -5.644975690297544                    0.1     0.3061371318824945                      5
                   1415     -5.502192460940848                    0.1     0.3100421188899495                      5
                   1420     -4.825072603044313                    0.1     0.3188488491792233                      5
                   1425     -1.927156113091042                    0.1     0.2713507124741327                      5
                   1430     -1.555660553858009                    0.1     0.2496632825016345                      5
                   1435      -3.27110515041405                    0.1     0.4124871295238086                      5
                   1440     -5.408613633026177                    0.1     0.2927573220464826                      5
                   1445     -5.611456743280361                    0.1     0.2807631732679011                      5
                   1450     -5.282527593716932                    0.1     0.3240008969490155                      5
                   1455     -2.723826760705804                    0.1     0.3496699239760767                      5
                   1460     -3.938653632767871                    0.1     0.3621307644502452                      5
                   1465     -4.316788212476206                    0.1     0.3146680434950389                      5
                   1470     -5.323181034280267                    0.1     0.2907168354917051                      5
                   1475     -4.832237452244097                    0.1     0.2996368335554462                      5
                   1480     -1.720208693871327                    0.1      0.234273716976443                      5
                   1485     0.3441641300008703                    0.1     0.5499035641503199                      5
                   1490     -1.239946861252875                    0.1     0.2566093829771866                      5
                   1495     -0.236562039447154                    0.1     0.3010972658791148                      5
                   1500    -0.1589708618821073                    0.1     0.3137604618774482                      5
                   1505     -1.608365917851792                    0.1     0.2296765115306739                      5
                   1510     -2.502015160916884                    0.1       0.34571261907161                      5
                   1515     -4.362981242283311                    0.1     0.2935079064957689                      5
                   1520     -3.838258225589826                    0.1     0.3813406116909166                      5
                   1525     -4.147665286593165                    0.1     0.3347765904144036                      5
                   1530     -2.653239104684293                    0.1     0.3324068534818678                      5
                   1535     -3.190728630134705                    0.1     0.3954188246101447                      5
                   1540     -3.696985635361477                    0.1     0.4189980444514878                      5
                   1545    -0.8128626134411603                    0.1     0.2452681926270255                      5
                   1550     -2.158528166221787                    0.1      0.319663119887586                      5
                   1555     -1.080024317169619                    0.1     0.2432190808800451                      5
                   1560    -0.6746450408215008                    0.1     0.2236813234778885                      5
                   1565    -0.3781145277525721                    0.1     0.2737909263216253                      5
                   1570    -0.4478382100954963                    0.1      0.259103135374235                      5
                   1575     -2.324455174421239                    0.1     0.3513016220298013                      5
                   1580     -3.031500686185967                    0.1     0.3577864138816136                      5
                   1585      -3.48841269620406                    0.1     0.3711403287677245                      5
                   1590    -0.8766896923596124                    0.1     0.2509337784077861                      5
                   1595    -0.1942870134519347                    0.1     0.2753418289120397                      5
                   1600     -1.768505905945473                    0.1     0.2221118493188886                      5
                   1605     -1.192437579214431                    0.1     0.2324513068335599                      5
                   1610     -2.179512672547548                    0.1     0.3020244915405389                      5
                   1615     -2.776055926952946                    0.1     0.3171953773557812                      5
                   1620     -1.216574268939391                    0.1     0.2260187972254269                      5
                   1625     -2.689617384425151                    0.1     0.2939975663723232                      5
                   1630     -3.756900459535009                    0.1     0.3743783184335663                      5
                   1635     -5.650573818822116                    0.1      0.266873960337595                      5
                   1640      -4.88979923501361                    0.1     0.2887887113807374                      5
                   1645     -5.713336917977149                    0.1     0.2897332449255779                      5
                   1650     -4.420272034601206                    0.1     0.2909942831815345                      5
                   1655      -4.86118724794088                    0.1     0.2697249511756297                      5
                   1660     -5.083966258131243                    0.1     0.3023580350677794                      5
                   1665     -5.619883676372952                    0.1      0.242174276082969                      5
                   1670     -4.501618811576071                    0.1     0.3208078143841143                      5
                   1675     -5.190427412554295                    0.1     0.2970360975931887                      5
                   1680      -4.90516469446912                    0.1     0.2578930281868839                      5
                   1685     -2.839903909408097                    0.1     0.3149234058550806                      5
                   1690     -3.954707496700248                    0.1     0.3134781123773003                      5
                   1695     -5.665499148572708                    0.1     0.2336553349530342                      5
                   1700     -4.489438408729408                    0.1     0.2936792728421183                      5
                   1705     -4.543379139326451                    0.1     0.3080692218268565                      5
                   1710      -4.56034930472837                    0.1     0.2979807706786634                      5
                   1715     -4.712831981746527                    0.1     0.2807799182646973                      5
                   1720     -3.565374373234866                    0.1     0.3623031813152062                      5
                   1725      -2.06207532381513                    0.1     0.2821616015756319                      5
                   1730     -1.217781185545518                    0.1     0.2162316065395639                      5
                   1735     -1.715800708451696                    0.1     0.2094334819922661                      5
                   1740     0.3999870211784498                    0.1     0.5260037453106643                      5
                   1745     -2.510350451571999                    0.1     0.3085798436507497                      5
                   1750     -1.230325563126643                    0.1     0.2095023696081262                      5
                   1755     -0.472712605065685                    0.1     0.2464093107824825                      5
                   1760     -3.854777442309879                    0.1     0.3082473104104594                      5
                   1765     -5.115247674858791                    0.1     0.2752591725526174                      5
                   1770     -5.646429706454679                    0.1      0.219471367055484                      5
                   1775     -4.056154274632676                    0.1     0.3023039212449135                      5
                   1780     -2.803050357512796                    0.1     0.2797596298137359                      5
                   1785     -3.065665985915982                    0.1      0.328402079479366                      5
                   1790      -2.34249900043081                    0.1     0.3103379054501186                      5
                   1795     -2.634986904336535                    0.1     0.2766966907852881                      5
                   1800     -3.481664824982238                    0.1     0.3244226876836418                      5
                   1805     -2.044081138955719                    0.1      0.268756445991049                      5
                   1810     -1.641560346791697                    0.1     0.2056266019306212                      5
                   1815    -0.5062801597098064                    0.1     0.2364754624608386                      5
                   1820     0.3620667281284882                    0.1     0.4567931555399581                      5
                   1825      5.122700906641643                    0.1      0.328201674261659                      5
                   1830      3.038287428098293                    0.1     0.3511433108295242                      5
                   1835      1.496638944099328                    0.1     0.4904838855790661                      5
                   1840      2.976920005070928                    0.1     0.3379850863738646                      5
                   1845      2.776824490379628                    0.1     0.2993128674834437                      5
                   1850      2.078359048374064                    0.1     0.3857143463567819                      5
                   1855      1.792729359162384                    0.1     0.5548905561011925                      5
                   1860      5.441594699890276                    0.1     0.2621496081329076                      5
                   1865      4.693389559052351                    0.1     0.4294223616102714                      5
                   1870      4.616603556489653                    0.1     0.4502757542755809                      5
                   1875      5.609395552507729                    0.1     0.4025847532578918                      5
                   1880      1.616086831712702                    0.1      0.500106121400627                      5
                   1885       4.32331705509837                    0.1     0.3984962405650321                      5
                   1890      1.311404951457427                    0.1     0.4066529814482747                      5
                   1895      1.040670803622534                    0.1     0.4317672020395066                      5
                   1900    0.07363790332929251                    0.1     0.4435790555969455                      5
                   1905     -1.336135177541692                    0.1     0.2233521564239604                      5
                   1910     -1.194916449768314                    0.1     0.1927340142595624                      5
                   1915     0.2950394590242772                    0.1     0.4018944209191722                      5
                   1920     -1.008330780169615                    0.1     0.2339468587453706                      5
                   1925     -2.208180042264159                    0.1     0.2801526514020973                      5
                   1930     -2.319789348943095                    0.1     0.2897614078893842                      5
                   1935      0.828626460311446                    0.1     0.4963130486452011                      5
                   1940     -2.516740446333816                    0.1     0.2763715412053481                      5
                   1945     -3.402722297508157                    0.1      0.299938217706189                      5
                   1950     -4.251226968325629                    0.1     0.2826935665235298                      5
                   1955     -3.709249666758483                    0.1     0.3377350467596437                      5
                   1960     -5.035093072553848                    0.1     0.2552889850261842                      5
                   1965      -2.76105340722942                    0.1     0.2471178132365991                      5
                   1970       -0.9979876637935                    0.1     0.2258628551164664                      5
                   1975    -0.4724319584220541                    0.1     0.2242562626883445                      5
                   1980    -0.9925363824431485                    0.1     0.2171507700128282                      5
                   1985     -2.368114212116309                    0.1     0.2591357131331328                      5
                   1990    -0.1325322347497432                    0.1     0.2943874509627181                      5
                   1995 -0.0004915278371631559                    0.1     0.3869166542197438                      5
                   2000     -1.504804221476783                    0.1     0.2210316132836266                      5
                   2005     -4.968587147661164                    0.1     0.2392485727061039                      5
                   2010     -5.370679565414034                    0.1     0.2555253340931624                      5
                   2015     -5.256083748736445                    0.1     0.2636341915289461                      5
                   2020     -5.479994037758043                    0.1     0.2411273696547085                      5
                   2025     -3.713073374194185                    0.1     0.3152302822228581                      5
                   2030     -4.144920748942621                    0.1     0.2875547005423098                      5
                   2035     -2.131916356321959                    0.1     0.2373525705170146                      5
                   2040     -1.852011899381111                    0.1     0.2149003291569327                      5
                   2045     -1.435946663301234                    0.1     0.2130481751554027                      5
                   2050     0.6334667363755718                    0.1     0.5189042647167955                      5
                   2055    -0.4434622580372055                    0.1     0.2154643650986697                      5
                   2060     -2.344185801777442                    0.1     0.2509825529442377                      5
                   2065     -2.527355057817042                    0.1     0.2555359586735776                      5
                   2070     -2.652837632998995                    0.1     0.2383468538159392                      5
                   2075     -1.431127459488261                    0.1      0.204138201855615                      5
                   2080     -1.409345069155481                    0.1     0.1962374107472094                      5
                   2085     -4.488774661796518                    0.1     0.2483364908281777                      5
                   2090     -5.397721470223288                    0.1     0.2270157525290968                      5
                   2095     -4.665223384507818                    0.1      0.279106625417606                      5
                   2100     -4.867928868559156                    0.1     0.2263223061624117                      5
                   2105     -1.841309315937758                    0.1     0.2037505384758436                      5
                   2110      4.517123414609101                    0.1     0.4760602499104521                      5
                   2115      4.745525180030641                    0.1     0.3552563511213904                      5
                   2120      5.563655439272781                    0.1     0.3035984619352348                      5
                   2125      5.608769127213686                    0.1     0.3505061520711779                      5
                   2130      3.552190836325951                    0.1     0.4416195825965718                      5
                   2135      4.684639320204449                    0.1     0.3421869527505711                      5
                   2140      3.864385156614539                    0.1     0.4312112116551204                      5
                   2145      2.734077341386862                    0.1     0.2704596602959248                      5
                   2150      2.236589186370481                    0.1     0.3212194003717634                      5
                   2155      3.236301537633501                    0.1      0.310020307084115                      5
                   2160      4.564089830186695                    0.1     0.3942272716353026                      5
                   2165      1.805808477571738                    0.1     0.4825843262144666                      5
                   2170       1.78345504060863                    0.1     0.4442453573038969                      5
                   2175       3.07981585803458                    0.1      0.309465411290007                      5
                   2180      1.462117298697084                    0.1     0.4081873790933798                      5
                   2185      5.293480805936149                    0.1     0.2836335891615031                      5
                   2190      3.974392548088361                    0.1     0.4382937433206057                      5
                   2195      5.067694245277038                    0.1     0.3091690240718432                      5
                   2200      2.818986282760027                    0.1     0.2878002635736532                      5
                   2205      1.258307279037605                    0.1     0.3629040764021821                      5
                   2210       -1.0624945063353                    0.1     0.1930521336780109                      5
                   2215    0.07605397298170799                    0.1     0.3775365113236779                      5
                   2220     -4.241580310265636                    0.1     0.2600265961026927                      5
                   2225     -4.978029981558744                    0.1     0.2225823407194051                      5
                   2230     -5.667439026729065                    0.1     0.2119969952697712                      5
                   2235     -5.483784284450014                    0.1     0.2211090333360896                      5
                   2240      -5.34981871090408                    0.1      0.220210008143995                      5
                   2245     -5.344189206385767                    0.1     0.2121920032670513                      5
                   2250     -5.431725242646495                    0.1     0.1959120530880857                      5
                   2255     -5.645883114868284                    0.1     0.1950402061155364                      5
                   2260     -4.388394544222221                    0.1     0.2219522631891162                      5
                   2265    -0.3823784335916527                    0.1     0.2176020326438653                      5
                   2270     -1.124460466736646                    0.1      0.176992510812183                      5
                   2275     -1.007061818045879                    0.1     0.1945187824852107                      5
                   2280      1.015638521131198                    0.1     0.3957697336847438                      5
                   2285      2.930603595669393                    0.1     0.3031150975232259                      5
                   2290       4.16750101632758                    0.1     0.3483097978642546                      5
                   2295      3.990096252348645                    0.1     0.3944727833496139                      5
                   2300      3.424782183279619                    0.1     0.3641493310458643                      5
                   2305       3.72090223220032                    0.1     0.3289829144071987                      5
                   2310       3.63388993271751                    0.1     0.3462653320613421                      5
                   2315      5.106179325675746                    0.1     0.2873034620119584                      5
                   2320      2.756712400812072                    0.1     0.2457007727190277                      5
                   2325      4.376873017572554                    0.1     0.3892845262156575                      5
                   2330      4.561441114263947                    0.1     0.3608722418382972                      5
                   2335      3.894037317149541                    0.1     0.3643184674942644                      5
                   2340      5.408915073502223                    0.1     0.2352722426587779                      5
                   2345      5.257681356768143                    0.1      0.267544530086663                      5
                   2350      4.323492530417302                    0.1     0.3289872317638695                      5
                   2355      5.298175486675316                    0.1      0.243932135749029                      5
                   2360      5.287878614775313                    0.1     0.2347089034739569                      5
                   2365      2.409316355528431                    0.1     0.3327094693792954                      5
                   2370      2.496144516961655                    0.1     0.3135746483563524                      5
                   2375      1.288882551303803                    0.1     0.3382314497902297                      5
                   2380      1.605715480112905                    0.1      0.421403958902305                      5
                   2385      4.264307089777372                    0.1     0.2923082189579697                      5
                   2390      4.674298315121997                    0.1     0.2977699919071219                      5
                   2395      1.640503709766321                    0.1     0.3963953303304183                      5
                   2400       3.40100196928285                    0.1     0.3201295935022868                      5
                   2405      3.872961536019012                    0.1     0.3324514052756374                      5
                   2410      2.706417290493265                    0.1      0.233546914990409                      5
                   2415     -1.014525992481402                    0.1     0.1850853674874683                      5
                   2420    -0.9590256226870741                    0.1     0.1951277451727849                      5
                   2425      3.743116853504287                    0.1     0.2804567764453947                      5
                   2430      3.388245175925853                    0.1     0.2927534513690574                      5
                   2435      3.416509703450661                    0.1     0.2929214672497665                      5
                   2440      4.158669932699393                    0.1     0.3028904393627018                      5
                   2445    -0.1640089880893671                    0.1     0.2508802046643644                      5
                   2450     -0.696757809201301                    0.1     0.2027282431665023                      5
                   2455      4.880063863093392                    0.1     0.3416801317152788                      5
                   2460      3.154226158213022                    0.1     0.2928090096294064                      5
                   2465      4.458787413104603                    0.1     0.3607632323134583                      5
                   2470      5.543761263028527                    0.1     0.2442193637690154                      5
                   2475      4.864493737579402                    0.1     0.3168998258161529                      5
                   2480      5.117304632856754                    0.1      0.258642514710346                      5
                   2485       5.35286741814549                    0.1     0.2114488691280034                      5
                   2490      5.574454973136071                    0.1     0.2619683160420465                      5
                   2495      5.543726064410853                    0.1     0.2196519666527055                      5
                   2500      5.163257752826459                    0.1     0.2406592738366502                      5
