#! FIELDS time p.x sigma_p.x height biasf
#! SET multivariate false
#! SET kerneltype gaussian
                      5      4.156739481418318                    0.1                   1.25                      5
                     10      4.639352354373103                    0.1                   1.25                      5
                     15      4.920899242638473                    0.1      1.244063995008795                      5
                     20       5.34463759502196                    0.1                   1.25                      5
                     25      5.167693296904565                    0.1      1.172233803697108                      5
                     30      4.768930043594108                    0.1      1.036989790793124                      5
                     35      3.440089102934508                    0.1                   1.25                      5
                     40       2.43820002210554                    0.1                   1.25                      5
                     45      5.095161465615763                    0.1     0.9760047463054798                      5
                     50      2.630198190682426                    0.1      1.201383426783396                      5
                     55      3.715809711877055                    0.1      1.243021310249694                      5
                     60      3.321408787858254                    0.1      1.104334156574862                      5
                     65      2.065490730756328                    0.1                   1.25                      5
                     70      2.308407250942543                    0.1      1.106001857025736                      5
                     75      1.157481460227102                    0.1                   1.25                      5
                     80     0.7698777613311153                    0.1                   1.25                      5
                     85     0.3880585736561829                    0.1                   1.25                      5
                     90     0.4165902235738331                    0.1     0.9822523560035734                      5
                     95    -0.2632831316219894                    0.1                   1.25                      5
                    100    -0.9609161421896217                    0.1                   1.25                      5
                    105     -4.511453982854222                    0.1                   1.25                      5
                    110     -4.715698495702401                    0.1      1.211694803699688                      5
                    115     -5.090418994862911                    0.1      1.249998277582473                      5
                    120     -5.696025486605092                    0.1                   1.25                      5
                    125     -4.891075632053949                    0.1      1.146368855519272                      5
                    130     -4.357720144894619                    0.1      1.157320248433198                      5
                    135     -1.892133750796375                    0.1                   1.25                      5
                    140     -2.095459314659279                    0.1      1.210983095642281                      5
                    145     -1.181456599750772                    0.1      1.222778938080694                      5
                    150     0.2632520018618485                    0.1      1.048514281989832                      5
                    155     -3.325311897491436                    0.1                   1.25                      5
                    160     -2.597375346007227                    0.1                   1.25                      5
                    165     -4.828781653581326                    0.1     0.9011533776194285                      5
                    170     -2.883189469601829                    0.1       1.24473949622559                      5
                    175     -5.117896021617503                    0.1     0.9622785694666405                      5
                    180     -4.130820705912154                    0.1      1.228092270682214                      5
                    185     -4.060869837355883                    0.1      1.027946494214248                      5
                    190     -3.722433269106519                    0.1      1.249186495869686                      5
                    195     -4.479650408333932                    0.1     0.8685340221009953                      5
                    200     -4.951433265842138                    0.1     0.8087524002903514                      5
                    205     -3.578935297746505                    0.1      1.131631547830729                      5
                    210     -4.147808920934795                    0.1     0.8294100902912616                      5
                    215     -3.726322459769023                    0.1     0.9008666497774924                      5
                    220     -1.650198453712578                    0.1      1.233331496781268                      5
                    225   -0.07853858120828974                    0.1      1.193697137882851                      5
                    230    -0.1801581175425366                    0.1     0.9075487871924882                      5
                    235     0.9995973596601564                    0.1      1.142461636132979                      5
                    240     0.7045216065694928                    0.1        1.0131068800531                      5
                    245     0.6614824584992833                    0.1     0.8889142287703476                      5
                    250     0.8100669823813216                    0.1     0.8012267208076076                      5
                    255     0.6058592583391693                    0.1     0.8216997966761731                      5
                    260     -2.033387153644583                    0.1      0.932891371421591                      5
                    265       -2.5128565185211                    0.1      1.048995078955342                      5
                    270     -1.445809354942282                    0.1      1.203315905962034                      5
                    275     -2.401171508105868                    0.1      1.074177018403756                      5
                    280     -1.376259238411141                    0.1     0.9912348183328122                      5
                    285     -4.381846144966016                    0.1     0.7852942659331114                      5
                    290     -4.006138952374065                    0.1     0.8721037247811485                      5
                    295     -2.337785085271574                    0.1     0.9785007048444256                      5
                    300     -2.131709058076915                    0.1     0.8497014331671562                      5
                    305      -5.39549393640484                    0.1      1.238530773565344                      5
                    310     -5.218114399577248                    0.1     0.9401754496699148                      5
                    315     -5.398519791414188                    0.1     0.9314901966804745                      5
                    320     -5.310577860676977                    0.1     0.7771952461658154                      5
                    325     -5.617102027464341                    0.1      0.999776882633252                      5
                    330     -5.699928911705502                    0.1     0.8404287222700745                      5
                    335     -5.120212825621477                    0.1      0.657519268989959                      5
                    340     -4.682229943565495                    0.1     0.8335088444601167                      5
                    345     -4.655479939565935                    0.1     0.7191575709674871                      5
                    350     -3.534885878676106                    0.1     0.9206905657118125                      5
                    355     -3.413405445880668                    0.1     0.9082943313444896                      5
                    360     -2.328595021176904                    0.1     0.7978345621029579                      5
                    365     -3.240271765268089                    0.1      1.004784347050432                      5
                    370     -2.230265136230239                    0.1     0.7635441208217451                      5
                    375     -0.281667411288461                    0.1      0.850183090637457                      5
                    380      -0.82287622491074                    0.1      1.134853987083948                      5
                    385    -0.4986071429708739                    0.1      1.207915455196412                      5
                    390     -1.084519082364093                    0.1      0.944552131503678                      5
                    395     -1.221164379458966                    0.1     0.8476154913056775                      5
                    400     -4.639805693246121                    0.1     0.6289970607442408                      5
                    405      -5.50082488273808                    0.1     0.8013470478338365                      5
                    410     -3.032607465570497                    0.1      1.121489943138945                      5
                    415     -3.354006516332619                    0.1     0.7183947644485802                      5
                    420     -3.875361634184176                    0.1     0.9587688991144647                      5
                    425     -5.384828967462632                    0.1     0.6155348679206567                      5
                    430     -4.033456233664469                    0.1     0.6416718818818608                      5
                    435     -4.769274906471148                    0.1     0.5845762358079849                      5
                    440     -5.368522054732446                    0.1      0.545200776668334                      5
                    445     -5.713122439728043                    0.1     0.7133149838846277                      5
                    450     -3.886143974728932                    0.1     0.7579911563941794                      5
                    455     -4.474296216937365                    0.1     0.6064047980735228                      5
                    460     -3.018482926819598                    0.1     0.8875072048093723                      5
                    465     -2.988616763037853                    0.1     0.7381587060956857                      5
                    470     -5.182291568783036                    0.1     0.5791326858043937                      5
                    475     -4.232146690908573                    0.1     0.7431539528990277                      5
                    480     -4.859176816630001                    0.1      0.587005522742498                      5
                    485     -4.149874015502022                    0.1     0.5459761826949845                      5
                    490     -5.402242961001967                    0.1     0.4885890188944356                      5
                    495     -1.302991268961055                    0.1     0.7609623869502914                      5
                    500    -0.7468816759106827                    0.1      1.015849657991653                      5
                    505    -0.6759823841804542                    0.1     0.9350841771017415                      5
                    510     -0.961264268935072                    0.1     0.7750524827256033                      5
                    515     -1.853095214327454                    0.1     0.9104658985545211                      5
                    520     -1.901577686272572                    0.1     0.7208496156557032                      5
                    525     -3.803428096544723                    0.1      0.662426560022815                      5
                    530     -2.599762437477763                    0.1      0.805454766749208                      5
                    535     -4.424936499087454                    0.1     0.5485947269631781                      5
                    540     -2.671809708283708                    0.1     0.8305714648278107                      5
                    545     -2.770522391029852                    0.1     0.8678460558329657                      5
                    550     -3.578045643389654                    0.1     0.6676506864375278                      5
                    555     -1.172727281196787                    0.1     0.6439574743757036                      5
                    560     -2.268810845774337                    0.1     0.6428825246868777                      5
                    565     -5.701312010153541                    0.1     0.6027771123778994                      5
                    570     -5.139767704640224                    0.1     0.5105886239783135                      5
                    575     -3.867637794767239                    0.1     0.5883989755834323                      5
                    580     -2.425942682340699                    0.1     0.5900720683775107                      5
                    585     -5.045542462432035                    0.1     0.5342025947128021                      5
                    590     -4.970718350146982                    0.1     0.5382743550591758                      5
                    595     -4.356372197772628                    0.1     0.5520692270986901                      5
                    600     -2.532926436540431                    0.1     0.5481260645817012                      5
                    605     -2.169545609941354                    0.1     0.5927406206231317                      5
                    610     -1.661996995512558                    0.1     0.9008923854479376                      5
                    615     -1.569052577105715                    0.1     0.7978672436253519                      5
                    620     0.1183220681455302                    0.1      1.109748284590767                      5
                    625    -0.4163750616408375                    0.1     0.8911734896726776                      5
                    630    -0.3406814855856252                    0.1      0.692104239506634                      5
                    635     -1.120606971711656                    0.1     0.5902670869393762                      5
                    640    -0.5776987800971375                    0.1     0.8265939953903183                      5
                    645     -0.484526081587773                    0.1     0.6721694505206313                      5
                    650    -0.5644888322493111                    0.1     0.6325397410084714                      5
                    655    -0.7152692690411562                    0.1     0.6498565569701222                      5
                    660     -2.430045609871994                    0.1     0.4908514740381284                      5
                    665     -2.856637376940019                    0.1     0.7106865816465313                      5
                    670      -5.64524664852429                    0.1     0.5271188275223697                      5
                    675      -3.18830636900556                    0.1     0.7912088333127318                      5
                    680     -3.643761541235785                    0.1     0.5669705904567689                      5
                    685     -5.408280460232548                    0.1     0.4418739933942762                      5
                    690     -4.083062945709123                    0.1     0.4578606796226082                      5
                    695     -2.683720898107762                    0.1     0.5988010894819777                      5
                    700     -3.135752279429111                    0.1     0.6871601158809206                      5
                    705     -4.195191844088381                    0.1     0.4976753156276483                      5
                    710     -1.515305918890827                    0.1     0.6966100358329085                      5
                    715     -1.340851890574009                    0.1     0.6121714415498829                      5
                    720     -1.589392747139505                    0.1     0.6017728012172564                      5
                    725     0.3130091202039914                    0.1     0.7387754166341709                      5
                    730     0.4913203528054081                    0.1     0.7610349831421366                      5
                    735     0.9095531728617884                    0.1     0.8451887093167634                      5
                    740     0.1461334287679792                    0.1     0.8416486110692964                      5
                    745    0.04769466477703922                    0.1     0.8154213825401928                      5
                    750     -1.872451425746839                    0.1     0.6289425976810072                      5
                    755     -1.372810380906922                    0.1     0.5442770701606066                      5
                    760      -4.72815854712357                    0.1     0.4725026839091435                      5
                    765     -1.838188102578119                    0.1     0.5818612010676776                      5
                    770     0.4824732760912961                    0.1     0.6455997183113944                      5
                    775     0.9721985144392444                    0.1     0.7677600101535386                      5
                    780     0.6114837272208675                    0.1     0.6011728703442426                      5
                    785      1.014686039916148                    0.1      0.693656106592669                      5
                    790    -0.5316012230409132                    0.1     0.5281931314766661                      5
                    795    -0.2835553671329837                    0.1     0.5641580769237617                      5
                    800   -0.01379556247046229                    0.1     0.7287472840888927                      5
                    805    -0.3471608632253365                    0.1     0.5029246396407454                      5
                    810    -0.1349243748557246                    0.1     0.6095941086689141                      5
                    815      2.362786332563833                    0.1     0.8467084585188649                      5
                    820      3.643143078711469                    0.1     0.9986553009817458                      5
                    825      4.008660296759539                    0.1      1.145655693121231                      5
                    830      4.198619233003507                    0.1     0.9567759731967498                      5
                    835      2.880469508146552                    0.1       1.23693227366373                      5
                    840      2.906097155844476                    0.1     0.9780967614070397                      5
                    845      3.695378274025946                    0.1     0.8131353777905093                      5
                    850      3.858208112520038                    0.1     0.9921056993056228                      5
                    855       5.06360781338706                    0.1     0.8209311481251967                      5
                    860      3.362637492650096                    0.1      0.842946969263892                      5
                    865      2.573112033110849                    0.1     0.8953553437390482                      5
                    870       1.83960911980566                    0.1      1.225808398841959                      5
                    875      1.548760069554837                    0.1      1.245536944674875                      5
                    880      1.564104877599594                    0.1     0.9712925683621112                      5
                    885       1.57216263238888                    0.1     0.8019364343942303                      5
                    890      2.111078446914046                    0.1     0.9523413105585121                      5
                    895       3.73471781935165                    0.1     0.6666322890368781                      5
                    900      4.242286002845652                    0.1     0.8693751901710305                      5
                    905      4.309312542696912                    0.1     0.9031863785534509                      5
                    910      5.198473052749053                    0.1       0.76080726635532                      5
                    915      2.893399672542228                    0.1     0.7978571761926434                      5
                    920     -2.729545522286622                    0.1     0.5771827180110477                      5
                    925      -3.43760807040667                    0.1     0.6095475597126023                      5
                    930     -2.715528610563705                    0.1     0.5030514535220669                      5
                    935     -4.267276973950015                    0.1     0.5117790109567479                      5
                    940     -1.121426935231486                    0.1     0.5157862062865263                      5
                    945    -0.8580746884558511                    0.1     0.6365587501036197                      5
                    950     -1.112294391236994                    0.1     0.4692429071673221                      5
                    955     -2.144982335894671                    0.1     0.5278201197467849                      5
                    960      -2.69514675973679                    0.1     0.4413110954302495                      5
                    965     -3.484374697008585                    0.1     0.5359683512142438                      5
                    970     -4.928184711199962                    0.1      0.483014602035049                      5
                    975     -4.220781188957193                    0.1     0.4358845948118479                      5
                    980     -3.111805418627548                    0.1     0.5909536576135073                      5
                    985     -3.080876377350767                    0.1     0.5155951950873559                      5
                    990     -2.752562032494636                    0.1     0.4484938737516099                      5
                    995     -3.486863618678441                    0.1     0.4809473879510725                      5
                   1000     -5.793085903039313                    0.1     0.7364617773528979                      5
                   1005      -5.14547079201402                    0.1     0.4162891010110353                      5
                   1010     -5.324049490794444                    0.1     0.4140239433153076                      5
                   1015      -4.73745381800411                    0.1     0.4226611671708533                      5
                   1020     -4.669308938071212                    0.1     0.4193178495384181                      5
                   1025     -2.308077894109675                    0.1     0.4589863949553045                      5
                   1030     -3.248687822445208                    0.1     0.5233521678265893                      5
                   1035     -3.133875477329457                    0.1     0.4608646367996694                      5
                   1040     -5.755369333919896                    0.1     0.5244492702656433                      5
                   1045     -4.473701274257046                    0.1     0.4404510047316879                      5
                   1050     -3.866463977469603                    0.1     0.5130004047651786                      5
                   1055     -3.773170683256027                    0.1     0.4676665524940346                      5
                   1060     -3.992394327223838                    0.1     0.4383736319803148                      5
                   1065      -2.85532826776432                    0.1     0.4986556355880217                      5
                   1070     -5.302232929349408                    0.1     0.3934541055627482                      5
                   1075     -4.316152523094788                    0.1     0.4260194158061692                      5
                   1080     -1.832359398238531                    0.1     0.5227430849009733                      5
                   1085       -1.0801274182362                    0.1     0.4522505570510997                      5
                   1090   -0.06784765372383311                    0.1     0.5783569632519412                      5
                   1095    -0.3840629289338851                    0.1     0.4563802314767866                      5
                   1100     0.8155475630513195                    0.1     0.5613754859264256                      5
                   1105      0.432708401492317                    0.1     0.5232911249419082                      5
                   1110    -0.7765903435299121                    0.1     0.5408310856322547                      5
                   1115    -0.3202518889764437                    0.1     0.4099677722224895                      5
                   1120     0.3057146926403978                    0.1     0.5497673143266231                      5
                   1125    0.06167033937965788                    0.1     0.5677867422114171                      5
                   1130     0.6475856969657372                    0.1     0.4979921023079822                      5
                   1135    -0.6807891644181563                    0.1     0.4935450608528358                      5
                   1140    -0.6727532406893623                    0.1     0.4478950254374306                      5
                   1145    -0.2566610621865375                    0.1     0.3972675880172464                      5
                   1150      1.025207248441154                    0.1     0.6059652401141249                      5
                   1155     0.6395416631000606                    0.1     0.4543203960364073                      5
                   1160    -0.1153611093940345                    0.1     0.4669879974517778                      5
                   1165     -0.146033546172385                    0.1     0.4116804585290735                      5
                   1170     0.9572939984667558                    0.1     0.5020666164516399                      5
                   1175     -2.474840429927274                    0.1     0.4253739844019337                      5
                   1180     -5.440083452492365                    0.1     0.4003429371781969                      5
                   1185     -4.352099316930495                    0.1     0.3832637976114175                      5
                   1190     -5.068657249358608                    0.1     0.3846964204360908                      5
                   1195     -5.596287516898666                    0.1     0.4711944928811533                      5
                   1200     -5.526189556186681                    0.1     0.4516592332221876                      5
                   1205     -4.973893471581214                    0.1      0.408149631799279                      5
                   1210     -3.465453867463794                    0.1     0.4361247676441473                      5
                   1215     -1.762534518448225                    0.1     0.5456930261847044                      5
                   1220     -1.721995772597376                    0.1      0.514187884463564                      5
                   1225     -1.745379984474056                    0.1     0.4542983371348341                      5
                   1230      -1.36376527014937                    0.1     0.4815912491562733                      5
                   1235     -3.579385222819254                    0.1     0.4186106659836711                      5
                   1240     -3.286676033214728                    0.1     0.4455754324308032                      5
                   1245     -5.405555782780818                    0.1     0.3157979725792887                      5
                   1250     -4.763994317314808                    0.1     0.3635227790324097                      5
                   1255     -5.725456018026988                    0.1     0.3998117277255562                      5
                   1260     -4.257497136433667                    0.1     0.3700724520779769                      5
                   1265     -3.546272576938246                    0.1     0.3743926297334366                      5
                   1270     -4.166304110733484                    0.1     0.3285585308379557                      5
                   1275     -4.763604352114077                    0.1     0.3379048842973528                      5
                   1280     -5.278220719636801                    0.1     0.3524163166882668                      5
                   1285     -1.543623730594138                    0.1     0.4862875091539332                      5
                   1290     -1.868722142521752                    0.1      0.391425925738259                      5
                   1295     -3.950975933504678                    0.1     0.4160292169869557                      5
                   1300     -4.870886984166454                    0.1     0.3576532376139232                      5
                   1305      -2.77509052732869                    0.1     0.4000748983484739                      5
                   1310     -2.373754760287306                    0.1     0.3910147876138269                      5
                   1315    -0.2049765475604334                    0.1     0.3541248738012961                      5
                   1320     -1.256010093725938                    0.1     0.4147798525770715                      5
                   1325    -0.9680110051648414                    0.1     0.5102724690378428                      5
                   1330    -0.4151669810708411                    0.1     0.3842150728058422                      5
                   1335    -0.4524501859945628                    0.1     0.3717986179383831                      5
                   1340    -0.9869977850306221                    0.1     0.4501324726987461                      5
                   1345    -0.9630994735605667                    0.1     0.4241597702973748                      5
                   1350    -0.8109781920190957                    0.1     0.4237912772606175                      5
                   1355     -1.663703059808128                    0.1     0.4188733140990913                      5
                   1360       -2.0922361155038                    0.1     0.4831191951498915                      5
                   1365     -1.506235944576214                    0.1     0.4339399040252067                      5
                   1370    -0.4075093653929245                    0.1     0.3292091809600467                      5
                   1375    -0.7621216009148244                    0.1     0.3814265711131554                      5
                   1380    -0.3848783884819358                    0.1     0.3016534395141523                      5
                   1385    -0.4213572818109202                    0.1     0.2955868040277527                      5
                   1390    -0.9698933227059354                    0.1     0.3739033059940353                      5
                   1395     -5.399223345735678                    0.1     0.2845478304378685                      5
                   1400     -5.039870482517137                    0.1      0.340684730597561                      5
                   1405     -4.353313223541447                    0.1     0.3345538052631679                      5
                   1410     -4.487323734318982                    0.1     0.3749046813607073                      5
                   1415     -4.794361518685649                    0.1      0.306289984288386                      5
                   1420     -5.820160273723966                    0.1     0.6364444002777732                      5
                   1425     -2.090278727619254                    0.1     0.4394111800418531                      5
                   1430     -1.756612541159132                    0.1     0.3664641014020971                      5
                   1435     -3.065613502154072                    0.1      0.412971460054491                      5
                   1440     -5.147876381300915                    0.1     0.3169470215570729                      5
                   1445      -5.69337001422598                    0.1     0.3226312563363479                      5
                   1450     -3.844972226629183                    0.1     0.3957439107999348                      5
                   1455     -1.501576302089996                    0.1     0.3974563871108299                      5
                   1460     -2.446118026141334                    0.1     0.3669650384389291                      5
                   1465     -4.393780574379879                    0.1     0.3028165535424033                      5
                   1470     -5.794026785454879                    0.1     0.4549430310843747                      5
                   1475     -4.888746731025755                    0.1     0.3182491462750861                      5
                   1480     -1.920194600343324                    0.1     0.3790754311883018                      5
                   1485     0.5795861901307773                    0.1     0.4464459411889667                      5
                   1490     0.3011425937645383                    0.1     0.4925053584136476                      5
                   1495   0.004757185481148463                    0.1     0.4546412508339644                      5
                   1500     -1.507793452107551                    0.1     0.3659001173599682                      5
                   1505     -4.395654779924604                    0.1     0.2851927249129752                      5
                   1510     -5.132796983527253                    0.1       0.29236104450546                      5
                   1515      -2.77115567494451                    0.1     0.3663284605938506                      5
                   1520     -2.941504627227847                    0.1     0.4285758610421603                      5
                   1525     -3.813854337975158                    0.1     0.3706337541294508                      5
                   1530     -2.842511095430229                    0.1     0.3711051514101735                      5
                   1535     -3.311352749780049                    0.1     0.4018857078802116                      5
                   1540     -3.962689369451632                    0.1     0.3552330126646874                      5
                   1545     -1.161445411823835                    0.1     0.3395980578506338                      5
                   1550     -1.994999351336836                    0.1     0.4078217205128709                      5
                   1555     -1.493680881753305                    0.1     0.3424237265157168                      5
                   1560     0.4287862796174123                    0.1      0.407946073503001                      5
                   1565     0.7705851897185554                    0.1     0.4265205618587924                      5
                   1570     0.6796519577886444                    0.1     0.3602673973527416                      5
                   1575     -2.407094772803598                    0.1     0.3368576569013638                      5
                   1580     -3.328653108464561                    0.1     0.3693762397706474                      5
                   1585     -2.891922596243109                    0.1     0.3665254643137723                      5
                   1590     -2.377139931023343                    0.1     0.3184878912336173                      5
                   1595     0.5548926542232152                    0.1     0.3859343525441653                      5
                   1600     0.1034812890137139                    0.1     0.4817839818336368                      5
                   1605    0.09127097063116497                    0.1     0.4297123324806054                      5
                   1610      0.091097521670552                    0.1     0.3941504306545559                      5
                   1615     0.1951807468928587                    0.1     0.4386751577649639                      5
                   1620     0.3499819182076711                    0.1     0.3717358164149895                      5
                   1625     -5.037856325849615                    0.1     0.2895743840083208                      5
                   1630     -3.185540988855241                    0.1      0.367604419799624                      5
                   1635     -2.465219631804533                    0.1     0.3117265034455392                      5
                   1640     -4.010622763869891                    0.1     0.3233204376213878                      5
                   1645     -5.707589294826328                    0.1     0.2882791275548465                      5
                   1650     -4.920867830096396                    0.1     0.2964445782324131                      5
                   1655     -4.301667043315238                    0.1     0.2878571776244929                      5
                   1660     -5.004408867169052                    0.1     0.2735609290069735                      5
                   1665     -2.665099552788928                    0.1     0.3142279629569084                      5
                   1670      -1.68286658022188                    0.1     0.3388773917345084                      5
                   1675     -1.594345355788982                    0.1     0.3071263839582431                      5
                   1680     -3.748306139762751                    0.1     0.3649367047343891                      5
                   1685     -3.110025550789733                    0.1     0.3411618820509296                      5
                   1690     -5.644871550962644                    0.1     0.2942619775290209                      5
                   1695     -5.259889828770362                    0.1     0.3074711520422704                      5
                   1700     -4.296468817297164                    0.1     0.2732438855242078                      5
                   1705     -3.220175211406562                    0.1     0.3268629222533698                      5
                   1710     -4.603448886439977                    0.1     0.3781319983992432                      5
                   1715     -2.360593375285601                    0.1     0.2930958947860496                      5
                   1720     -4.635805245255134                    0.1     0.3315636224350992                      5
                   1725     -5.722728944906353                    0.1     0.2673040875712803                      5
                   1730     -1.737759305872361                    0.1     0.3092949583029161                      5
                   1735    -0.6440150289639607                    0.1     0.3775468728306076                      5
                   1740    -0.9629087665434931                    0.1      0.345028171692094                      5
                   1745    -0.7585134692022771                    0.1     0.3338530628738468                      5
                   1750     -1.984741147988192                    0.1     0.3704340117042754                      5
                   1755      -3.84972424341654                    0.1     0.3084480214607883                      5
                   1760     -4.558526101982135                    0.1     0.3360902576981628                      5
                   1765     -5.502737983706457                    0.1     0.3473843429023297                      5
                   1770     -3.581042610617043                    0.1     0.3474052196535624                      5
                   1775     -1.868561559818698                    0.1     0.2828681381612922                      5
                   1780     -1.300675493711852                    0.1     0.3686060680964917                      5
                   1785    -0.6037404620752698                    0.1      0.346455922989616                      5
                   1790      0.167643236360963                    0.1     0.3810041602475063                      5
                   1795     0.3471057756844897                    0.1      0.340892912747244                      5
                   1800     0.6290773968233357                    0.1     0.3275285071399578                      5
                   1805     0.9027451198556848                    0.1      0.442229186701607                      5
                   1810      3.671000097540814                    0.1     0.5967614156347915                      5
                   1815      4.619531672705999                    0.1      0.909578524211992                      5
                   1820      5.494986142571367                    0.1      1.149389874728617                      5
                   1825      5.507888660377619                    0.1     0.9293612051413137                      5
                   1830      3.873204832671968                    0.1     0.7730703411121177                      5
                   1835      4.218869155903215                    0.1     0.6146535652101465                      5
                   1840      4.121650294118144                    0.1     0.6176968464034651                      5
                   1845      2.644332366372836                    0.1     0.8046617773680652                      5
                   1850      2.702421677444144                    0.1     0.7514105081657173                      5
                   1855      1.750835080416165                    0.1     0.9573539731627823                      5
                   1860      4.459084195616699                    0.1      1.030255585685341                      5
                   1865      4.362992092331822                    0.1     0.7480827428945902                      5
                   1870      4.563914467123029                    0.1     0.7448910087771697                      5
                   1875      5.539706054662595                    0.1     0.8185185784179888                      5
                   1880      4.576799458695445                    0.1     0.6344391135553434                      5
                   1885      4.424946401941344                    0.1      0.664355110297672                      5
                   1890      4.728606299322666                    0.1     0.6958575069824586                      5
                   1895      5.132559633774417                    0.1     0.6152481611505856                      5
                   1900      5.532290495704992                    0.1     0.6839475274749863                      5
                   1905       4.26990905860771                    0.1     0.4842311482074638                      5
                   1910      5.196860573592956                    0.1     0.5862774527898782                      5
                   1915       5.55663714593229                    0.1     0.6348154192205636                      5
                   1920       5.68215871567905                    0.1     0.9797637213474699                      5
                   1925      1.496794046542288                    0.1     0.7555358940149531                      5
                   1930      4.411084102109757                    0.1     0.5585829790804595                      5
                   1935      5.141138655380234                    0.1     0.4925675817602166                      5
                   1940      2.591138642930995                    0.1       0.60720851719365                      5
                   1945      2.305082485020153                    0.1     0.7427809372740044                      5
                   1950      1.336753832249802                    0.1      1.080354627948301                      5
                   1955      1.764816083688908                    0.1     0.7903038870933686                      5
                   1960      2.140289171411696                    0.1     0.7699894763449716                      5
                   1965      4.278457522847942                    0.1     0.4250059189353322                      5
                   1970       5.08189697264114                    0.1     0.4953957134119968                      5
                   1975      4.936536428485611                    0.1     0.7308609765957325                      5
                   1980      1.377285605500592                    0.1      0.828129067419146                      5
                   1985      1.807808065202473                    0.1     0.6979849224216315                      5
                   1990      1.596501696619894                    0.1     0.5601415741723403                      5
                   1995      2.353477504086402                    0.1     0.5976438408702576                      5
                   2000      3.200040202135447                    0.1      1.053895017605016                      5
                   2005      2.487273509934066                    0.1     0.5808254499293376                      5
                   2010      2.264717996454384                    0.1     0.5867449804870093                      5
                   2015      3.740679131938523                    0.1     0.5014147923863997                      5
                   2020      4.727553351335306                    0.1     0.5932553432803249                      5
                   2025      3.112553098848497                    0.1     0.9909831817399722                      5
                   2030      2.894171451630645                    0.1     0.6452734103706559                      5
                   2035      1.624989566963754                    0.1     0.5230449491555086                      5
                   2040       3.35275119257927                    0.1     0.6648844263363217                      5
                   2045       4.00300307526086                    0.1     0.7043842367976676                      5
                   2050      5.288769717128501                    0.1     0.6254732575834141                      5
                   2055      4.880890242468853                    0.1     0.6545050086789708                      5
                   2060      4.608446372178467                    0.1     0.4671715600881425                      5
                   2065      1.938485370660061                    0.1     0.7930039863582983                      5
                   2070      1.939779103489914                    0.1     0.6772681787831507                      5
                   2075       2.67935329975945                    0.1     0.5577333894706656                      5
                   2080      4.880210181963156                    0.1      0.572781960685421                      5
                   2085      1.789787163982975                    0.1     0.5185060018496352                      5
                   2090      4.465321334899377                    0.1     0.4881660374076811                      5
                   2095      3.972289399525652                    0.1     0.6256098571176614                      5
                   2100      3.563850993472835                    0.1     0.6987369936293892                      5
                   2105      2.751024206359738                    0.1     0.5760546693234815                      5
                   2110      5.257567739230133                    0.1     0.5030868211432151                      5
                   2115      5.626848168374463                    0.1     0.6452159169125111                      5
                   2120      2.459434394213813                    0.1     0.4997628835305822                      5
                   2125      2.125534013451208                    0.1     0.5931787832696966                      5
                   2130      1.532365768280938                    0.1     0.4593594676985686                      5
                   2135      1.451318728985318                    0.1     0.5360727388280216                      5
                   2140      3.481090171021847                    0.1     0.6508005577557662                      5
                   2145      1.749671031800464                    0.1     0.4701886331871793                      5
                   2150      1.351495249431542                    0.1     0.6669940804756563                      5
                   2155      2.378581250969052                    0.1     0.4346270552640497                      5
                   2160      5.527757401037035                    0.1      0.450939382878466                      5
                   2165       2.34750573217387                    0.1     0.4035296271887917                      5
                   2170      3.133393364050947                    0.1     0.7818381392958373                      5
                   2175      3.096976020547592                    0.1      0.694232945524867                      5
                   2180      3.056759107001351                    0.1     0.6243313342222252                      5
                   2185      5.172917749210478                    0.1     0.3683882369433303                      5
                   2190       5.25802246580239                    0.1     0.4316373917793556                      5
                   2195      5.352549013347524                    0.1     0.5192983311585788                      5
                   2200      3.773622046331796                    0.1     0.4597744654313399                      5
                   2205      2.000529983378773                    0.1     0.5654176711758587                      5
                   2210      2.071785600994295                    0.1     0.4899126792819375                      5
                   2215      3.031124038941496                    0.1     0.5564560906556617                      5
                   2220      2.655878924199421                    0.1     0.4351704855023461                      5
                   2225      4.033530915864804                    0.1     0.5277263302766603                      5
                   2230      4.012409194155711                    0.1     0.4835293735197679                      5
                   2235      3.927225587697869                    0.1     0.4786199689303073                      5
                   2240      3.567287025309866                    0.1     0.5442169101183965                      5
                   2245      2.980709373738096                    0.1      0.495475683459467                      5
                   2250      3.309421515780426                    0.1     0.5422204894823691                      5
                   2255      2.779058087528622                    0.1     0.4932345599762978                      5
                   2260      4.655400773992684                    0.1     0.4183088496351588                      5
                   2265      3.558795646385001                    0.1     0.4938959574973842                      5
                   2270      3.594385266565284                    0.1     0.4164340173116898                      5
                   2275      1.934588675642771                    0.1     0.4806892474529263                      5
                   2280      3.619931862737917                    0.1     0.3634906717643283                      5
                   2285      5.206828115224978                    0.1     0.3263510531304004                      5
                   2290      3.150882711534257                    0.1     0.4815869816852562                      5
                   2295      1.538992457325568                    0.1     0.3726142835308299                      5
                   2300      1.323754339331329                    0.1     0.6236994461305339                      5
                   2305      3.631512567685065                    0.1     0.3312532940094653                      5
                   2310      1.894306292184293                    0.1     0.4259498142982445                      5
                   2315      2.300302823465935                    0.1     0.4004159148436701                      5
                   2320      4.899130196589141                    0.1     0.5056148655673819                      5
                   2325      3.840031156071183                    0.1     0.4316644974649713                      5
                   2330      4.302376976905783                    0.1     0.3890655269162019                      5
                   2335      2.438633745471195                    0.1     0.3787543615082064                      5
                   2340      2.043512787110919                    0.1     0.4134108984888654                      5
                   2345      3.928889947110696                    0.1     0.4088677355364666                      5
                   2350       4.61474359682097                    0.1     0.3781990112743864                      5
                   2355      4.602307909579422                    0.1     0.3527300310131379                      5
                   2360      3.307384233829257                    0.1     0.4705209505264291                      5
                   2365      1.995904714365703                    0.1      0.382479897260628                      5
                   2370      3.414848147271255                    0.1     0.4301000369733543                      5
                   2375        1.8022542090532                    0.1     0.3760376085368403                      5
                   2380      1.626517710794198                    0.1     0.3749396192303523                      5
                   2385      3.284203344126698                    0.1     0.4184740194710262                      5
                   2390      5.733965387579122                    0.1     0.8788091429299363                      5
                   2395      4.307812263163634                    0.1     0.3617692697729566                      5
                   2400      5.251945052424734                    0.1     0.3429582141955251                      5
                   2405      4.571231093642818                    0.1     0.3405527985051077                      5
                   2410      2.628599481024128                    0.1     0.3727791664249246                      5
                   2415      3.956641252879469                    0.1     0.3743941289488745                      5
                   2420      4.473624200403703                    0.1     0.3791239299565197                      5
                   2425      4.385956108433004                    0.1     0.3559335250322099                      5
                   2430      3.308573104496236                    0.1     0.3755606565794435                      5
                   2435      1.727214021827661                    0.1     0.3706131377088298                      5
                   2440       4.72428557358504                    0.1     0.3829535203291742                      5
                   2445      2.839479540444532                    0.1     0.4373493141164351                      5
                   2450     -1.516728544783262                    0.1     0.2937167556216988                      5
                   2455      4.462563431739877                    0.1     0.3359376369405431                      5
                   2460      1.489078085105594                    0.1     0.3523396023890596                      5
                   2465      4.994482377465231                    0.1     0.4380510595740844                      5
                   2470      3.818771157128168                    0.1      0.355229610378916                      5
                   2475      4.530622918221318                    0.1       0.29462748885753                      5
                   2480      2.715932301165631                    0.1     0.3766058295235783                      5
                   2485      3.258577762475739                    0.1     0.3698421517843054                      5
                   2490      2.859065576362788                    0.1     0.3861615450834461                      5
                   2495      4.788217326828979                    0.1     0.4104652640591682                      5
                   2500      2.832776544607832                    0.1     0.3591050103006755                      5
