#! FIELDS time p.x p.y
 0.000000 2.495140 0.434257
 0.050000 2.109829 0.450706
 0.100000 1.328240 0.535093
 0.150000 0.541810 0.670282
 0.200000 -0.163908 0.867250
 0.250000 -0.841468 1.125582
 0.300000 -1.537628 1.384632
 0.350000 -2.092968 1.604985
 0.400000 -2.234109 1.725256
 0.450000 -1.890981 1.671545
 0.500000 -1.287726 1.464864
 0.550000 -0.701736 1.198142
 0.600000 -0.208296 0.951858
 0.650000 0.233396 0.785545
 0.700000 0.713374 0.695007
 0.750000 1.244614 0.655465
 0.800000 1.761866 0.684629
 0.850000 2.064679 0.765838
 0.900000 1.993690 0.875792
 0.950000 1.624059 1.039547
 1.000000 1.168452 1.251437
 1.050000 0.765101 1.451430
 1.100000 0.435035 1.583513
 1.150000 0.155150 1.609522
 1.200000 -0.096803 1.518557
 1.250000 -0.358453 1.359068
 1.300000 -0.648693 1.195447
 1.350000 -0.988604 1.051282
 1.400000 -1.361319 0.946994
 1.450000 -1.688430 0.903536
 1.500000 -1.894054 0.889651
 1.550000 -1.848543 0.925099
 1.600000 -1.580570 1.020545
 1.650000 -1.245436 1.137535
 1.700000 -0.959392 1.285460
 1.750000 -0.743504 1.434108
 1.800000 -0.579312 1.539566
 1.850000 -0.465628 1.586047
 1.900000 -0.398613 1.545544
 1.950000 -0.352773 1.413523
 2.000000 -0.352830 1.223050
 2.050000 -0.371090 1.041254
 2.100000 -0.423690 0.925980
 2.150000 -0.493102 0.862042
 2.200000 -0.614903 0.844980
 2.250000 -0.807717 0.889741
 2.300000 -1.046102 0.983807
 2.350000 -1.298250 1.118525
 2.400000 -1.516570 1.285133
 2.450000 -1.647828 1.429208
 2.500000 -1.664042 1.535940
 2.550000 -1.558028 1.566179
 2.600000 -1.379963 1.512720
 2.650000 -1.179040 1.400349
 2.700000 -1.003057 1.261931
 2.750000 -0.864918 1.128472
 2.800000 -0.782009 1.020747
 2.850000 -0.773488 0.953551
 2.900000 -0.798140 0.913518
 2.950000 -0.847918 0.895446
 3.000000 -0.934503 0.928496
 3.050000 -1.065108 1.010020
 3.100000 -1.222320 1.117517
 3.150000 -1.380355 1.243988
 3.200000 -1.508374 1.377091
 3.250000 -1.567730 1.481428
 3.300000 -1.527814 1.519978
 3.350000 -1.414820 1.492912
 3.400000 -1.290934 1.411487
 3.450000 -1.176779 1.281542
 3.500000 -1.083903 1.147287
 3.550000 -1.020059 1.042589
 3.600000 -1.008327 0.981350
 3.650000 -1.036142 0.985637
 3.700000 -1.092051 1.037123
 3.750000 -1.193230 1.118268
 3.800000 -1.313033 1.222230
 3.850000 -1.408279 1.330011
 3.900000 -1.464792 1.403623
 3.950000 -1.483798 1.433430
 4.000000 -1.457203 1.423937
 4.050000 -1.394788 1.384193
 4.100000 -1.304501 1.327451
 4.150000 -1.218579 1.253379
 4.200000 -1.139241 1.189045
 4.250000 -1.096398 1.129752
 4.300000 -1.095646 1.091091
 4.350000 -1.136185 1.081624
 4.400000 -1.203150 1.101610
 4.450000 -1.282798 1.166488
 4.500000 -1.347969 1.238729
 4.550000 -1.394599 1.324609
 4.600000 -1.416756 1.394859
 4.650000 -1.398800 1.449267
 4.700000 -1.358649 1.489354
 4.750000 -1.309932 1.468967
 4.800000 -1.267281 1.411091
 4.850000 -1.239293 1.330548
 4.900000 -1.239589 1.249636
 4.950000 -1.249405 1.186473
 5.000000 -1.260421 1.166446
