#! FIELDS p.x fes dfes_p.x
#! SET normalisation  1.000000
#! SET min_p.x -4
#! SET max_p.x 4
#! SET nbins_p.x  400
#! SET periodic_p.x false
 -4.000000 inf 0.000000
 -3.980000 inf 0.000000
 -3.960000 inf 0.000000
 -3.940000 inf 0.000000
 -3.920000 inf 0.000000
 -3.900000 inf 0.000000
 -3.880000 inf 0.000000
 -3.860000 inf 0.000000
 -3.840000 inf 0.000000
 -3.820000 inf 0.000000
 -3.800000 inf 0.000000
 -3.780000 inf 0.000000
 -3.760000 inf 0.000000
 -3.740000 inf 0.000000
 -3.720000 inf 0.000000
 -3.700000 inf 0.000000
 -3.680000 inf 0.000000
 -3.660000 inf 0.000000
 -3.640000 inf 0.000000
 -3.620000 inf 0.000000
 -3.600000 inf 0.000000
 -3.580000 inf 0.000000
 -3.560000 inf 0.000000
 -3.540000 inf 0.000000
 -3.520000 inf 0.000000
 -3.500000 inf 0.000000
 -3.480000 inf 0.000000
 -3.460000 inf 0.000000
 -3.440000 inf 0.000000
 -3.420000 inf 0.000000
 -3.400000 inf 0.000000
 -3.380000 inf 0.000000
 -3.360000 inf 0.000000
 -3.340000 inf 0.000000
 -3.320000 inf 0.000000
 -3.300000 inf 0.000000
 -3.280000 inf 0.000000
 -3.260000 inf 0.000000
 -3.240000 inf 0.000000
 -3.220000 inf 0.000000
 -3.200000 inf 0.000000
 -3.180000 inf 0.000000
 -3.160000 inf 0.000000
 -3.140000 inf 0.000000
 -3.120000 inf 0.000000
 -3.100000 inf 0.000000
 -3.080000 inf 0.000000
 -3.060000 inf 0.000000
 -3.040000 inf 0.000000
 -3.020000 inf 0.000000
 -3.000000 inf 0.000000
 -2.980000 inf 0.000000
 -2.960000 inf 0.000000
 -2.940000 inf 0.000000
 -2.920000 inf 0.000000
 -2.900000 inf 0.000000
 -2.880000 inf 0.000000
 -2.860000 inf 0.000000
 -2.840000 inf 0.000000
 -2.820000 inf 0.000000
 -2.800000 inf 0.000000
 -2.780000 inf 0.000000
 -2.760000 inf 0.000000
 -2.740000 inf 0.000000
 -2.720000 inf 0.000000
 -2.700000 inf 0.000000
 -2.680000 inf 0.000000
 -2.660000 inf 0.000000
 -2.640000 inf 0.000000
 -2.620000 inf 0.000000
 -2.600000 inf 0.000000
 -2.580000 inf 0.000000
 -2.560000 inf 0.000000
 -2.540000 inf 0.000000
 -2.520000 inf 0.000000
 -2.500000 inf 0.000000
 -2.480000 inf 0.000000
 -2.460000 inf 0.000000
 -2.440000 inf 0.000000
 -2.420000 inf 0.000000
 -2.400000 inf 0.000000
 -2.380000 inf 0.000000
 -2.360000 inf 0.000000
 -2.340000 inf 0.000000
 -2.320000 inf 0.000000
 -2.300000 inf 0.000000
 -2.280000 inf 0.000000
 -2.260000 inf 0.000000
 -2.240000 inf 0.000000
 -2.220000 inf 0.000000
 -2.200000 inf 0.000000
 -2.180000 inf 0.000000
 -2.160000 inf 0.000000
 -2.140000 inf 0.000000
 -2.120000 inf 0.000000
 -2.100000 63.575832 -594.439062
 -2.080000 53.129147 -422.560112
 -2.060000 46.248434 -273.766571
 -2.040000 41.672621 -197.149326
 -2.020000 38.264773 -140.296763
 -2.000000 35.672057 -129.420720
 -1.980000 33.222681 -116.089988
 -1.960000 30.894090 -115.859204
 -1.940000 28.727372 -101.216388
 -1.920000 26.666394 -101.816264
 -1.900000 24.748946 -92.149148
 -1.880000 22.939504 -88.704809
 -1.860000 21.157205 -92.158159
 -1.840000 19.263420 -92.357194
 -1.820000 17.619061 -74.189162
 -1.800000 16.104064 -76.542277
 -1.780000 14.496880 -86.080138
 -1.760000 12.903732 -69.123548
 -1.740000 11.619526 -66.953645
 -1.720000 9.542335 -127.184788
 -1.700000 8.013031 -21.863462
 -1.680000 7.654164 -38.924758
 -1.660000 6.627787 -50.391051
 -1.640000 5.769729 -43.384585
 -1.620000 4.877286 -37.872260
 -1.600000 4.228035 -31.758502
 -1.580000 3.618501 -30.341293
 -1.560000 3.011119 -27.989090
 -1.540000 2.446849 -28.593708
 -1.520000 1.848414 -31.736016
 -1.500000 1.323401 -18.247381
 -1.480000 1.006229 -17.601507
 -1.460000 0.658426 -16.484089
 -1.440000 0.276415 -20.002220
 -1.420000 -0.003276 -8.840734
 -1.400000 -0.178136 -8.752656
 -1.380000 -0.323299 -5.507981
 -1.360000 -0.460191 -9.169903
 -1.340000 -0.613619 -4.813402
 -1.320000 -0.717614 -8.583218
 -1.300000 -0.885307 -4.049084
 -1.280000 -0.881995 2.432534
 -1.260000 -0.864038 -1.125797
 -1.240000 -0.894691 -1.509144
 -1.220000 -0.883027 1.810222
 -1.200000 -0.804012 6.943153
 -1.180000 -0.699634 4.745837
 -1.160000 -0.524061 11.503768
 -1.140000 -0.306985 10.572780
 -1.120000 -0.027498 17.225983
 -1.100000 0.301012 15.519805
 -1.080000 0.613082 16.527343
 -1.060000 0.962070 18.118689
 -1.040000 1.328148 16.812487
 -1.020000 1.652538 16.773065
 -1.000000 1.949183 12.497796
 -0.980000 2.207871 12.585553
 -0.960000 2.429092 10.493057
 -0.940000 2.576557 5.274742
 -0.920000 2.809655 18.726202
 -0.900000 3.194164 17.667927
 -0.880000 3.560986 19.820957
 -0.860000 4.028670 24.246441
 -0.840000 4.440251 20.466428
 -0.820000 4.918188 25.573144
 -0.800000 5.517673 29.665420
 -0.780000 5.977421 21.343381
 -0.760000 6.411502 17.356254
 -0.740000 6.699382 16.248358
 -0.720000 7.014539 11.119657
 -0.700000 7.037653 -10.445501
 -0.680000 7.151387 41.946021
 -0.660000 8.435539 53.544859
 -0.640000 9.042074 16.815574
 -0.620000 9.399488 22.108992
 -0.600000 9.952080 30.884949
 -0.580000 10.451966 22.793554
 -0.560000 11.035409 29.060639
 -0.540000 11.375981 9.174031
 -0.520000 11.614791 15.536819
 -0.500000 12.061807 25.056547
 -0.480000 12.484738 17.801638
 -0.460000 12.768914 11.188986
 -0.440000 13.050428 15.649818
 -0.420000 13.221205 2.833624
 -0.400000 13.305031 8.947707
 -0.380000 13.675381 24.645988
 -0.360000 14.129797 20.803784
 -0.340000 14.503124 14.011730
 -0.320000 14.712817 10.559625
 -0.300000 14.918759 8.414795
 -0.280000 15.098693 7.258462
 -0.260000 15.114965 -3.723554
 -0.240000 15.078337 8.383805
 -0.220000 15.546014 27.482066
 -0.200000 15.872519 5.002004
 -0.180000 15.965206 7.443093
 -0.160000 16.148955 8.727439
 -0.140000 16.273329 2.742377
 -0.120000 16.308326 1.587077
 -0.100000 16.257474 -6.944498
 -0.080000 16.176461 2.322994
 -0.060000 16.027485 -22.436666
 -0.040000 15.780966 -2.480896
 -0.020000 15.900515 19.248499
 0.000000 16.279946 13.881559
 0.020000 16.523788 9.774086
 0.040000 16.603956 -0.425988
 0.060000 16.625789 1.080864
 0.080000 16.515472 -10.455816
 0.100000 16.427844 5.443750
 0.120000 16.493214 -3.063681
 0.140000 16.363242 -11.141397
 0.160000 16.105630 -7.419306
 0.180000 16.061202 -4.678560
 0.200000 15.916391 -5.821539
 0.220000 15.895557 1.065187
 0.240000 15.744367 -19.753139
 0.260000 15.226346 -18.771638
 0.280000 15.123160 -3.016078
 0.300000 14.990761 -9.110329
 0.320000 14.656535 -22.799542
 0.340000 14.244429 -14.563821
 0.360000 14.017148 -8.391549
 0.380000 13.887380 -9.765765
 0.400000 13.639284 -12.369564
 0.420000 13.420040 -8.279362
 0.440000 13.283254 -8.030124
 0.460000 12.971159 -19.836697
 0.480000 12.736575 -9.342837
 0.500000 12.329001 -25.637450
 0.520000 11.928012 -19.201096
 0.540000 11.473192 -22.314911
 0.560000 11.049102 -22.202101
 0.580000 10.543870 -27.696807
 0.600000 9.994341 -26.224657
 0.620000 9.494127 -24.284350
 0.640000 9.059040 -22.467170
 0.660000 8.565119 -24.535807
 0.680000 8.085510 -24.186097
 0.700000 7.517349 -29.796501
 0.720000 7.039168 -18.652249
 0.740000 6.728753 -16.344211
 0.760000 6.192173 -37.419929
 0.780000 5.551221 -30.335843
 0.800000 4.765348 -38.240282
 0.820000 4.322734 -10.963255
 0.840000 4.179362 -5.824747
 0.860000 3.964493 -18.175845
 0.880000 3.460547 -29.379612
 0.900000 2.968270 -17.664459
 0.920000 2.658963 -14.523181
 0.940000 2.351397 -17.181019
 0.960000 2.064384 -10.241217
 0.980000 1.923763 -8.417441
 1.000000 1.686890 -14.829912
 1.020000 1.372846 -10.419651
 1.040000 1.251901 -5.902976
 1.060000 1.117530 -9.609949
 1.080000 0.852176 -14.387425
 1.100000 0.596363 -11.230179
 1.120000 0.352044 -12.519466
 1.140000 0.138565 -10.710403
 1.160000 -0.064626 -8.995634
 1.180000 -0.260598 -10.158080
 1.200000 -0.440593 -8.808147
 1.220000 -0.611146 -6.332530
 1.240000 -0.662222 -0.709567
 1.260000 -0.681836 -0.823764
 1.280000 -0.720760 -4.585079
 1.300000 -0.841802 -5.508489
 1.320000 -0.877991 1.641367
 1.340000 -0.796885 5.819232
 1.360000 -0.703313 3.805534
 1.380000 -0.549552 11.498393
 1.400000 -0.341719 10.557056
 1.420000 -0.040920 17.326724
 1.440000 0.298177 17.183810
 1.460000 0.665779 18.430303
 1.480000 1.082388 23.791005
 1.500000 1.564747 25.636353
 1.520000 2.053943 20.428126
 1.540000 2.448960 19.893675
 1.560000 2.915358 28.834975
 1.580000 3.593584 37.519552
 1.600000 4.366640 39.167841
 1.620000 5.133373 39.087248
 1.640000 5.980675 43.639501
 1.660000 6.802192 37.365073
 1.680000 7.614423 48.248158
 1.700000 8.632945 51.240944
 1.720000 9.842487 69.140924
 1.740000 11.296671 74.172268
 1.760000 12.810507 77.045778
 1.780000 14.349255 78.717484
 1.800000 16.068618 88.714974
 1.820000 17.659013 74.351079
 1.840000 19.345661 91.667243
 1.860000 20.953649 69.177494
 1.880000 22.539086 91.530514
 1.900000 24.456424 99.066318
 1.920000 26.500770 103.763268
 1.940000 28.688542 116.015478
 1.960000 30.984036 112.126426
 1.980000 33.388125 124.030431
 2.000000 35.862292 128.846704
 2.020000 38.847145 166.756745
 2.040000 42.562092 202.845256
 2.060000 47.659658 302.421283
 2.080000 inf 0.000000
 2.100000 inf 0.000000
 2.120000 inf 0.000000
 2.140000 inf 0.000000
 2.160000 inf 0.000000
 2.180000 inf 0.000000
 2.200000 inf 0.000000
 2.220000 inf 0.000000
 2.240000 inf 0.000000
 2.260000 inf 0.000000
 2.280000 inf 0.000000
 2.300000 inf 0.000000
 2.320000 inf 0.000000
 2.340000 inf 0.000000
 2.360000 inf 0.000000
 2.380000 inf 0.000000
 2.400000 inf 0.000000
 2.420000 inf 0.000000
 2.440000 inf 0.000000
 2.460000 inf 0.000000
 2.480000 inf 0.000000
 2.500000 inf 0.000000
 2.520000 inf 0.000000
 2.540000 inf 0.000000
 2.560000 inf 0.000000
 2.580000 inf 0.000000
 2.600000 inf 0.000000
 2.620000 inf 0.000000
 2.640000 inf 0.000000
 2.660000 inf 0.000000
 2.680000 inf 0.000000
 2.700000 inf 0.000000
 2.720000 inf 0.000000
 2.740000 inf 0.000000
 2.760000 inf 0.000000
 2.780000 inf 0.000000
 2.800000 inf 0.000000
 2.820000 inf 0.000000
 2.840000 inf 0.000000
 2.860000 inf 0.000000
 2.880000 inf 0.000000
 2.900000 inf 0.000000
 2.920000 inf 0.000000
 2.940000 inf 0.000000
 2.960000 inf 0.000000
 2.980000 inf 0.000000
 3.000000 inf 0.000000
 3.020000 inf 0.000000
 3.040000 inf 0.000000
 3.060000 inf 0.000000
 3.080000 inf 0.000000
 3.100000 inf 0.000000
 3.120000 inf 0.000000
 3.140000 inf 0.000000
 3.160000 inf 0.000000
 3.180000 inf 0.000000
 3.200000 inf 0.000000
 3.220000 inf 0.000000
 3.240000 inf 0.000000
 3.260000 inf 0.000000
 3.280000 inf 0.000000
 3.300000 inf 0.000000
 3.320000 inf 0.000000
 3.340000 inf 0.000000
 3.360000 inf 0.000000
 3.380000 inf 0.000000
 3.400000 inf 0.000000
 3.420000 inf 0.000000
 3.440000 inf 0.000000
 3.460000 inf 0.000000
 3.480000 inf 0.000000
 3.500000 inf 0.000000
 3.520000 inf 0.000000
 3.540000 inf 0.000000
 3.560000 inf 0.000000
 3.580000 inf 0.000000
 3.600000 inf 0.000000
 3.620000 inf 0.000000
 3.640000 inf 0.000000
 3.660000 inf 0.000000
 3.680000 inf 0.000000
 3.700000 inf 0.000000
 3.720000 inf 0.000000
 3.740000 inf 0.000000
 3.760000 inf 0.000000
 3.780000 inf 0.000000
 3.800000 inf 0.000000
 3.820000 inf 0.000000
 3.840000 inf 0.000000
 3.860000 inf 0.000000
 3.880000 inf 0.000000
 3.900000 inf 0.000000
 3.920000 inf 0.000000
 3.940000 inf 0.000000
 3.960000 inf 0.000000
 3.980000 inf 0.000000
 4.000000 inf 0.000000
