#! FIELDS p.x fes dfes_p.x
#! SET normalisation  1.000000
#! SET min_p.x -4
#! SET max_p.x 4
#! SET nbins_p.x  400
#! SET periodic_p.x false
 -4.000000 inf 0.000000
 -3.980000 inf 0.000000
 -3.960000 inf 0.000000
 -3.940000 inf 0.000000
 -3.920000 inf 0.000000
 -3.900000 inf 0.000000
 -3.880000 inf 0.000000
 -3.860000 inf 0.000000
 -3.840000 inf 0.000000
 -3.820000 inf 0.000000
 -3.800000 inf 0.000000
 -3.780000 inf 0.000000
 -3.760000 inf 0.000000
 -3.740000 inf 0.000000
 -3.720000 inf 0.000000
 -3.700000 inf 0.000000
 -3.680000 inf 0.000000
 -3.660000 inf 0.000000
 -3.640000 inf 0.000000
 -3.620000 inf 0.000000
 -3.600000 inf 0.000000
 -3.580000 inf 0.000000
 -3.560000 inf 0.000000
 -3.540000 inf 0.000000
 -3.520000 inf 0.000000
 -3.500000 inf 0.000000
 -3.480000 inf 0.000000
 -3.460000 inf 0.000000
 -3.440000 inf 0.000000
 -3.420000 inf 0.000000
 -3.400000 inf 0.000000
 -3.380000 inf 0.000000
 -3.360000 inf 0.000000
 -3.340000 inf 0.000000
 -3.320000 inf 0.000000
 -3.300000 inf 0.000000
 -3.280000 inf 0.000000
 -3.260000 inf 0.000000
 -3.240000 inf 0.000000
 -3.220000 inf 0.000000
 -3.200000 inf 0.000000
 -3.180000 inf 0.000000
 -3.160000 inf 0.000000
 -3.140000 inf 0.000000
 -3.120000 inf 0.000000
 -3.100000 inf 0.000000
 -3.080000 inf 0.000000
 -3.060000 inf 0.000000
 -3.040000 inf 0.000000
 -3.020000 inf 0.000000
 -3.000000 inf 0.000000
 -2.980000 inf 0.000000
 -2.960000 inf 0.000000
 -2.940000 inf 0.000000
 -2.920000 inf 0.000000
 -2.900000 inf 0.000000
 -2.880000 inf 0.000000
 -2.860000 inf 0.000000
 -2.840000 inf 0.000000
 -2.820000 inf 0.000000
 -2.800000 inf 0.000000
 -2.780000 inf 0.000000
 -2.760000 inf 0.000000
 -2.740000 inf 0.000000
 -2.720000 inf 0.000000
 -2.700000 inf 0.000000
 -2.680000 inf 0.000000
 -2.660000 inf 0.000000
 -2.640000 inf 0.000000
 -2.620000 inf 0.000000
 -2.600000 inf 0.000000
 -2.580000 inf 0.000000
 -2.560000 inf 0.000000
 -2.540000 inf 0.000000
 -2.520000 inf 0.000000
 -2.500000 inf 0.000000
 -2.480000 inf 0.000000
 -2.460000 inf 0.000000
 -2.440000 inf 0.000000
 -2.420000 inf 0.000000
 -2.400000 inf 0.000000
 -2.380000 inf 0.000000
 -2.360000 inf 0.000000
 -2.340000 inf 0.000000
 -2.320000 inf 0.000000
 -2.300000 inf 0.000000
 -2.280000 inf 0.000000
 -2.260000 inf 0.000000
 -2.240000 inf 0.000000
 -2.220000 inf 0.000000
 -2.200000 inf 0.000000
 -2.180000 inf 0.000000
 -2.160000 inf 0.000000
 -2.140000 inf 0.000000
 -2.120000 inf 0.000000
 -2.100000 inf 0.000000
 -2.080000 56.636789 -541.594093
 -2.060000 47.665632 -354.518799
 -2.040000 42.222658 -202.017524
 -2.020000 38.737345 -169.225027
 -2.000000 35.067041 -172.391980
 -1.980000 32.528600 -95.087013
 -1.960000 30.274526 -133.036393
 -1.940000 27.903519 -105.118829
 -1.920000 25.596905 -112.039111
 -1.900000 23.863425 -63.913897
 -1.880000 22.728242 -61.499326
 -1.860000 21.045284 -94.778565
 -1.840000 19.318938 -81.635827
 -1.820000 17.865720 -67.826694
 -1.800000 16.027170 -116.553364
 -1.780000 13.628062 -105.361864
 -1.760000 12.096967 -61.661572
 -1.740000 10.782611 -89.915195
 -1.720000 7.441814 -163.367628
 -1.700000 5.775114 -8.267284
 -1.680000 6.143568 11.827042
 -1.660000 5.885787 -33.722295
 -1.640000 5.092536 -35.779407
 -1.620000 4.349920 -44.261911
 -1.600000 3.437689 -38.092399
 -1.580000 2.779345 -40.455140
 -1.560000 2.084145 -16.371576
 -1.540000 1.793612 -22.466242
 -1.520000 1.162048 -38.810752
 -1.500000 0.500410 -26.182625
 -1.480000 0.025122 -22.943419
 -1.460000 -0.404199 -21.340931
 -1.440000 -0.878989 -22.218151
 -1.420000 -1.191563 -10.244711
 -1.400000 -1.249143 4.193043
 -1.380000 -1.193854 0.838851
 -1.360000 -1.296143 -11.172331
 -1.340000 -1.378264 5.007670
 -1.320000 -1.224403 5.760575
 -1.300000 -1.201435 -1.912468
 -1.280000 -1.253191 -0.075521
 -1.260000 -1.287168 -12.696664
 -1.240000 -1.609470 -3.265645
 -1.220000 -1.516726 0.158192
 -1.200000 -1.444271 11.635764
 -1.180000 -1.159469 14.839297
 -1.160000 -0.990099 2.746239
 -1.140000 -0.884862 10.758674
 -1.120000 -0.588241 17.544460
 -1.100000 -0.197737 17.853043
 -1.080000 -0.010539 2.744749
 -1.060000 0.172124 17.752020
 -1.040000 0.508481 15.013218
 -1.020000 1.051873 36.536504
 -1.000000 1.428383 2.788822
 -0.980000 1.578545 18.098259
 -0.960000 2.115215 30.593139
 -0.940000 2.534775 9.984489
 -0.920000 2.643764 4.108852
 -0.900000 2.740632 3.078866
 -0.880000 2.980082 28.517688
 -0.860000 3.607855 21.526392
 -0.840000 3.786212 -0.119090
 -0.820000 3.796587 8.554874
 -0.800000 4.276550 28.376367
 -0.780000 4.629935 12.459067
 -0.760000 4.891117 12.391495
 -0.740000 5.042117 3.546512
 -0.720000 5.052992 -3.893634
 -0.700000 4.810118 -21.154012
 -0.680000 4.903697 55.356208
 -0.660000 7.213442 139.571325
 -0.640000 8.532553 20.440512
 -0.620000 8.743558 7.029573
 -0.600000 9.147756 42.468610
 -0.580000 10.250522 43.609783
 -0.560000 10.825520 26.423351
 -0.540000 11.360498 23.516882
 -0.520000 11.736011 14.879283
 -0.500000 12.042921 19.016994
 -0.480000 12.481886 18.713787
 -0.460000 12.662426 -0.081921
 -0.440000 12.644667 0.651870
 -0.420000 12.552961 -3.607146
 -0.400000 12.683880 11.056904
 -0.380000 12.770781 -3.722559
 -0.360000 12.776414 7.280167
 -0.340000 12.890366 0.424834
 -0.320000 12.927427 8.673072
 -0.300000 13.145613 6.947930
 -0.280000 13.257254 2.702830
 -0.260000 13.131698 -12.635109
 -0.240000 12.951822 7.575556
 -0.220000 13.574500 39.455646
 -0.200000 14.161259 16.861708
 -0.180000 14.321112 7.180817
 -0.160000 14.484142 7.865950
 -0.140000 14.609767 1.179239
 -0.120000 14.537753 -5.919339
 -0.100000 14.422835 -5.694169
 -0.080000 14.381388 6.879584
 -0.060000 14.518904 -5.783140
 -0.040000 14.617550 25.388043
 -0.020000 15.062903 15.499048
 0.000000 15.487869 22.582036
 0.020000 15.769411 8.283664
 0.040000 15.787499 -6.824041
 0.060000 15.845590 9.832695
 0.080000 15.941075 3.938430
 0.100000 16.017960 -0.036342
 0.120000 15.835668 -18.552480
 0.140000 15.477395 -18.742184
 0.160000 15.125682 -3.325680
 0.180000 14.998556 -23.464049
 0.200000 14.644628 -3.984955
 0.220000 14.734427 4.479087
 0.240000 14.404750 -46.048894
 0.260000 13.423503 -24.303546
 0.280000 13.593932 19.630739
 0.300000 13.734663 -0.025887
 0.320000 13.696288 -1.235811
 0.340000 13.791166 10.461197
 0.360000 13.988928 6.001807
 0.380000 13.896819 -15.590006
 0.400000 13.698531 -2.576016
 0.420000 13.546642 -11.104958
 0.440000 13.377732 -7.347793
 0.460000 13.209684 -10.760715
 0.480000 12.949933 -15.738166
 0.500000 12.566639 -21.345257
 0.520000 12.061695 -31.708557
 0.540000 11.433677 -26.455149
 0.560000 10.845771 -34.540300
 0.580000 10.079546 -38.282438
 0.600000 9.349719 -36.472535
 0.620000 8.632418 -33.238402
 0.640000 8.018890 -28.825220
 0.660000 7.509883 -23.625782
 0.680000 7.000329 -33.078463
 0.700000 6.062975 -40.632429
 0.720000 5.718186 -10.695990
 0.740000 5.440334 -6.751579
 0.760000 5.460737 -3.592083
 0.780000 5.184601 -19.513993
 0.800000 4.752915 -20.484708
 0.820000 4.345135 -23.718997
 0.840000 3.696885 -41.864456
 0.860000 2.984787 -19.678658
 0.880000 2.680731 -22.147440
 0.900000 2.194734 -16.795147
 0.920000 1.930300 -17.974292
 0.940000 1.390757 -26.740052
 0.960000 1.142955 -2.490751
 0.980000 1.181387 -0.982104
 1.000000 1.017235 -8.669035
 1.020000 1.025631 13.120052
 1.040000 1.278650 1.756476
 1.060000 1.132393 -6.878053
 1.080000 1.011614 -13.022242
 1.100000 0.813345 -0.410114
 1.120000 0.748744 -12.817959
 1.140000 0.485221 -8.168314
 1.160000 0.400941 0.093288
 1.180000 0.342350 -8.304978
 1.200000 0.080351 -18.020015
 1.220000 -0.341096 -20.863115
 1.240000 -0.582276 -4.774399
 1.260000 -0.786886 -16.363877
 1.280000 -1.172281 -20.057552
 1.300000 -1.486223 -9.723412
 1.320000 -1.559286 -0.189912
 1.340000 -1.459337 8.515223
 1.360000 -1.341556 2.922018
 1.380000 -1.258560 7.483599
 1.400000 -1.018082 21.175236
 1.420000 -0.403408 29.361783
 1.440000 -0.044602 12.322127
 1.460000 0.297115 18.398137
 1.480000 0.659804 18.035430
 1.500000 0.908039 9.588297
 1.520000 1.132609 14.134848
 1.540000 1.420344 10.675531
 1.560000 1.702866 24.483711
 1.580000 2.493347 52.078205
 1.600000 3.471538 38.758878
 1.620000 4.157943 38.206342
 1.640000 5.069738 50.218628
 1.660000 5.967526 39.041543
 1.680000 6.895809 53.786765
 1.700000 8.203113 77.477147
 1.720000 9.676563 64.008824
 1.740000 10.858910 59.161265
 1.760000 12.208536 73.204063
 1.780000 13.613084 67.104943
 1.800000 15.129100 82.726506
 1.820000 16.465056 57.155668
 1.840000 18.125531 107.572187
 1.860000 20.033756 83.841922
 1.880000 21.923714 98.992677
 1.900000 23.897555 105.686876
 1.920000 26.136749 105.612473
 1.940000 27.966047 90.676183
 1.960000 30.000420 109.158179
 1.980000 32.470937 123.768126
 2.000000 34.529268 107.935755
 2.020000 37.573499 185.637308
 2.040000 41.109505 166.208115
 2.060000 45.657707 299.928646
 2.080000 inf 0.000000
 2.100000 inf 0.000000
 2.120000 inf 0.000000
 2.140000 inf 0.000000
 2.160000 inf 0.000000
 2.180000 inf 0.000000
 2.200000 inf 0.000000
 2.220000 inf 0.000000
 2.240000 inf 0.000000
 2.260000 inf 0.000000
 2.280000 inf 0.000000
 2.300000 inf 0.000000
 2.320000 inf 0.000000
 2.340000 inf 0.000000
 2.360000 inf 0.000000
 2.380000 inf 0.000000
 2.400000 inf 0.000000
 2.420000 inf 0.000000
 2.440000 inf 0.000000
 2.460000 inf 0.000000
 2.480000 inf 0.000000
 2.500000 inf 0.000000
 2.520000 inf 0.000000
 2.540000 inf 0.000000
 2.560000 inf 0.000000
 2.580000 inf 0.000000
 2.600000 inf 0.000000
 2.620000 inf 0.000000
 2.640000 inf 0.000000
 2.660000 inf 0.000000
 2.680000 inf 0.000000
 2.700000 inf 0.000000
 2.720000 inf 0.000000
 2.740000 inf 0.000000
 2.760000 inf 0.000000
 2.780000 inf 0.000000
 2.800000 inf 0.000000
 2.820000 inf 0.000000
 2.840000 inf 0.000000
 2.860000 inf 0.000000
 2.880000 inf 0.000000
 2.900000 inf 0.000000
 2.920000 inf 0.000000
 2.940000 inf 0.000000
 2.960000 inf 0.000000
 2.980000 inf 0.000000
 3.000000 inf 0.000000
 3.020000 inf 0.000000
 3.040000 inf 0.000000
 3.060000 inf 0.000000
 3.080000 inf 0.000000
 3.100000 inf 0.000000
 3.120000 inf 0.000000
 3.140000 inf 0.000000
 3.160000 inf 0.000000
 3.180000 inf 0.000000
 3.200000 inf 0.000000
 3.220000 inf 0.000000
 3.240000 inf 0.000000
 3.260000 inf 0.000000
 3.280000 inf 0.000000
 3.300000 inf 0.000000
 3.320000 inf 0.000000
 3.340000 inf 0.000000
 3.360000 inf 0.000000
 3.380000 inf 0.000000
 3.400000 inf 0.000000
 3.420000 inf 0.000000
 3.440000 inf 0.000000
 3.460000 inf 0.000000
 3.480000 inf 0.000000
 3.500000 inf 0.000000
 3.520000 inf 0.000000
 3.540000 inf 0.000000
 3.560000 inf 0.000000
 3.580000 inf 0.000000
 3.600000 inf 0.000000
 3.620000 inf 0.000000
 3.640000 inf 0.000000
 3.660000 inf 0.000000
 3.680000 inf 0.000000
 3.700000 inf 0.000000
 3.720000 inf 0.000000
 3.740000 inf 0.000000
 3.760000 inf 0.000000
 3.780000 inf 0.000000
 3.800000 inf 0.000000
 3.820000 inf 0.000000
 3.840000 inf 0.000000
 3.860000 inf 0.000000
 3.880000 inf 0.000000
 3.900000 inf 0.000000
 3.920000 inf 0.000000
 3.940000 inf 0.000000
 3.960000 inf 0.000000
 3.980000 inf 0.000000
 4.000000 inf 0.000000
