#! FIELDS p.x fes dfes_p.x
#! SET normalisation  1.000000
#! SET min_p.x -4
#! SET max_p.x 4
#! SET nbins_p.x  400
#! SET periodic_p.x false
 -4.000000 inf 0.000000
 -3.980000 inf 0.000000
 -3.960000 inf 0.000000
 -3.940000 inf 0.000000
 -3.920000 inf 0.000000
 -3.900000 inf 0.000000
 -3.880000 inf 0.000000
 -3.860000 inf 0.000000
 -3.840000 inf 0.000000
 -3.820000 inf 0.000000
 -3.800000 inf 0.000000
 -3.780000 inf 0.000000
 -3.760000 inf 0.000000
 -3.740000 inf 0.000000
 -3.720000 inf 0.000000
 -3.700000 inf 0.000000
 -3.680000 inf 0.000000
 -3.660000 inf 0.000000
 -3.640000 inf 0.000000
 -3.620000 inf 0.000000
 -3.600000 inf 0.000000
 -3.580000 inf 0.000000
 -3.560000 inf 0.000000
 -3.540000 inf 0.000000
 -3.520000 inf 0.000000
 -3.500000 inf 0.000000
 -3.480000 inf 0.000000
 -3.460000 inf 0.000000
 -3.440000 inf 0.000000
 -3.420000 inf 0.000000
 -3.400000 inf 0.000000
 -3.380000 inf 0.000000
 -3.360000 inf 0.000000
 -3.340000 inf 0.000000
 -3.320000 inf 0.000000
 -3.300000 inf 0.000000
 -3.280000 inf 0.000000
 -3.260000 inf 0.000000
 -3.240000 inf 0.000000
 -3.220000 inf 0.000000
 -3.200000 inf 0.000000
 -3.180000 inf 0.000000
 -3.160000 inf 0.000000
 -3.140000 inf 0.000000
 -3.120000 inf 0.000000
 -3.100000 inf 0.000000
 -3.080000 inf 0.000000
 -3.060000 inf 0.000000
 -3.040000 inf 0.000000
 -3.020000 inf 0.000000
 -3.000000 inf 0.000000
 -2.980000 inf 0.000000
 -2.960000 inf 0.000000
 -2.940000 inf 0.000000
 -2.920000 inf 0.000000
 -2.900000 inf 0.000000
 -2.880000 inf 0.000000
 -2.860000 inf 0.000000
 -2.840000 inf 0.000000
 -2.820000 inf 0.000000
 -2.800000 inf 0.000000
 -2.780000 inf 0.000000
 -2.760000 inf 0.000000
 -2.740000 inf 0.000000
 -2.720000 inf 0.000000
 -2.700000 inf 0.000000
 -2.680000 inf 0.000000
 -2.660000 inf 0.000000
 -2.640000 inf 0.000000
 -2.620000 inf 0.000000
 -2.600000 inf 0.000000
 -2.580000 inf 0.000000
 -2.560000 inf 0.000000
 -2.540000 inf 0.000000
 -2.520000 inf 0.000000
 -2.500000 inf 0.000000
 -2.480000 inf 0.000000
 -2.460000 inf 0.000000
 -2.440000 inf 0.000000
 -2.420000 inf 0.000000
 -2.400000 inf 0.000000
 -2.380000 inf 0.000000
 -2.360000 inf 0.000000
 -2.340000 inf 0.000000
 -2.320000 inf 0.000000
 -2.300000 inf 0.000000
 -2.280000 inf 0.000000
 -2.260000 inf 0.000000
 -2.240000 inf 0.000000
 -2.220000 inf 0.000000
 -2.200000 inf 0.000000
 -2.180000 inf 0.000000
 -2.160000 inf 0.000000
 -2.140000 inf 0.000000
 -2.120000 inf 0.000000
 -2.100000 inf 0.000000
 -2.080000 55.389197 -496.178491
 -2.060000 47.214772 -323.190690
 -2.040000 42.198040 -190.668899
 -2.020000 38.937297 -146.831366
 -2.000000 36.210304 -127.030826
 -1.980000 33.772839 -120.984176
 -1.960000 31.263082 -125.046989
 -1.940000 28.909719 -112.663162
 -1.920000 26.642271 -112.231314
 -1.900000 24.467414 -111.790919
 -1.880000 22.366012 -86.016885
 -1.860000 20.795756 -81.261078
 -1.840000 19.069294 -89.370892
 -1.820000 17.299547 -85.808837
 -1.800000 15.654091 -83.988267
 -1.780000 14.007949 -71.185071
 -1.760000 12.613444 -77.433426
 -1.740000 11.159435 -64.730180
 -1.720000 9.802318 -68.441900
 -1.700000 8.555960 -56.015454
 -1.680000 7.580994 -47.713655
 -1.660000 6.384853 -64.223291
 -1.640000 5.305265 -38.328852
 -1.620000 4.774269 -23.491831
 -1.600000 4.253282 -28.535267
 -1.580000 3.635625 -30.537038
 -1.560000 3.035577 -32.281929
 -1.540000 2.388556 -27.411833
 -1.520000 1.881985 -28.811764
 -1.500000 1.263487 -26.083743
 -1.480000 0.884642 -17.863780
 -1.460000 0.480945 -18.483389
 -1.440000 0.219201 -12.574987
 -1.420000 -0.127031 -18.255263
 -1.400000 -0.356773 -2.535440
 -1.380000 -0.360665 -5.267676
 -1.360000 -0.551931 -6.683673
 -1.340000 -0.609861 -2.263165
 -1.320000 -0.650054 -1.845462
 -1.300000 -0.706351 -2.696776
 -1.280000 -0.729693 -0.904598
 -1.260000 -0.780963 -3.042181
 -1.240000 -0.782101 1.827562
 -1.220000 -0.719766 4.835842
 -1.200000 -0.592498 8.693965
 -1.180000 -0.416382 4.611524
 -1.160000 -0.310115 9.424483
 -1.140000 -0.130008 6.861431
 -1.120000 0.015715 9.884763
 -1.100000 0.231128 9.865581
 -1.080000 0.349428 0.422853
 -1.060000 0.419422 14.092800
 -1.040000 0.888989 22.145981
 -1.020000 1.082109 0.348921
 -1.000000 1.187381 15.068914
 -0.980000 1.701507 31.286741
 -0.960000 2.216040 20.869902
 -0.940000 2.583779 19.146268
 -0.920000 2.957242 18.145255
 -0.900000 3.346074 18.150674
 -0.880000 3.707152 16.438060
 -0.860000 3.988314 12.783455
 -0.840000 4.287112 19.900533
 -0.820000 4.678911 17.382889
 -0.800000 5.107247 19.359463
 -0.780000 5.291293 10.054490
 -0.760000 5.887114 41.258157
 -0.740000 6.500941 22.954500
 -0.720000 6.927236 23.141054
 -0.700000 7.505357 32.523549
 -0.680000 8.001207 14.767444
 -0.660000 8.369862 21.793229
 -0.640000 8.791574 23.868257
 -0.620000 9.283256 23.838067
 -0.600000 9.690472 15.942661
 -0.580000 9.987592 18.024871
 -0.560000 10.380256 21.796437
 -0.540000 11.025635 33.476542
 -0.520000 11.401092 14.035672
 -0.500000 11.750212 18.539133
 -0.480000 12.121168 20.477318
 -0.460000 12.688793 33.092903
 -0.440000 13.278548 24.450007
 -0.420000 13.612048 11.235875
 -0.400000 13.971381 24.687354
 -0.380000 14.402469 14.650406
 -0.360000 14.506015 0.921080
 -0.340000 14.619049 9.014391
 -0.320000 14.874379 15.837308
 -0.300000 15.081871 8.848169
 -0.280000 15.303262 9.497175
 -0.260000 15.486313 6.567875
 -0.240000 15.301184 -16.010001
 -0.220000 15.337825 18.534295
 -0.200000 15.794177 20.267409
 -0.180000 16.073129 9.713553
 -0.160000 16.315732 15.188062
 -0.140000 16.630743 14.732431
 -0.120000 16.782360 -0.943369
 -0.100000 16.795361 5.742333
 -0.080000 16.890693 0.526504
 -0.060000 16.706292 -29.042626
 -0.040000 16.165644 -4.045675
 -0.020000 16.371421 12.150191
 0.000000 16.434560 -19.038197
 0.020000 15.778404 -15.457874
 0.040000 15.930609 11.158417
 0.060000 16.060368 11.343789
 0.080000 16.500824 20.570684
 0.100000 16.651589 -1.006050
 0.120000 16.605659 -0.734009
 0.140000 16.601154 1.183577
 0.160000 16.646890 0.484275
 0.180000 16.591321 -6.615735
 0.200000 16.382852 -9.927517
 0.220000 16.245635 -4.776066
 0.240000 16.153199 -5.145131
 0.260000 16.024052 -10.179429
 0.280000 15.739100 -16.208969
 0.300000 15.343678 -27.491946
 0.320000 14.818840 -14.860581
 0.340000 14.742903 -3.613110
 0.360000 14.422675 -23.374300
 0.380000 13.994681 -21.100848
 0.400000 13.568044 -19.624309
 0.420000 13.157922 -25.043439
 0.440000 12.721181 -15.763563
 0.460000 12.417859 -17.655957
 0.480000 12.049223 -15.445477
 0.500000 11.686072 -24.560300
 0.520000 11.108174 -30.563145
 0.540000 10.725830 -6.804159
 0.560000 10.500757 -22.508452
 0.580000 9.952869 -25.011532
 0.600000 9.473497 -23.932020
 0.620000 9.004838 -24.631811
 0.640000 8.645729 -8.550518
 0.660000 8.480162 -12.286458
 0.680000 8.171665 -17.840967
 0.700000 7.782970 -19.331357
 0.720000 7.309778 -31.547028
 0.740000 6.866240 -3.709538
 0.760000 6.708414 -22.414314
 0.780000 6.147503 -28.273281
 0.800000 5.644604 -23.459871
 0.820000 5.235679 -16.786677
 0.840000 4.841670 -23.945224
 0.860000 4.309345 -25.166309
 0.880000 3.939523 -15.868223
 0.900000 3.613381 -16.275667
 0.920000 3.255055 -21.219515
 0.940000 2.840646 -18.072687
 0.960000 2.558042 -11.489786
 0.980000 2.302654 -14.745842
 1.000000 1.931879 -21.792422
 1.020000 1.436622 -27.542303
 1.040000 0.998069 -13.788814
 1.060000 0.762167 -11.189321
 1.080000 0.526998 -14.524987
 1.100000 0.207710 -13.670591
 1.120000 -0.021902 -11.737334
 1.140000 -0.255438 -12.049586
 1.160000 -0.409809 -3.091337
 1.180000 -0.549852 -9.136775
 1.200000 -0.644475 -3.061129
 1.220000 -0.759987 -5.085106
 1.240000 -0.773864 0.528092
 1.260000 -0.819594 -5.300915
 1.280000 -0.916308 -2.446333
 1.300000 -0.925375 0.875388
 1.320000 -0.874759 2.824049
 1.340000 -0.829576 4.899820
 1.360000 -0.694587 6.394914
 1.380000 -0.496268 12.462650
 1.400000 -0.325246 6.088374
 1.420000 -0.133683 12.699395
 1.440000 0.172266 19.050012
 1.460000 0.593580 19.629034
 1.480000 0.987071 19.276691
 1.500000 1.319682 16.061449
 1.520000 1.747556 28.904346
 1.540000 2.363981 30.962416
 1.560000 2.976529 30.212465
 1.580000 3.730804 43.351210
 1.600000 4.498799 33.805188
 1.620000 5.275033 48.669085
 1.640000 6.353618 50.147080
 1.660000 7.286049 49.707771
 1.680000 8.356479 53.263807
 1.700000 9.431826 55.380897
 1.720000 10.568463 58.605054
 1.740000 11.857103 66.758968
 1.760000 13.226480 73.643174
 1.780000 14.748880 76.598297
 1.800000 16.309739 78.312575
 1.820000 17.881470 77.080894
 1.840000 19.294274 70.196326
 1.860000 20.932849 89.223739
 1.880000 22.672410 80.696736
 1.900000 24.285111 94.227141
 1.920000 26.505092 113.038875
 1.940000 28.785239 117.029287
 1.960000 31.356287 136.936816
 1.980000 33.949053 118.367700
 2.000000 36.378201 129.650807
 2.020000 39.338538 166.294489
 2.040000 43.307802 234.229661
 2.060000 49.539135 360.582400
 2.080000 inf 0.000000
 2.100000 inf 0.000000
 2.120000 inf 0.000000
 2.140000 inf 0.000000
 2.160000 inf 0.000000
 2.180000 inf 0.000000
 2.200000 inf 0.000000
 2.220000 inf 0.000000
 2.240000 inf 0.000000
 2.260000 inf 0.000000
 2.280000 inf 0.000000
 2.300000 inf 0.000000
 2.320000 inf 0.000000
 2.340000 inf 0.000000
 2.360000 inf 0.000000
 2.380000 inf 0.000000
 2.400000 inf 0.000000
 2.420000 inf 0.000000
 2.440000 inf 0.000000
 2.460000 inf 0.000000
 2.480000 inf 0.000000
 2.500000 inf 0.000000
 2.520000 inf 0.000000
 2.540000 inf 0.000000
 2.560000 inf 0.000000
 2.580000 inf 0.000000
 2.600000 inf 0.000000
 2.620000 inf 0.000000
 2.640000 inf 0.000000
 2.660000 inf 0.000000
 2.680000 inf 0.000000
 2.700000 inf 0.000000
 2.720000 inf 0.000000
 2.740000 inf 0.000000
 2.760000 inf 0.000000
 2.780000 inf 0.000000
 2.800000 inf 0.000000
 2.820000 inf 0.000000
 2.840000 inf 0.000000
 2.860000 inf 0.000000
 2.880000 inf 0.000000
 2.900000 inf 0.000000
 2.920000 inf 0.000000
 2.940000 inf 0.000000
 2.960000 inf 0.000000
 2.980000 inf 0.000000
 3.000000 inf 0.000000
 3.020000 inf 0.000000
 3.040000 inf 0.000000
 3.060000 inf 0.000000
 3.080000 inf 0.000000
 3.100000 inf 0.000000
 3.120000 inf 0.000000
 3.140000 inf 0.000000
 3.160000 inf 0.000000
 3.180000 inf 0.000000
 3.200000 inf 0.000000
 3.220000 inf 0.000000
 3.240000 inf 0.000000
 3.260000 inf 0.000000
 3.280000 inf 0.000000
 3.300000 inf 0.000000
 3.320000 inf 0.000000
 3.340000 inf 0.000000
 3.360000 inf 0.000000
 3.380000 inf 0.000000
 3.400000 inf 0.000000
 3.420000 inf 0.000000
 3.440000 inf 0.000000
 3.460000 inf 0.000000
 3.480000 inf 0.000000
 3.500000 inf 0.000000
 3.520000 inf 0.000000
 3.540000 inf 0.000000
 3.560000 inf 0.000000
 3.580000 inf 0.000000
 3.600000 inf 0.000000
 3.620000 inf 0.000000
 3.640000 inf 0.000000
 3.660000 inf 0.000000
 3.680000 inf 0.000000
 3.700000 inf 0.000000
 3.720000 inf 0.000000
 3.740000 inf 0.000000
 3.760000 inf 0.000000
 3.780000 inf 0.000000
 3.800000 inf 0.000000
 3.820000 inf 0.000000
 3.840000 inf 0.000000
 3.860000 inf 0.000000
 3.880000 inf 0.000000
 3.900000 inf 0.000000
 3.920000 inf 0.000000
 3.940000 inf 0.000000
 3.960000 inf 0.000000
 3.980000 inf 0.000000
 4.000000 inf 0.000000
