#! FIELDS p.x fes dfes_p.x
#! SET normalisation  1.000000
#! SET min_p.x -4
#! SET max_p.x 4
#! SET nbins_p.x  400
#! SET periodic_p.x false
 -4.000000 inf 0.000000
 -3.980000 inf 0.000000
 -3.960000 inf 0.000000
 -3.940000 inf 0.000000
 -3.920000 inf 0.000000
 -3.900000 inf 0.000000
 -3.880000 inf 0.000000
 -3.860000 inf 0.000000
 -3.840000 inf 0.000000
 -3.820000 inf 0.000000
 -3.800000 inf 0.000000
 -3.780000 inf 0.000000
 -3.760000 inf 0.000000
 -3.740000 inf 0.000000
 -3.720000 inf 0.000000
 -3.700000 inf 0.000000
 -3.680000 inf 0.000000
 -3.660000 inf 0.000000
 -3.640000 inf 0.000000
 -3.620000 inf 0.000000
 -3.600000 inf 0.000000
 -3.580000 inf 0.000000
 -3.560000 inf 0.000000
 -3.540000 inf 0.000000
 -3.520000 inf 0.000000
 -3.500000 inf 0.000000
 -3.480000 inf 0.000000
 -3.460000 inf 0.000000
 -3.440000 inf 0.000000
 -3.420000 inf 0.000000
 -3.400000 inf 0.000000
 -3.380000 inf 0.000000
 -3.360000 inf 0.000000
 -3.340000 inf 0.000000
 -3.320000 inf 0.000000
 -3.300000 inf 0.000000
 -3.280000 inf 0.000000
 -3.260000 inf 0.000000
 -3.240000 inf 0.000000
 -3.220000 inf 0.000000
 -3.200000 inf 0.000000
 -3.180000 inf 0.000000
 -3.160000 inf 0.000000
 -3.140000 inf 0.000000
 -3.120000 inf 0.000000
 -3.100000 inf 0.000000
 -3.080000 inf 0.000000
 -3.060000 inf 0.000000
 -3.040000 inf 0.000000
 -3.020000 inf 0.000000
 -3.000000 inf 0.000000
 -2.980000 inf 0.000000
 -2.960000 inf 0.000000
 -2.940000 inf 0.000000
 -2.920000 inf 0.000000
 -2.900000 inf 0.000000
 -2.880000 inf 0.000000
 -2.860000 inf 0.000000
 -2.840000 inf 0.000000
 -2.820000 inf 0.000000
 -2.800000 inf 0.000000
 -2.780000 inf 0.000000
 -2.760000 inf 0.000000
 -2.740000 inf 0.000000
 -2.720000 inf 0.000000
 -2.700000 inf 0.000000
 -2.680000 inf 0.000000
 -2.660000 inf 0.000000
 -2.640000 inf 0.000000
 -2.620000 inf 0.000000
 -2.600000 inf 0.000000
 -2.580000 inf 0.000000
 -2.560000 inf 0.000000
 -2.540000 inf 0.000000
 -2.520000 inf 0.000000
 -2.500000 inf 0.000000
 -2.480000 inf 0.000000
 -2.460000 inf 0.000000
 -2.440000 inf 0.000000
 -2.420000 inf 0.000000
 -2.400000 inf 0.000000
 -2.380000 inf 0.000000
 -2.360000 inf 0.000000
 -2.340000 inf 0.000000
 -2.320000 inf 0.000000
 -2.300000 inf 0.000000
 -2.280000 inf 0.000000
 -2.260000 inf 0.000000
 -2.240000 inf 0.000000
 -2.220000 inf 0.000000
 -2.200000 inf 0.000000
 -2.180000 inf 0.000000
 -2.160000 inf 0.000000
 -2.140000 inf 0.000000
 -2.120000 inf 0.000000
 -2.100000 64.187548 -594.439062
 -2.080000 53.724108 -424.003674
 -2.060000 46.778651 -279.062410
 -2.040000 42.093385 -200.342214
 -2.020000 38.672017 -140.907366
 -2.000000 36.062488 -129.381129
 -1.980000 33.590605 -118.240962
 -1.960000 31.204305 -119.916299
 -1.940000 28.950303 -105.198589
 -1.920000 26.860209 -102.592665
 -1.900000 24.869409 -98.019728
 -1.880000 22.963399 -92.248557
 -1.860000 21.117757 -93.600947
 -1.840000 19.221508 -93.340285
 -1.820000 17.501436 -79.731227
 -1.800000 15.912435 -80.083081
 -1.780000 14.291542 -80.355866
 -1.760000 12.828042 -63.167325
 -1.740000 11.632147 -64.149220
 -1.720000 9.818942 -110.258683
 -1.700000 8.365179 -30.351744
 -1.680000 7.800108 -41.213416
 -1.660000 6.819280 -49.255829
 -1.640000 5.940303 -42.580962
 -1.620000 5.124456 -34.913253
 -1.600000 4.488939 -32.802015
 -1.580000 3.828336 -32.100298
 -1.560000 3.240411 -26.394601
 -1.540000 2.699121 -27.820846
 -1.520000 2.101091 -32.052288
 -1.500000 1.566840 -19.080793
 -1.480000 1.224509 -18.733815
 -1.460000 0.853506 -18.334187
 -1.440000 0.447758 -18.673398
 -1.420000 0.199718 -8.276010
 -1.400000 0.044361 -7.220635
 -1.380000 -0.099449 -6.471210
 -1.360000 -0.227032 -7.307897
 -1.340000 -0.353409 -4.917090
 -1.320000 -0.455898 -6.973521
 -1.300000 -0.586836 -3.143034
 -1.280000 -0.591173 1.111163
 -1.260000 -0.602776 -2.697533
 -1.240000 -0.667524 -3.618737
 -1.220000 -0.719881 -2.151995
 -1.200000 -0.722675 3.804066
 -1.180000 -0.627848 5.249989
 -1.160000 -0.455810 11.839223
 -1.140000 -0.203601 12.824969
 -1.120000 0.110117 18.339985
 -1.100000 0.459814 16.191524
 -1.080000 0.785165 17.068490
 -1.060000 1.103891 14.406717
 -1.040000 1.403016 14.627325
 -1.020000 1.707566 17.246501
 -1.000000 2.023498 11.397646
 -0.980000 2.209071 11.705288
 -0.960000 2.542034 16.917654
 -0.940000 2.778179 9.335229
 -0.920000 3.045467 17.455132
 -0.900000 3.398293 16.856801
 -0.880000 3.716153 14.911133
 -0.860000 4.088780 23.754155
 -0.840000 4.574558 23.744339
 -0.820000 5.048270 22.570771
 -0.800000 5.577492 28.456052
 -0.780000 6.030281 17.985484
 -0.760000 6.399580 19.767654
 -0.740000 6.809958 20.650365
 -0.720000 7.212207 17.383554
 -0.700000 7.342434 -5.940104
 -0.680000 7.488668 38.776214
 -0.660000 8.571940 40.342380
 -0.640000 9.071621 19.333150
 -0.620000 9.460306 20.820299
 -0.600000 9.947288 27.592528
 -0.580000 10.424152 22.617919
 -0.560000 11.010705 30.824015
 -0.540000 11.452202 16.576818
 -0.520000 11.790485 16.461269
 -0.500000 12.147057 16.842178
 -0.480000 12.426669 16.934457
 -0.460000 12.861981 19.991694
 -0.440000 13.218312 17.181706
 -0.420000 13.460391 7.727910
 -0.400000 13.618610 10.771347
 -0.380000 13.970426 21.870461
 -0.360000 14.397826 20.527546
 -0.340000 14.773102 15.874050
 -0.320000 15.028611 11.943873
 -0.300000 15.229736 5.088023
 -0.280000 15.284482 2.406276
 -0.260000 15.312854 0.797508
 -0.240000 15.390168 12.167303
 -0.220000 15.818176 20.329518
 -0.200000 15.959764 -3.445209
 -0.180000 15.913644 2.717473
 -0.160000 16.174599 19.530193
 -0.140000 16.428376 5.018989
 -0.120000 16.512466 5.010828
 -0.100000 16.538486 -4.015105
 -0.080000 16.469502 0.060390
 -0.060000 16.351472 -14.771143
 -0.040000 16.208549 0.076042
 -0.020000 16.342384 17.191281
 0.000000 16.623047 4.234779
 0.020000 16.554373 -0.449854
 0.040000 16.750791 7.508984
 0.060000 16.703708 -4.941368
 0.080000 16.636547 -4.972810
 0.100000 16.560821 0.646166
 0.120000 16.544229 -3.576807
 0.140000 16.467868 -6.099497
 0.160000 16.292222 -6.573591
 0.180000 16.177546 -10.000198
 0.200000 16.003772 -3.660054
 0.220000 15.980803 1.435139
 0.240000 15.911849 -14.003943
 0.260000 15.467835 -18.664570
 0.280000 15.293154 -8.095304
 0.300000 15.056286 -14.550343
 0.320000 14.683223 -19.121139
 0.340000 14.401795 -7.730113
 0.360000 14.297406 -4.820833
 0.380000 14.166039 -11.448567
 0.400000 13.895685 -12.833578
 0.420000 13.649012 -11.903592
 0.440000 13.439946 -11.146706
 0.460000 13.111364 -19.777119
 0.480000 12.798810 -14.143785
 0.500000 12.411628 -22.071464
 0.520000 12.001755 -22.240062
 0.540000 11.486348 -25.581313
 0.560000 11.014151 -25.157787
 0.580000 10.419419 -31.109932
 0.600000 9.862521 -26.576414
 0.620000 9.307977 -27.774982
 0.640000 8.762402 -28.961050
 0.660000 8.230068 -19.485615
 0.680000 7.934191 -15.989424
 0.700000 7.504436 -25.168830
 0.720000 7.036156 -21.082175
 0.740000 6.605022 -22.239011
 0.760000 6.169578 -25.089643
 0.780000 5.629927 -27.960675
 0.800000 5.009509 -30.531416
 0.820000 4.563011 -15.868571
 0.840000 4.328918 -10.584448
 0.860000 4.027380 -20.806017
 0.880000 3.531016 -27.370118
 0.900000 3.015588 -22.887364
 0.920000 2.585187 -19.609201
 0.940000 2.264722 -11.610596
 0.960000 2.127264 -4.958671
 0.980000 2.013304 -8.675693
 1.000000 1.782833 -13.370320
 1.020000 1.464039 -15.296491
 1.040000 1.232780 -9.545407
 1.060000 1.030463 -11.505251
 1.080000 0.780844 -13.864703
 1.100000 0.502488 -12.411758
 1.120000 0.279273 -10.110167
 1.140000 0.110062 -8.882882
 1.160000 -0.067557 -8.157528
 1.180000 -0.255685 -10.081138
 1.200000 -0.434947 -8.499214
 1.220000 -0.587377 -6.181285
 1.240000 -0.677078 -3.886411
 1.260000 -0.751580 -2.206331
 1.280000 -0.782105 -1.964174
 1.300000 -0.850086 -3.593858
 1.320000 -0.817951 7.098139
 1.340000 -0.642943 8.766370
 1.360000 -0.493193 6.939529
 1.380000 -0.317300 10.087463
 1.400000 -0.125166 10.367626
 1.420000 0.133379 14.019328
 1.440000 0.431543 16.508975
 1.460000 0.799978 20.095941
 1.480000 1.232523 21.891217
 1.500000 1.640406 20.054638
 1.520000 2.021689 16.483840
 1.540000 2.380039 22.195293
 1.560000 2.946093 32.231183
 1.580000 3.618332 34.507667
 1.600000 4.309661 35.824898
 1.620000 5.089903 42.127380
 1.640000 5.978075 44.598741
 1.660000 6.849098 42.066294
 1.680000 7.775452 54.322151
 1.700000 8.888442 55.198174
 1.720000 10.117302 66.647711
 1.740000 11.501024 70.463328
 1.760000 12.944129 74.296612
 1.780000 14.440927 76.886180
 1.800000 16.080947 84.291353
 1.820000 17.722902 81.462248
 1.840000 19.444614 88.221145
 1.860000 21.097754 76.371002
 1.880000 22.742951 91.705156
 1.900000 24.703854 101.930533
 1.920000 26.811302 107.155940
 1.940000 29.052683 117.680574
 1.960000 31.372043 112.572377
 1.980000 33.750078 122.216185
 2.000000 36.229106 129.842694
 2.020000 39.199440 164.892055
 2.040000 42.933255 207.908571
 2.060000 48.158705 306.176723
 2.080000 inf 0.000000
 2.100000 inf 0.000000
 2.120000 inf 0.000000
 2.140000 inf 0.000000
 2.160000 inf 0.000000
 2.180000 inf 0.000000
 2.200000 inf 0.000000
 2.220000 inf 0.000000
 2.240000 inf 0.000000
 2.260000 inf 0.000000
 2.280000 inf 0.000000
 2.300000 inf 0.000000
 2.320000 inf 0.000000
 2.340000 inf 0.000000
 2.360000 inf 0.000000
 2.380000 inf 0.000000
 2.400000 inf 0.000000
 2.420000 inf 0.000000
 2.440000 inf 0.000000
 2.460000 inf 0.000000
 2.480000 inf 0.000000
 2.500000 inf 0.000000
 2.520000 inf 0.000000
 2.540000 inf 0.000000
 2.560000 inf 0.000000
 2.580000 inf 0.000000
 2.600000 inf 0.000000
 2.620000 inf 0.000000
 2.640000 inf 0.000000
 2.660000 inf 0.000000
 2.680000 inf 0.000000
 2.700000 inf 0.000000
 2.720000 inf 0.000000
 2.740000 inf 0.000000
 2.760000 inf 0.000000
 2.780000 inf 0.000000
 2.800000 inf 0.000000
 2.820000 inf 0.000000
 2.840000 inf 0.000000
 2.860000 inf 0.000000
 2.880000 inf 0.000000
 2.900000 inf 0.000000
 2.920000 inf 0.000000
 2.940000 inf 0.000000
 2.960000 inf 0.000000
 2.980000 inf 0.000000
 3.000000 inf 0.000000
 3.020000 inf 0.000000
 3.040000 inf 0.000000
 3.060000 inf 0.000000
 3.080000 inf 0.000000
 3.100000 inf 0.000000
 3.120000 inf 0.000000
 3.140000 inf 0.000000
 3.160000 inf 0.000000
 3.180000 inf 0.000000
 3.200000 inf 0.000000
 3.220000 inf 0.000000
 3.240000 inf 0.000000
 3.260000 inf 0.000000
 3.280000 inf 0.000000
 3.300000 inf 0.000000
 3.320000 inf 0.000000
 3.340000 inf 0.000000
 3.360000 inf 0.000000
 3.380000 inf 0.000000
 3.400000 inf 0.000000
 3.420000 inf 0.000000
 3.440000 inf 0.000000
 3.460000 inf 0.000000
 3.480000 inf 0.000000
 3.500000 inf 0.000000
 3.520000 inf 0.000000
 3.540000 inf 0.000000
 3.560000 inf 0.000000
 3.580000 inf 0.000000
 3.600000 inf 0.000000
 3.620000 inf 0.000000
 3.640000 inf 0.000000
 3.660000 inf 0.000000
 3.680000 inf 0.000000
 3.700000 inf 0.000000
 3.720000 inf 0.000000
 3.740000 inf 0.000000
 3.760000 inf 0.000000
 3.780000 inf 0.000000
 3.800000 inf 0.000000
 3.820000 inf 0.000000
 3.840000 inf 0.000000
 3.860000 inf 0.000000
 3.880000 inf 0.000000
 3.900000 inf 0.000000
 3.920000 inf 0.000000
 3.940000 inf 0.000000
 3.960000 inf 0.000000
 3.980000 inf 0.000000
 4.000000 inf 0.000000
