#! FIELDS p.x fes dfes_p.x
#! SET normalisation  1.000000
#! SET min_p.x -4
#! SET max_p.x 4
#! SET nbins_p.x  400
#! SET periodic_p.x false
 -4.000000 inf 0.000000
 -3.980000 inf 0.000000
 -3.960000 inf 0.000000
 -3.940000 inf 0.000000
 -3.920000 inf 0.000000
 -3.900000 inf 0.000000
 -3.880000 inf 0.000000
 -3.860000 inf 0.000000
 -3.840000 inf 0.000000
 -3.820000 inf 0.000000
 -3.800000 inf 0.000000
 -3.780000 inf 0.000000
 -3.760000 inf 0.000000
 -3.740000 inf 0.000000
 -3.720000 inf 0.000000
 -3.700000 inf 0.000000
 -3.680000 inf 0.000000
 -3.660000 inf 0.000000
 -3.640000 inf 0.000000
 -3.620000 inf 0.000000
 -3.600000 inf 0.000000
 -3.580000 inf 0.000000
 -3.560000 inf 0.000000
 -3.540000 inf 0.000000
 -3.520000 inf 0.000000
 -3.500000 inf 0.000000
 -3.480000 inf 0.000000
 -3.460000 inf 0.000000
 -3.440000 inf 0.000000
 -3.420000 inf 0.000000
 -3.400000 inf 0.000000
 -3.380000 inf 0.000000
 -3.360000 inf 0.000000
 -3.340000 inf 0.000000
 -3.320000 inf 0.000000
 -3.300000 inf 0.000000
 -3.280000 inf 0.000000
 -3.260000 inf 0.000000
 -3.240000 inf 0.000000
 -3.220000 inf 0.000000
 -3.200000 inf 0.000000
 -3.180000 inf 0.000000
 -3.160000 inf 0.000000
 -3.140000 inf 0.000000
 -3.120000 inf 0.000000
 -3.100000 inf 0.000000
 -3.080000 inf 0.000000
 -3.060000 inf 0.000000
 -3.040000 inf 0.000000
 -3.020000 inf 0.000000
 -3.000000 inf 0.000000
 -2.980000 inf 0.000000
 -2.960000 inf 0.000000
 -2.940000 inf 0.000000
 -2.920000 inf 0.000000
 -2.900000 inf 0.000000
 -2.880000 inf 0.000000
 -2.860000 inf 0.000000
 -2.840000 inf 0.000000
 -2.820000 inf 0.000000
 -2.800000 inf 0.000000
 -2.780000 inf 0.000000
 -2.760000 inf 0.000000
 -2.740000 inf 0.000000
 -2.720000 inf 0.000000
 -2.700000 inf 0.000000
 -2.680000 inf 0.000000
 -2.660000 inf 0.000000
 -2.640000 inf 0.000000
 -2.620000 inf 0.000000
 -2.600000 inf 0.000000
 -2.580000 inf 0.000000
 -2.560000 inf 0.000000
 -2.540000 inf 0.000000
 -2.520000 inf 0.000000
 -2.500000 inf 0.000000
 -2.480000 inf 0.000000
 -2.460000 inf 0.000000
 -2.440000 inf 0.000000
 -2.420000 inf 0.000000
 -2.400000 inf 0.000000
 -2.380000 inf 0.000000
 -2.360000 inf 0.000000
 -2.340000 inf 0.000000
 -2.320000 inf 0.000000
 -2.300000 inf 0.000000
 -2.280000 inf 0.000000
 -2.260000 inf 0.000000
 -2.240000 inf 0.000000
 -2.220000 inf 0.000000
 -2.200000 inf 0.000000
 -2.180000 inf 0.000000
 -2.160000 inf 0.000000
 -2.140000 inf 0.000000
 -2.120000 inf 0.000000
 -2.100000 63.122126 -594.439062
 -2.080000 52.675581 -422.540350
 -2.060000 45.797208 -273.470684
 -2.040000 41.233846 -196.307473
 -2.020000 37.846034 -138.841061
 -2.000000 35.281955 -128.579809
 -1.980000 32.852629 -114.770721
 -1.960000 30.563402 -112.777066
 -1.940000 28.473502 -97.502712
 -1.920000 26.451487 -100.221230
 -1.900000 24.602091 -86.750255
 -1.880000 22.924043 -83.680982
 -1.860000 21.141266 -95.401723
 -1.840000 19.151313 -97.957952
 -1.820000 17.438220 -75.795688
 -1.800000 15.884676 -78.497790
 -1.780000 14.240061 -87.717752
 -1.760000 12.635043 -68.729414
 -1.740000 11.369051 -67.473340
 -1.720000 9.177033 -132.486347
 -1.700000 7.638234 -17.707089
 -1.680000 7.479327 -26.743911
 -1.660000 6.604794 -47.300842
 -1.640000 5.679614 -50.682223
 -1.620000 4.750977 -36.554035
 -1.600000 4.063294 -34.704428
 -1.580000 3.445963 -29.849320
 -1.560000 2.880495 -23.608472
 -1.540000 2.395921 -26.726879
 -1.520000 1.752250 -36.022537
 -1.500000 1.166634 -20.440114
 -1.480000 0.819771 -17.915492
 -1.460000 0.491285 -15.630232
 -1.440000 0.086241 -21.272545
 -1.420000 -0.179882 -7.028196
 -1.400000 -0.341024 -8.809001
 -1.380000 -0.468517 -3.805240
 -1.360000 -0.605897 -10.510186
 -1.340000 -0.795375 -8.364485
 -1.320000 -0.967129 -10.267789
 -1.300000 -1.140801 -3.745538
 -1.280000 -1.119006 4.342040
 -1.260000 -1.048349 0.613097
 -1.240000 -1.081774 -1.213210
 -1.220000 -1.015445 5.603331
 -1.200000 -0.884808 8.723743
 -1.180000 -0.728424 8.034583
 -1.160000 -0.532008 10.244486
 -1.140000 -0.355755 8.584747
 -1.120000 -0.083354 16.287343
 -1.100000 0.174792 12.142344
 -1.080000 0.471054 16.479965
 -1.060000 0.781418 15.130546
 -1.040000 1.095872 15.543702
 -1.020000 1.407797 17.170552
 -1.000000 1.772747 16.992741
 -0.980000 2.110286 18.048277
 -0.960000 2.401893 10.039442
 -0.940000 2.496909 4.025068
 -0.920000 2.786414 22.624531
 -0.900000 3.226166 18.935368
 -0.880000 3.566910 22.150268
 -0.860000 4.160624 26.143883
 -0.840000 4.555370 20.616272
 -0.820000 4.995135 21.332399
 -0.800000 5.433048 19.481853
 -0.780000 5.816366 21.457224
 -0.760000 6.224905 15.809728
 -0.740000 6.456508 11.900600
 -0.720000 6.694417 7.863826
 -0.700000 6.660218 -12.883436
 -0.680000 6.759442 43.610609
 -0.660000 8.141355 59.117826
 -0.640000 8.779462 15.666265
 -0.620000 9.119239 22.074551
 -0.600000 9.707158 34.806242
 -0.580000 10.242000 21.691335
 -0.560000 10.863324 32.975191
 -0.540000 11.201661 6.984938
 -0.520000 11.414501 15.040625
 -0.500000 11.894557 28.041394
 -0.480000 12.352477 18.438619
 -0.460000 12.625597 10.127241
 -0.440000 12.891577 14.810161
 -0.420000 13.078824 10.054793
 -0.400000 13.462313 21.309458
 -0.380000 13.760891 10.848613
 -0.360000 14.004983 15.168125
 -0.340000 14.296576 11.025377
 -0.320000 14.475184 10.002401
 -0.300000 14.672094 8.322434
 -0.280000 14.853914 6.572148
 -0.260000 14.839850 -5.768897
 -0.240000 14.768102 8.047842
 -0.220000 15.276024 31.469853
 -0.200000 15.738801 13.603976
 -0.180000 15.925508 9.296930
 -0.160000 16.106901 7.766539
 -0.140000 16.229966 2.119277
 -0.120000 16.195030 -3.804188
 -0.100000 16.080716 -7.763951
 -0.080000 16.017687 7.043810
 -0.060000 16.168618 -2.645088
 -0.040000 16.213939 13.872315
 -0.020000 16.445404 8.807280
 0.000000 16.706401 13.566340
 0.020000 16.894956 7.597251
 0.040000 16.938435 -5.409023
 0.060000 16.846715 -2.404691
 0.080000 16.828508 3.990014
 0.100000 16.964774 2.183126
 0.120000 16.852502 -10.511177
 0.140000 16.611925 -15.108097
 0.160000 16.279485 -10.953550
 0.180000 16.113607 -12.561883
 0.200000 15.853426 -9.226974
 0.220000 15.816614 1.766517
 0.240000 15.609221 -26.581588
 0.260000 14.970970 -20.630990
 0.280000 14.947518 5.384253
 0.300000 14.983742 -0.790958
 0.320000 14.841195 -13.010925
 0.340000 14.600575 -7.476413
 0.360000 14.537439 -3.368154
 0.380000 14.282524 -25.281927
 0.400000 13.839159 -11.798036
 0.420000 13.637850 -10.628581
 0.440000 13.446952 -9.204195
 0.460000 13.247344 -10.306253
 0.480000 13.007372 -17.590926
 0.500000 12.383496 -38.003625
 0.520000 11.832878 -21.009653
 0.540000 11.392881 -23.102629
 0.560000 10.893914 -26.480942
 0.580000 10.310242 -30.693992
 0.600000 9.729381 -26.642082
 0.620000 9.237924 -25.342476
 0.640000 8.759530 -22.835060
 0.660000 8.306282 -21.742047
 0.680000 7.897512 -19.022345
 0.700000 7.368094 -31.345491
 0.720000 6.888395 -17.605970
 0.740000 6.603360 -14.798170
 0.760000 6.014263 -44.684848
 0.780000 5.293568 -32.457319
 0.800000 4.431681 -41.327867
 0.820000 3.976245 -9.647841
 0.840000 3.885593 -2.057887
 0.860000 3.754595 -15.352704
 0.880000 3.245085 -30.517951
 0.900000 2.754558 -16.828267
 0.920000 2.442564 -16.682207
 0.940000 2.086686 -17.514087
 0.960000 1.851205 -6.396939
 0.980000 1.745687 -8.904021
 1.000000 1.519190 -14.343564
 1.020000 1.195242 -10.522484
 1.040000 1.128211 -1.336299
 1.060000 1.059307 -5.808806
 1.080000 0.909047 -9.299530
 1.100000 0.696735 -9.792024
 1.120000 0.478388 -11.422447
 1.140000 0.305656 -5.940583
 1.160000 0.219578 -7.021944
 1.180000 0.002601 -10.623095
 1.200000 -0.182239 -9.731001
 1.220000 -0.389750 -9.683166
 1.240000 -0.554621 -6.919475
 1.260000 -0.683249 -6.227767
 1.280000 -0.808761 -8.439099
 1.300000 -0.995219 -7.153163
 1.320000 -1.037380 1.556484
 1.340000 -0.960265 6.173979
 1.360000 -0.852592 4.267876
 1.380000 -0.681105 13.425648
 1.400000 -0.399678 14.650173
 1.420000 -0.074279 17.554677
 1.440000 0.301473 21.153520
 1.460000 0.777401 22.828616
 1.480000 1.207945 22.479386
 1.500000 1.626444 18.823933
 1.520000 1.972531 15.496836
 1.540000 2.332700 19.655184
 1.560000 2.777285 27.992350
 1.580000 3.496151 42.638279
 1.600000 4.318484 36.385383
 1.620000 5.004532 37.111112
 1.640000 5.890550 47.322960
 1.660000 6.735033 36.800695
 1.680000 7.561367 49.495855
 1.700000 8.523122 47.183371
 1.720000 9.751314 73.796052
 1.740000 11.237659 71.528685
 1.760000 12.697908 76.062263
 1.780000 14.272790 80.052987
 1.800000 15.953217 86.123770
 1.820000 17.500563 72.884536
 1.840000 19.202827 92.745730
 1.860000 20.746302 66.004508
 1.880000 22.340965 92.010228
 1.900000 24.247253 99.964711
 1.920000 26.313449 102.095068
 1.940000 28.457261 115.201945
 1.960000 30.707162 109.193942
 1.980000 33.109872 126.557811
 2.000000 35.618868 128.994343
 2.020000 38.625697 168.518552
 2.040000 42.289057 194.634546
 2.060000 47.224852 300.989515
 2.080000 inf 0.000000
 2.100000 inf 0.000000
 2.120000 inf 0.000000
 2.140000 inf 0.000000
 2.160000 inf 0.000000
 2.180000 inf 0.000000
 2.200000 inf 0.000000
 2.220000 inf 0.000000
 2.240000 inf 0.000000
 2.260000 inf 0.000000
 2.280000 inf 0.000000
 2.300000 inf 0.000000
 2.320000 inf 0.000000
 2.340000 inf 0.000000
 2.360000 inf 0.000000
 2.380000 inf 0.000000
 2.400000 inf 0.000000
 2.420000 inf 0.000000
 2.440000 inf 0.000000
 2.460000 inf 0.000000
 2.480000 inf 0.000000
 2.500000 inf 0.000000
 2.520000 inf 0.000000
 2.540000 inf 0.000000
 2.560000 inf 0.000000
 2.580000 inf 0.000000
 2.600000 inf 0.000000
 2.620000 inf 0.000000
 2.640000 inf 0.000000
 2.660000 inf 0.000000
 2.680000 inf 0.000000
 2.700000 inf 0.000000
 2.720000 inf 0.000000
 2.740000 inf 0.000000
 2.760000 inf 0.000000
 2.780000 inf 0.000000
 2.800000 inf 0.000000
 2.820000 inf 0.000000
 2.840000 inf 0.000000
 2.860000 inf 0.000000
 2.880000 inf 0.000000
 2.900000 inf 0.000000
 2.920000 inf 0.000000
 2.940000 inf 0.000000
 2.960000 inf 0.000000
 2.980000 inf 0.000000
 3.000000 inf 0.000000
 3.020000 inf 0.000000
 3.040000 inf 0.000000
 3.060000 inf 0.000000
 3.080000 inf 0.000000
 3.100000 inf 0.000000
 3.120000 inf 0.000000
 3.140000 inf 0.000000
 3.160000 inf 0.000000
 3.180000 inf 0.000000
 3.200000 inf 0.000000
 3.220000 inf 0.000000
 3.240000 inf 0.000000
 3.260000 inf 0.000000
 3.280000 inf 0.000000
 3.300000 inf 0.000000
 3.320000 inf 0.000000
 3.340000 inf 0.000000
 3.360000 inf 0.000000
 3.380000 inf 0.000000
 3.400000 inf 0.000000
 3.420000 inf 0.000000
 3.440000 inf 0.000000
 3.460000 inf 0.000000
 3.480000 inf 0.000000
 3.500000 inf 0.000000
 3.520000 inf 0.000000
 3.540000 inf 0.000000
 3.560000 inf 0.000000
 3.580000 inf 0.000000
 3.600000 inf 0.000000
 3.620000 inf 0.000000
 3.640000 inf 0.000000
 3.660000 inf 0.000000
 3.680000 inf 0.000000
 3.700000 inf 0.000000
 3.720000 inf 0.000000
 3.740000 inf 0.000000
 3.760000 inf 0.000000
 3.780000 inf 0.000000
 3.800000 inf 0.000000
 3.820000 inf 0.000000
 3.840000 inf 0.000000
 3.860000 inf 0.000000
 3.880000 inf 0.000000
 3.900000 inf 0.000000
 3.920000 inf 0.000000
 3.940000 inf 0.000000
 3.960000 inf 0.000000
 3.980000 inf 0.000000
 4.000000 inf 0.000000
