#! FIELDS p.x fes dfes_p.x
#! SET normalisation  1.000000
#! SET min_p.x -4
#! SET max_p.x 4
#! SET nbins_p.x  400
#! SET periodic_p.x false
 -4.000000 inf 0.000000
 -3.980000 inf 0.000000
 -3.960000 inf 0.000000
 -3.940000 inf 0.000000
 -3.920000 inf 0.000000
 -3.900000 inf 0.000000
 -3.880000 inf 0.000000
 -3.860000 inf 0.000000
 -3.840000 inf 0.000000
 -3.820000 inf 0.000000
 -3.800000 inf 0.000000
 -3.780000 inf 0.000000
 -3.760000 inf 0.000000
 -3.740000 inf 0.000000
 -3.720000 inf 0.000000
 -3.700000 inf 0.000000
 -3.680000 inf 0.000000
 -3.660000 inf 0.000000
 -3.640000 inf 0.000000
 -3.620000 inf 0.000000
 -3.600000 inf 0.000000
 -3.580000 inf 0.000000
 -3.560000 inf 0.000000
 -3.540000 inf 0.000000
 -3.520000 inf 0.000000
 -3.500000 inf 0.000000
 -3.480000 inf 0.000000
 -3.460000 inf 0.000000
 -3.440000 inf 0.000000
 -3.420000 inf 0.000000
 -3.400000 inf 0.000000
 -3.380000 inf 0.000000
 -3.360000 inf 0.000000
 -3.340000 inf 0.000000
 -3.320000 inf 0.000000
 -3.300000 inf 0.000000
 -3.280000 inf 0.000000
 -3.260000 inf 0.000000
 -3.240000 inf 0.000000
 -3.220000 inf 0.000000
 -3.200000 inf 0.000000
 -3.180000 inf 0.000000
 -3.160000 inf 0.000000
 -3.140000 inf 0.000000
 -3.120000 inf 0.000000
 -3.100000 inf 0.000000
 -3.080000 inf 0.000000
 -3.060000 inf 0.000000
 -3.040000 inf 0.000000
 -3.020000 inf 0.000000
 -3.000000 inf 0.000000
 -2.980000 inf 0.000000
 -2.960000 inf 0.000000
 -2.940000 inf 0.000000
 -2.920000 inf 0.000000
 -2.900000 inf 0.000000
 -2.880000 inf 0.000000
 -2.860000 inf 0.000000
 -2.840000 inf 0.000000
 -2.820000 inf 0.000000
 -2.800000 inf 0.000000
 -2.780000 inf 0.000000
 -2.760000 inf 0.000000
 -2.740000 inf 0.000000
 -2.720000 inf 0.000000
 -2.700000 inf 0.000000
 -2.680000 inf 0.000000
 -2.660000 inf 0.000000
 -2.640000 inf 0.000000
 -2.620000 inf 0.000000
 -2.600000 inf 0.000000
 -2.580000 inf 0.000000
 -2.560000 inf 0.000000
 -2.540000 inf 0.000000
 -2.520000 inf 0.000000
 -2.500000 inf 0.000000
 -2.480000 inf 0.000000
 -2.460000 inf 0.000000
 -2.440000 inf 0.000000
 -2.420000 inf 0.000000
 -2.400000 inf 0.000000
 -2.380000 inf 0.000000
 -2.360000 inf 0.000000
 -2.340000 inf 0.000000
 -2.320000 inf 0.000000
 -2.300000 inf 0.000000
 -2.280000 inf 0.000000
 -2.260000 inf 0.000000
 -2.240000 inf 0.000000
 -2.220000 inf 0.000000
 -2.200000 inf 0.000000
 -2.180000 inf 0.000000
 -2.160000 inf 0.000000
 -2.140000 inf 0.000000
 -2.120000 inf 0.000000
 -2.100000 inf 0.000000
 -2.080000 52.356186 -465.804185
 -2.060000 44.731388 -302.014761
 -2.040000 39.833095 -202.365727
 -2.020000 36.493500 -125.307500
 -2.000000 34.214481 -129.240587
 -1.980000 31.774772 -107.807851
 -1.960000 29.623579 -110.327060
 -1.940000 27.563018 -95.810852
 -1.920000 25.486295 -103.429533
 -1.900000 23.813891 -65.005865
 -1.880000 22.613138 -65.675057
 -1.860000 20.873058 -102.885692
 -1.840000 18.775473 -94.488044
 -1.820000 17.421325 -54.808956
 -1.800000 15.889393 -99.386598
 -1.780000 13.725416 -100.562100
 -1.760000 12.216088 -62.360070
 -1.740000 10.869888 -89.559559
 -1.720000 7.642715 -161.098479
 -1.700000 5.985014 -8.911338
 -1.680000 6.304610 7.434176
 -1.660000 5.960509 -37.039581
 -1.640000 5.113236 -38.859551
 -1.620000 4.320328 -43.485720
 -1.600000 3.494852 -34.942746
 -1.580000 2.805687 -44.245629
 -1.560000 2.070787 -17.959761
 -1.540000 1.723386 -28.482861
 -1.520000 0.890715 -44.672669
 -1.500000 0.245181 -21.253121
 -1.480000 -0.055984 -13.379487
 -1.460000 -0.342813 -16.004505
 -1.440000 -0.743974 -20.397971
 -1.420000 -1.027751 -8.863594
 -1.400000 -1.068070 4.473390
 -1.380000 -1.013921 0.767721
 -1.360000 -1.107515 -10.349439
 -1.340000 -1.178179 5.223286
 -1.320000 -1.023445 5.748240
 -1.300000 -1.000108 -1.879055
 -1.280000 -1.051452 -0.138008
 -1.260000 -1.087186 -12.614018
 -1.240000 -1.407742 -3.528331
 -1.220000 -1.327040 -0.349784
 -1.200000 -1.261048 11.087022
 -1.180000 -0.998904 13.153127
 -1.160000 -0.860342 1.668863
 -1.140000 -0.787959 7.838499
 -1.120000 -0.544701 15.657468
 -1.100000 -0.242677 12.397116
 -1.080000 0.008191 11.758206
 -1.060000 0.269963 17.383466
 -1.040000 0.582286 13.520391
 -1.020000 1.012139 25.329568
 -1.000000 1.249713 3.762500
 -0.980000 1.529238 25.196967
 -0.960000 2.099124 28.078752
 -0.940000 2.488928 11.447437
 -0.920000 2.652839 6.444212
 -0.900000 2.769951 1.689375
 -0.880000 2.840608 16.465737
 -0.860000 3.342157 17.847340
 -0.840000 3.579146 14.399736
 -0.820000 3.862063 15.955832
 -0.800000 4.397185 29.056790
 -0.780000 4.766602 12.929848
 -0.760000 5.027977 12.151538
 -0.740000 5.181099 4.036309
 -0.720000 5.202961 -3.298842
 -0.700000 4.980707 -19.748096
 -0.680000 5.077342 53.208569
 -0.660000 7.136269 109.804073
 -0.640000 8.025690 6.667356
 -0.620000 8.285522 26.024257
 -0.600000 8.979416 46.488696
 -0.580000 10.051310 45.075915
 -0.560000 10.735194 30.003780
 -0.540000 11.297684 26.184017
 -0.520000 11.771929 20.774050
 -0.500000 12.167407 21.449928
 -0.480000 12.634232 19.736527
 -0.460000 12.836821 1.060766
 -0.440000 12.836436 1.213767
 -0.420000 12.754887 -3.290813
 -0.400000 12.887135 11.028008
 -0.380000 12.975971 -3.487656
 -0.360000 12.984444 7.271422
 -0.340000 13.097271 0.386238
 -0.320000 13.133018 8.488212
 -0.300000 13.345006 6.660379
 -0.280000 13.456576 3.007489
 -0.260000 13.337161 -12.174184
 -0.240000 13.165381 7.587832
 -0.220000 13.779870 38.767453
 -0.200000 14.352572 16.268887
 -0.180000 14.505250 6.860347
 -0.160000 14.665026 7.772444
 -0.140000 14.772882 -0.819847
 -0.120000 14.681014 -5.181321
 -0.100000 14.572643 -6.455013
 -0.080000 14.518830 7.027475
 -0.060000 14.676469 -4.377193
 -0.040000 14.775077 23.702322
 -0.020000 15.175805 13.459214
 0.000000 15.565159 21.493904
 0.020000 15.845171 8.513865
 0.040000 15.859414 -7.282574
 0.060000 15.874384 6.664582
 0.080000 15.960025 5.746629
 0.100000 16.055616 -0.680065
 0.120000 15.856554 -19.207756
 0.140000 15.470202 -18.987271
 0.160000 15.149197 -4.905576
 0.180000 14.954069 -24.071701
 0.200000 14.544685 -10.043114
 0.220000 14.680227 16.927756
 0.240000 14.513425 -41.894257
 0.260000 13.592032 -23.462660
 0.280000 13.745673 18.485590
 0.300000 13.880033 -0.064793
 0.320000 13.839687 -1.659758
 0.340000 13.911394 8.587577
 0.360000 14.047669 1.034693
 0.380000 13.891099 -15.263178
 0.400000 13.624606 -12.571568
 0.420000 13.350774 -9.275651
 0.440000 13.260940 -4.434488
 0.460000 13.108039 -11.235717
 0.480000 12.866182 -13.885508
 0.500000 12.493240 -22.881553
 0.520000 11.966051 -30.385783
 0.540000 11.378027 -23.954209
 0.560000 10.874012 -31.502278
 0.580000 10.134864 -37.771003
 0.600000 9.396733 -39.047770
 0.620000 8.528339 -41.000253
 0.640000 7.959628 -21.306773
 0.660000 7.535632 -21.770161
 0.680000 7.079329 -27.804365
 0.700000 6.228615 -39.333303
 0.720000 5.883224 -10.930400
 0.740000 5.596568 -7.945614
 0.760000 5.582964 -4.621590
 0.780000 5.301253 -19.824739
 0.800000 4.865801 -21.045981
 0.820000 4.366401 -34.005262
 0.840000 3.659722 -33.040495
 0.860000 3.087471 -17.542293
 0.880000 2.790656 -21.910801
 0.900000 2.307000 -17.481267
 0.920000 2.028842 -18.034214
 0.940000 1.491855 -27.572910
 0.960000 1.206348 -4.402064
 0.980000 1.182294 -4.707390
 1.000000 0.962040 -13.402774
 1.020000 0.628013 -15.497484
 1.040000 0.600251 9.041470
 1.060000 0.685224 -1.132708
 1.080000 0.580755 -8.370327
 1.100000 0.501146 1.420276
 1.120000 0.462040 -9.047112
 1.140000 0.247404 -9.101405
 1.160000 0.092229 -6.613009
 1.180000 -0.098544 -9.940566
 1.200000 -0.267239 -10.359528
 1.220000 -0.578030 -18.701152
 1.240000 -0.839130 -6.479848
 1.260000 -0.971381 -10.173431
 1.280000 -1.289180 -20.495330
 1.300000 -1.622410 -7.944761
 1.320000 -1.637911 1.821595
 1.340000 -1.506012 11.829861
 1.360000 -1.308649 6.060925
 1.380000 -1.164485 10.514617
 1.400000 -0.905754 18.649377
 1.420000 -0.382257 26.062342
 1.440000 -0.037673 12.467052
 1.460000 0.291931 17.053956
 1.480000 0.631378 18.223122
 1.500000 0.884894 8.532532
 1.520000 1.105287 15.476560
 1.540000 1.435862 13.760090
 1.560000 1.758616 24.216082
 1.580000 2.466538 44.406876
 1.600000 3.321491 36.276083
 1.620000 4.020724 40.124890
 1.640000 4.962319 51.185445
 1.660000 5.916775 44.327523
 1.680000 6.932422 57.020703
 1.700000 8.275769 77.831300
 1.720000 9.757145 64.616207
 1.740000 10.958050 60.850453
 1.760000 12.329164 73.127288
 1.780000 13.738607 68.322800
 1.800000 15.266639 82.240634
 1.820000 16.610076 58.121616
 1.840000 18.243678 103.366167
 1.860000 20.077315 81.541910
 1.880000 21.892893 94.263451
 1.900000 23.781955 101.846287
 1.920000 25.923573 101.019750
 1.940000 27.928918 106.641709
 1.960000 30.111701 109.184636
 1.980000 32.500324 119.005531
 2.000000 34.616165 112.137832
 2.020000 37.663767 183.420609
 2.040000 41.263354 172.446635
 2.060000 45.880345 299.928646
 2.080000 inf 0.000000
 2.100000 inf 0.000000
 2.120000 inf 0.000000
 2.140000 inf 0.000000
 2.160000 inf 0.000000
 2.180000 inf 0.000000
 2.200000 inf 0.000000
 2.220000 inf 0.000000
 2.240000 inf 0.000000
 2.260000 inf 0.000000
 2.280000 inf 0.000000
 2.300000 inf 0.000000
 2.320000 inf 0.000000
 2.340000 inf 0.000000
 2.360000 inf 0.000000
 2.380000 inf 0.000000
 2.400000 inf 0.000000
 2.420000 inf 0.000000
 2.440000 inf 0.000000
 2.460000 inf 0.000000
 2.480000 inf 0.000000
 2.500000 inf 0.000000
 2.520000 inf 0.000000
 2.540000 inf 0.000000
 2.560000 inf 0.000000
 2.580000 inf 0.000000
 2.600000 inf 0.000000
 2.620000 inf 0.000000
 2.640000 inf 0.000000
 2.660000 inf 0.000000
 2.680000 inf 0.000000
 2.700000 inf 0.000000
 2.720000 inf 0.000000
 2.740000 inf 0.000000
 2.760000 inf 0.000000
 2.780000 inf 0.000000
 2.800000 inf 0.000000
 2.820000 inf 0.000000
 2.840000 inf 0.000000
 2.860000 inf 0.000000
 2.880000 inf 0.000000
 2.900000 inf 0.000000
 2.920000 inf 0.000000
 2.940000 inf 0.000000
 2.960000 inf 0.000000
 2.980000 inf 0.000000
 3.000000 inf 0.000000
 3.020000 inf 0.000000
 3.040000 inf 0.000000
 3.060000 inf 0.000000
 3.080000 inf 0.000000
 3.100000 inf 0.000000
 3.120000 inf 0.000000
 3.140000 inf 0.000000
 3.160000 inf 0.000000
 3.180000 inf 0.000000
 3.200000 inf 0.000000
 3.220000 inf 0.000000
 3.240000 inf 0.000000
 3.260000 inf 0.000000
 3.280000 inf 0.000000
 3.300000 inf 0.000000
 3.320000 inf 0.000000
 3.340000 inf 0.000000
 3.360000 inf 0.000000
 3.380000 inf 0.000000
 3.400000 inf 0.000000
 3.420000 inf 0.000000
 3.440000 inf 0.000000
 3.460000 inf 0.000000
 3.480000 inf 0.000000
 3.500000 inf 0.000000
 3.520000 inf 0.000000
 3.540000 inf 0.000000
 3.560000 inf 0.000000
 3.580000 inf 0.000000
 3.600000 inf 0.000000
 3.620000 inf 0.000000
 3.640000 inf 0.000000
 3.660000 inf 0.000000
 3.680000 inf 0.000000
 3.700000 inf 0.000000
 3.720000 inf 0.000000
 3.740000 inf 0.000000
 3.760000 inf 0.000000
 3.780000 inf 0.000000
 3.800000 inf 0.000000
 3.820000 inf 0.000000
 3.840000 inf 0.000000
 3.860000 inf 0.000000
 3.880000 inf 0.000000
 3.900000 inf 0.000000
 3.920000 inf 0.000000
 3.940000 inf 0.000000
 3.960000 inf 0.000000
 3.980000 inf 0.000000
 4.000000 inf 0.000000
