#! FIELDS p.x fes dfes_p.x
#! SET normalisation  1.000000
#! SET min_p.x -4
#! SET max_p.x 4
#! SET nbins_p.x  400
#! SET periodic_p.x false
 -4.000000 inf 0.000000
 -3.980000 inf 0.000000
 -3.960000 inf 0.000000
 -3.940000 inf 0.000000
 -3.920000 inf 0.000000
 -3.900000 inf 0.000000
 -3.880000 inf 0.000000
 -3.860000 inf 0.000000
 -3.840000 inf 0.000000
 -3.820000 inf 0.000000
 -3.800000 inf 0.000000
 -3.780000 inf 0.000000
 -3.760000 inf 0.000000
 -3.740000 inf 0.000000
 -3.720000 inf 0.000000
 -3.700000 inf 0.000000
 -3.680000 inf 0.000000
 -3.660000 inf 0.000000
 -3.640000 inf 0.000000
 -3.620000 inf 0.000000
 -3.600000 inf 0.000000
 -3.580000 inf 0.000000
 -3.560000 inf 0.000000
 -3.540000 inf 0.000000
 -3.520000 inf 0.000000
 -3.500000 inf 0.000000
 -3.480000 inf 0.000000
 -3.460000 inf 0.000000
 -3.440000 inf 0.000000
 -3.420000 inf 0.000000
 -3.400000 inf 0.000000
 -3.380000 inf 0.000000
 -3.360000 inf 0.000000
 -3.340000 inf 0.000000
 -3.320000 inf 0.000000
 -3.300000 inf 0.000000
 -3.280000 inf 0.000000
 -3.260000 inf 0.000000
 -3.240000 inf 0.000000
 -3.220000 inf 0.000000
 -3.200000 inf 0.000000
 -3.180000 inf 0.000000
 -3.160000 inf 0.000000
 -3.140000 inf 0.000000
 -3.120000 inf 0.000000
 -3.100000 inf 0.000000
 -3.080000 inf 0.000000
 -3.060000 inf 0.000000
 -3.040000 inf 0.000000
 -3.020000 inf 0.000000
 -3.000000 inf 0.000000
 -2.980000 inf 0.000000
 -2.960000 inf 0.000000
 -2.940000 inf 0.000000
 -2.920000 inf 0.000000
 -2.900000 inf 0.000000
 -2.880000 inf 0.000000
 -2.860000 inf 0.000000
 -2.840000 inf 0.000000
 -2.820000 inf 0.000000
 -2.800000 inf 0.000000
 -2.780000 inf 0.000000
 -2.760000 inf 0.000000
 -2.740000 inf 0.000000
 -2.720000 inf 0.000000
 -2.700000 inf 0.000000
 -2.680000 inf 0.000000
 -2.660000 inf 0.000000
 -2.640000 inf 0.000000
 -2.620000 inf 0.000000
 -2.600000 inf 0.000000
 -2.580000 inf 0.000000
 -2.560000 inf 0.000000
 -2.540000 inf 0.000000
 -2.520000 inf 0.000000
 -2.500000 inf 0.000000
 -2.480000 inf 0.000000
 -2.460000 inf 0.000000
 -2.440000 inf 0.000000
 -2.420000 inf 0.000000
 -2.400000 inf 0.000000
 -2.380000 inf 0.000000
 -2.360000 inf 0.000000
 -2.340000 inf 0.000000
 -2.320000 inf 0.000000
 -2.300000 inf 0.000000
 -2.280000 inf 0.000000
 -2.260000 inf 0.000000
 -2.240000 inf 0.000000
 -2.220000 inf 0.000000
 -2.200000 inf 0.000000
 -2.180000 inf 0.000000
 -2.160000 inf 0.000000
 -2.140000 inf 0.000000
 -2.120000 inf 0.000000
 -2.100000 63.751325 -594.439062
 -2.080000 53.304480 -422.582956
 -2.060000 46.420568 -274.178712
 -2.040000 41.828118 -198.168877
 -2.020000 38.402815 -141.295900
 -2.000000 35.791391 -129.979634
 -1.980000 33.322403 -117.730785
 -1.960000 30.937633 -119.460811
 -1.940000 28.722439 -102.197756
 -1.920000 26.681293 -100.267966
 -1.900000 24.753134 -94.814130
 -1.880000 22.901057 -89.414746
 -1.860000 21.121462 -91.087110
 -1.840000 19.232414 -94.285231
 -1.820000 17.517751 -77.447440
 -1.800000 16.030251 -72.354415
 -1.780000 14.441114 -87.804214
 -1.760000 12.824288 -68.648206
 -1.740000 11.581120 -64.960228
 -1.720000 9.607368 -121.056297
 -1.700000 8.101108 -25.336112
 -1.680000 7.658661 -39.883340
 -1.660000 6.653556 -50.057551
 -1.640000 5.768280 -44.115560
 -1.620000 4.908884 -35.946006
 -1.600000 4.280072 -31.241637
 -1.580000 3.663420 -31.219126
 -1.560000 3.055282 -27.382007
 -1.540000 2.504030 -28.169047
 -1.520000 1.917526 -31.167200
 -1.500000 1.391639 -18.285500
 -1.480000 1.081616 -17.075658
 -1.460000 0.739876 -16.172752
 -1.440000 0.365914 -19.835251
 -1.420000 0.076548 -9.984105
 -1.400000 -0.108382 -7.672685
 -1.380000 -0.229315 -5.012191
 -1.360000 -0.361938 -8.823677
 -1.340000 -0.506605 -4.469609
 -1.320000 -0.602480 -8.020790
 -1.300000 -0.760847 -3.862806
 -1.280000 -0.764449 1.486949
 -1.260000 -0.775205 -2.918356
 -1.240000 -0.832315 -2.190506
 -1.220000 -0.840013 0.075150
 -1.200000 -0.801245 5.533885
 -1.180000 -0.703706 5.122687
 -1.160000 -0.525358 12.059497
 -1.140000 -0.260514 13.161047
 -1.120000 0.044661 18.205626
 -1.100000 0.393701 15.898411
 -1.080000 0.710472 17.217344
 -1.060000 1.075482 18.500261
 -1.040000 1.434115 15.950317
 -1.020000 1.751582 17.091417
 -1.000000 2.051869 12.314171
 -0.980000 2.302774 11.867121
 -0.960000 2.499234 9.165109
 -0.940000 2.650948 6.499095
 -0.920000 2.887103 17.864105
 -0.900000 3.253494 17.165837
 -0.880000 3.618562 19.768701
 -0.860000 4.066084 23.127635
 -0.840000 4.496938 22.375337
 -0.820000 4.994119 25.744706
 -0.800000 5.586230 29.436678
 -0.780000 5.993069 14.077809
 -0.760000 6.326861 18.803067
 -0.740000 6.717690 21.777255
 -0.720000 7.116333 14.036950
 -0.700000 7.172940 -9.421810
 -0.680000 7.292279 40.945737
 -0.660000 8.518026 50.154554
 -0.640000 9.091931 16.204042
 -0.620000 9.430370 20.412322
 -0.600000 9.964246 31.943989
 -0.580000 10.478632 21.643011
 -0.560000 11.028986 29.530439
 -0.540000 11.433519 12.818179
 -0.520000 11.709509 15.194761
 -0.500000 12.131337 23.904409
 -0.480000 12.522611 16.024038
 -0.460000 12.821860 13.465014
 -0.440000 13.115858 15.237798
 -0.420000 13.290399 3.462094
 -0.400000 13.382104 8.794972
 -0.380000 13.734848 23.293748
 -0.360000 14.174401 20.768117
 -0.340000 14.546643 14.325415
 -0.320000 14.762098 10.125999
 -0.300000 14.939694 5.181198
 -0.280000 15.027394 5.090604
 -0.260000 15.069918 -1.769825
 -0.240000 15.087860 10.628897
 -0.220000 15.555350 25.827414
 -0.200000 15.815488 -1.450073
 -0.180000 15.726031 0.755482
 -0.160000 15.971403 18.419880
 -0.140000 16.224396 4.998138
 -0.120000 16.266837 2.502545
 -0.100000 16.260575 -5.273962
 -0.080000 16.179976 0.994026
 -0.060000 16.063956 -17.011665
 -0.040000 15.883159 -1.243273
 -0.020000 16.010189 18.660530
 0.000000 16.371567 12.992651
 0.020000 16.588623 8.470248
 0.040000 16.665627 -0.203791
 0.060000 16.674449 -0.220969
 0.080000 16.560771 -9.538890
 0.100000 16.458026 2.415066
 0.120000 16.451018 -5.449901
 0.140000 16.328039 -8.960148
 0.160000 16.118683 -5.359013
 0.180000 16.107369 -2.865250
 0.200000 15.990690 -5.291555
 0.220000 15.947264 -1.088002
 0.240000 15.801239 -17.384531
 0.260000 15.313679 -18.041279
 0.280000 15.221297 -3.076768
 0.300000 15.080948 -8.719692
 0.320000 14.769504 -22.215571
 0.340000 14.350640 -14.767457
 0.360000 14.132308 -8.064048
 0.380000 13.996295 -10.429007
 0.400000 13.735021 -13.072688
 0.420000 13.490776 -9.893018
 0.440000 13.325431 -9.535160
 0.460000 12.973850 -22.351240
 0.480000 12.672618 -12.766510
 0.500000 12.251281 -24.704076
 0.520000 11.846182 -20.093596
 0.540000 11.385339 -22.195902
 0.560000 10.930488 -25.679366
 0.580000 10.363737 -29.605044
 0.600000 9.830037 -23.989336
 0.620000 9.349698 -23.899978
 0.640000 8.943824 -18.283879
 0.660000 8.518226 -24.525974
 0.680000 8.021898 -22.783093
 0.700000 7.528346 -26.395918
 0.720000 7.093076 -17.107370
 0.740000 6.799698 -16.147050
 0.760000 6.272444 -36.541214
 0.780000 5.638442 -29.784801
 0.800000 4.881503 -37.014816
 0.820000 4.436711 -12.172086
 0.840000 4.261232 -7.567647
 0.860000 3.993905 -21.249940
 0.880000 3.440385 -31.631624
 0.900000 2.866050 -24.759801
 0.920000 2.403321 -19.942665
 0.940000 2.089908 -11.559962
 0.960000 1.970369 -3.149294
 0.980000 1.906434 -6.294446
 1.000000 1.700365 -13.571737
 1.020000 1.384647 -12.225042
 1.040000 1.213398 -7.963203
 1.060000 1.074185 -8.792291
 1.080000 0.812561 -14.804936
 1.100000 0.543784 -12.419344
 1.120000 0.278444 -13.138673
 1.140000 0.064188 -10.366086
 1.160000 -0.130450 -8.477223
 1.180000 -0.311150 -9.537423
 1.200000 -0.483145 -8.489487
 1.220000 -0.651784 -6.717042
 1.240000 -0.709161 -0.801465
 1.260000 -0.737531 -1.267798
 1.280000 -0.764449 -2.531771
 1.300000 -0.838539 -3.989147
 1.320000 -0.850298 3.241800
 1.340000 -0.740534 6.730325
 1.360000 -0.636816 4.128731
 1.380000 -0.486405 10.599327
 1.400000 -0.284602 11.081034
 1.420000 0.004222 15.381417
 1.440000 0.312659 16.421592
 1.460000 0.665410 18.057136
 1.480000 1.073810 22.485910
 1.500000 1.527751 23.323475
 1.520000 1.931260 14.778344
 1.540000 2.243345 20.159711
 1.560000 2.758955 29.532854
 1.580000 3.415176 35.987894
 1.600000 4.127691 34.656591
 1.620000 4.855204 39.157275
 1.640000 5.711712 44.427421
 1.660000 6.566358 39.517223
 1.680000 7.451658 53.891503
 1.700000 8.561800 54.723926
 1.720000 9.797027 67.899791
 1.740000 11.230767 74.441127
 1.760000 12.733280 74.505047
 1.780000 14.226128 78.527342
 1.800000 15.956553 90.134768
 1.820000 17.609732 77.203198
 1.840000 19.324760 92.532515
 1.860000 20.989230 73.096408
 1.880000 22.615385 91.817891
 1.900000 24.541148 100.022830
 1.920000 26.603616 104.265371
 1.940000 28.792135 115.736655
 1.960000 31.091752 112.630174
 1.980000 33.494893 123.499242
 2.000000 35.960046 128.491847
 2.020000 38.929225 165.766642
 2.040000 42.668462 206.602857
 2.060000 47.831388 302.717746
 2.080000 inf 0.000000
 2.100000 inf 0.000000
 2.120000 inf 0.000000
 2.140000 inf 0.000000
 2.160000 inf 0.000000
 2.180000 inf 0.000000
 2.200000 inf 0.000000
 2.220000 inf 0.000000
 2.240000 inf 0.000000
 2.260000 inf 0.000000
 2.280000 inf 0.000000
 2.300000 inf 0.000000
 2.320000 inf 0.000000
 2.340000 inf 0.000000
 2.360000 inf 0.000000
 2.380000 inf 0.000000
 2.400000 inf 0.000000
 2.420000 inf 0.000000
 2.440000 inf 0.000000
 2.460000 inf 0.000000
 2.480000 inf 0.000000
 2.500000 inf 0.000000
 2.520000 inf 0.000000
 2.540000 inf 0.000000
 2.560000 inf 0.000000
 2.580000 inf 0.000000
 2.600000 inf 0.000000
 2.620000 inf 0.000000
 2.640000 inf 0.000000
 2.660000 inf 0.000000
 2.680000 inf 0.000000
 2.700000 inf 0.000000
 2.720000 inf 0.000000
 2.740000 inf 0.000000
 2.760000 inf 0.000000
 2.780000 inf 0.000000
 2.800000 inf 0.000000
 2.820000 inf 0.000000
 2.840000 inf 0.000000
 2.860000 inf 0.000000
 2.880000 inf 0.000000
 2.900000 inf 0.000000
 2.920000 inf 0.000000
 2.940000 inf 0.000000
 2.960000 inf 0.000000
 2.980000 inf 0.000000
 3.000000 inf 0.000000
 3.020000 inf 0.000000
 3.040000 inf 0.000000
 3.060000 inf 0.000000
 3.080000 inf 0.000000
 3.100000 inf 0.000000
 3.120000 inf 0.000000
 3.140000 inf 0.000000
 3.160000 inf 0.000000
 3.180000 inf 0.000000
 3.200000 inf 0.000000
 3.220000 inf 0.000000
 3.240000 inf 0.000000
 3.260000 inf 0.000000
 3.280000 inf 0.000000
 3.300000 inf 0.000000
 3.320000 inf 0.000000
 3.340000 inf 0.000000
 3.360000 inf 0.000000
 3.380000 inf 0.000000
 3.400000 inf 0.000000
 3.420000 inf 0.000000
 3.440000 inf 0.000000
 3.460000 inf 0.000000
 3.480000 inf 0.000000
 3.500000 inf 0.000000
 3.520000 inf 0.000000
 3.540000 inf 0.000000
 3.560000 inf 0.000000
 3.580000 inf 0.000000
 3.600000 inf 0.000000
 3.620000 inf 0.000000
 3.640000 inf 0.000000
 3.660000 inf 0.000000
 3.680000 inf 0.000000
 3.700000 inf 0.000000
 3.720000 inf 0.000000
 3.740000 inf 0.000000
 3.760000 inf 0.000000
 3.780000 inf 0.000000
 3.800000 inf 0.000000
 3.820000 inf 0.000000
 3.840000 inf 0.000000
 3.860000 inf 0.000000
 3.880000 inf 0.000000
 3.900000 inf 0.000000
 3.920000 inf 0.000000
 3.940000 inf 0.000000
 3.960000 inf 0.000000
 3.980000 inf 0.000000
 4.000000 inf 0.000000
