#! FIELDS p.x fes dfes_p.x
#! SET normalisation  1.000000
#! SET min_p.x -4
#! SET max_p.x 4
#! SET nbins_p.x  400
#! SET periodic_p.x false
 -4.000000 inf 0.000000
 -3.980000 inf 0.000000
 -3.960000 inf 0.000000
 -3.940000 inf 0.000000
 -3.920000 inf 0.000000
 -3.900000 inf 0.000000
 -3.880000 inf 0.000000
 -3.860000 inf 0.000000
 -3.840000 inf 0.000000
 -3.820000 inf 0.000000
 -3.800000 inf 0.000000
 -3.780000 inf 0.000000
 -3.760000 inf 0.000000
 -3.740000 inf 0.000000
 -3.720000 inf 0.000000
 -3.700000 inf 0.000000
 -3.680000 inf 0.000000
 -3.660000 inf 0.000000
 -3.640000 inf 0.000000
 -3.620000 inf 0.000000
 -3.600000 inf 0.000000
 -3.580000 inf 0.000000
 -3.560000 inf 0.000000
 -3.540000 inf 0.000000
 -3.520000 inf 0.000000
 -3.500000 inf 0.000000
 -3.480000 inf 0.000000
 -3.460000 inf 0.000000
 -3.440000 inf 0.000000
 -3.420000 inf 0.000000
 -3.400000 inf 0.000000
 -3.380000 inf 0.000000
 -3.360000 inf 0.000000
 -3.340000 inf 0.000000
 -3.320000 inf 0.000000
 -3.300000 inf 0.000000
 -3.280000 inf 0.000000
 -3.260000 inf 0.000000
 -3.240000 inf 0.000000
 -3.220000 inf 0.000000
 -3.200000 inf 0.000000
 -3.180000 inf 0.000000
 -3.160000 inf 0.000000
 -3.140000 inf 0.000000
 -3.120000 inf 0.000000
 -3.100000 inf 0.000000
 -3.080000 inf 0.000000
 -3.060000 inf 0.000000
 -3.040000 inf 0.000000
 -3.020000 inf 0.000000
 -3.000000 inf 0.000000
 -2.980000 inf 0.000000
 -2.960000 inf 0.000000
 -2.940000 inf 0.000000
 -2.920000 inf 0.000000
 -2.900000 inf 0.000000
 -2.880000 inf 0.000000
 -2.860000 inf 0.000000
 -2.840000 inf 0.000000
 -2.820000 inf 0.000000
 -2.800000 inf 0.000000
 -2.780000 inf 0.000000
 -2.760000 inf 0.000000
 -2.740000 inf 0.000000
 -2.720000 inf 0.000000
 -2.700000 inf 0.000000
 -2.680000 inf 0.000000
 -2.660000 inf 0.000000
 -2.640000 inf 0.000000
 -2.620000 inf 0.000000
 -2.600000 inf 0.000000
 -2.580000 inf 0.000000
 -2.560000 inf 0.000000
 -2.540000 inf 0.000000
 -2.520000 inf 0.000000
 -2.500000 inf 0.000000
 -2.480000 inf 0.000000
 -2.460000 inf 0.000000
 -2.440000 inf 0.000000
 -2.420000 inf 0.000000
 -2.400000 inf 0.000000
 -2.380000 inf 0.000000
 -2.360000 inf 0.000000
 -2.340000 inf 0.000000
 -2.320000 inf 0.000000
 -2.300000 inf 0.000000
 -2.280000 inf 0.000000
 -2.260000 inf 0.000000
 -2.240000 inf 0.000000
 -2.220000 inf 0.000000
 -2.200000 inf 0.000000
 -2.180000 inf 0.000000
 -2.160000 inf 0.000000
 -2.140000 inf 0.000000
 -2.120000 inf 0.000000
 -2.100000 inf 0.000000
 -2.080000 54.818684 -494.274256
 -2.060000 46.703872 -319.016632
 -2.040000 41.832556 -179.681543
 -2.020000 38.784395 -139.263898
 -2.000000 36.096046 -133.211333
 -1.980000 33.539262 -122.052788
 -1.960000 31.039232 -124.409922
 -1.940000 28.656924 -116.842960
 -1.920000 26.329148 -112.359679
 -1.900000 24.183957 -112.901536
 -1.880000 22.063966 -81.700258
 -1.860000 20.628055 -76.032571
 -1.840000 18.970781 -86.745431
 -1.820000 17.283487 -81.196545
 -1.800000 15.575391 -94.233725
 -1.780000 13.801259 -70.054125
 -1.760000 12.588064 -64.560288
 -1.740000 11.208319 -68.695888
 -1.720000 9.793212 -70.905173
 -1.700000 8.531634 -56.100496
 -1.680000 7.487485 -55.611516
 -1.660000 6.084786 -72.612112
 -1.640000 4.926983 -37.604267
 -1.620000 4.449569 -21.173092
 -1.600000 3.965878 -26.461730
 -1.580000 3.417164 -26.767578
 -1.560000 2.834724 -31.885342
 -1.540000 2.233412 -27.426696
 -1.520000 1.673918 -31.230325
 -1.500000 1.030658 -24.596333
 -1.480000 0.674962 -21.090611
 -1.460000 0.177512 -22.130094
 -1.440000 -0.117390 -12.747939
 -1.420000 -0.462221 -18.921750
 -1.400000 -0.705405 -1.319057
 -1.380000 -0.628804 1.000515
 -1.360000 -0.752181 -8.418949
 -1.340000 -0.834347 -0.214630
 -1.320000 -0.796271 3.287032
 -1.300000 -0.758251 -0.498839
 -1.280000 -0.767939 -1.225028
 -1.260000 -0.788112 1.316399
 -1.240000 -0.735551 2.679464
 -1.220000 -0.659864 3.922768
 -1.200000 -0.580358 8.988062
 -1.180000 -0.312947 10.335971
 -1.160000 -0.173943 5.546312
 -1.140000 -0.135513 -0.994345
 -1.120000 -0.057901 10.168636
 -1.100000 0.135636 7.871960
 -1.080000 0.223127 -0.786176
 -1.060000 0.297353 14.856136
 -1.040000 0.854499 28.744027
 -1.020000 1.072073 -1.631393
 -1.000000 1.125352 14.394960
 -0.980000 1.678052 30.557236
 -0.960000 2.180130 25.415369
 -0.940000 2.585594 13.124344
 -0.920000 2.812048 16.038085
 -0.900000 3.270770 24.334584
 -0.880000 3.753591 21.774177
 -0.860000 4.121019 14.979448
 -0.840000 4.324537 9.812676
 -0.820000 4.486973 7.095351
 -0.800000 4.773736 13.321162
 -0.780000 4.825136 5.399602
 -0.760000 5.423883 44.806713
 -0.740000 6.104840 28.140879
 -0.720000 6.717253 33.245050
 -0.700000 7.323484 27.342087
 -0.680000 7.790997 18.027665
 -0.660000 8.129903 13.028011
 -0.640000 8.441515 22.547015
 -0.620000 8.895064 23.549008
 -0.600000 9.329562 16.751991
 -0.580000 9.649529 19.141634
 -0.560000 10.005158 18.769676
 -0.540000 10.672332 38.228150
 -0.520000 11.025384 7.375149
 -0.500000 11.292301 18.355238
 -0.480000 11.663603 18.624805
 -0.460000 12.216051 35.036934
 -0.440000 12.877882 28.049289
 -0.420000 13.214935 9.807576
 -0.400000 13.606431 28.752268
 -0.380000 14.102192 17.235566
 -0.360000 14.251546 1.658369
 -0.340000 14.350141 7.871416
 -0.320000 14.632947 20.512823
 -0.300000 14.904896 6.894453
 -0.280000 15.054720 7.707662
 -0.260000 15.223577 7.294742
 -0.240000 15.216649 -3.637422
 -0.220000 15.266013 12.213624
 -0.200000 15.723415 23.515596
 -0.180000 15.943041 0.418372
 -0.160000 16.038253 14.018964
 -0.140000 16.388532 14.875930
 -0.120000 16.491783 -4.039786
 -0.100000 16.441727 2.243993
 -0.080000 16.472629 -1.686718
 -0.060000 16.227790 -35.371143
 -0.040000 15.598741 -5.010369
 -0.020000 15.814416 13.325737
 0.000000 15.885835 -21.267900
 0.020000 15.184596 -15.759028
 0.040000 15.350827 11.637237
 0.060000 15.482661 12.058794
 0.080000 15.968853 23.842892
 0.100000 16.182865 1.800284
 0.120000 16.171052 0.144450
 0.140000 16.177523 0.506700
 0.160000 16.200219 0.283285
 0.180000 16.157349 -5.340119
 0.200000 15.958426 -9.357623
 0.220000 15.842916 -2.944588
 0.240000 15.857057 2.392720
 0.260000 15.825480 -6.426091
 0.280000 15.645242 -10.579553
 0.300000 15.368881 -18.990076
 0.320000 14.946439 -22.327069
 0.340000 14.476060 -22.517751
 0.360000 14.000659 -23.155806
 0.380000 13.632782 -17.521042
 0.400000 13.244644 -19.468309
 0.420000 12.811421 -26.317764
 0.440000 12.387400 -14.364536
 0.460000 12.092944 -18.605939
 0.480000 11.697520 -16.525063
 0.500000 11.316367 -25.216575
 0.520000 10.717451 -31.763439
 0.540000 10.335712 -5.285340
 0.560000 10.150358 -22.701425
 0.580000 9.555817 -25.953366
 0.600000 9.090705 -22.560138
 0.620000 8.665699 -21.584322
 0.640000 8.422140 -0.989182
 0.660000 8.294489 -16.837406
 0.680000 7.935035 -15.274901
 0.700000 7.616543 -17.234171
 0.720000 7.263621 -18.039587
 0.740000 6.923675 -17.651258
 0.760000 6.490883 -25.338946
 0.780000 5.929765 -27.539103
 0.800000 5.417848 -25.755132
 0.820000 4.976886 -17.711266
 0.840000 4.542358 -26.230872
 0.860000 3.994780 -24.436537
 0.880000 3.614769 -17.860401
 0.900000 3.285730 -13.656429
 0.920000 2.966387 -21.453453
 0.940000 2.593261 -13.024393
 0.960000 2.363910 -11.670113
 0.980000 2.119763 -12.405595
 1.000000 1.824996 -19.083488
 1.020000 1.287844 -34.029087
 1.040000 0.744483 -15.372471
 1.060000 0.502684 -11.099067
 1.080000 0.271866 -16.070344
 1.100000 -0.098214 -15.919220
 1.120000 -0.361371 -12.946036
 1.140000 -0.601623 -12.597066
 1.160000 -0.754454 -0.594650
 1.180000 -0.825564 -7.109905
 1.200000 -0.885612 0.716068
 1.220000 -0.940882 -3.792394
 1.240000 -0.867032 7.975509
 1.260000 -0.816834 -3.499458
 1.280000 -0.883244 -0.378038
 1.300000 -0.872100 0.101693
 1.320000 -0.860427 0.878751
 1.340000 -0.863841 0.741596
 1.360000 -0.785658 6.385628
 1.380000 -0.604077 10.401571
 1.400000 -0.456250 5.164386
 1.420000 -0.297860 11.098063
 1.440000 -0.004346 19.246153
 1.460000 0.388097 16.483985
 1.480000 0.757047 19.013750
 1.500000 1.092317 20.220527
 1.520000 1.659334 31.914778
 1.540000 2.219576 25.594883
 1.560000 2.739859 28.600196
 1.580000 3.484034 43.634628
 1.600000 4.268223 32.597199
 1.620000 4.982289 46.844304
 1.640000 6.110857 54.167890
 1.660000 7.087330 51.954189
 1.680000 8.221179 55.480582
 1.700000 9.363189 60.332110
 1.720000 10.526883 55.887133
 1.740000 11.708004 59.193805
 1.760000 13.004676 74.853190
 1.780000 14.521791 74.697660
 1.800000 16.082089 79.267746
 1.820000 17.646541 75.531785
 1.840000 18.974630 65.704846
 1.860000 20.601149 90.757199
 1.880000 22.315278 76.689766
 1.900000 23.841360 92.580145
 1.920000 26.129844 119.101450
 1.940000 28.457286 115.930874
 1.960000 31.043952 138.954881
 1.980000 33.611157 113.764917
 2.000000 35.965283 127.888932
 2.020000 38.896310 163.818617
 2.040000 42.778002 229.485622
 2.060000 48.914630 359.983666
 2.080000 inf 0.000000
 2.100000 inf 0.000000
 2.120000 inf 0.000000
 2.140000 inf 0.000000
 2.160000 inf 0.000000
 2.180000 inf 0.000000
 2.200000 inf 0.000000
 2.220000 inf 0.000000
 2.240000 inf 0.000000
 2.260000 inf 0.000000
 2.280000 inf 0.000000
 2.300000 inf 0.000000
 2.320000 inf 0.000000
 2.340000 inf 0.000000
 2.360000 inf 0.000000
 2.380000 inf 0.000000
 2.400000 inf 0.000000
 2.420000 inf 0.000000
 2.440000 inf 0.000000
 2.460000 inf 0.000000
 2.480000 inf 0.000000
 2.500000 inf 0.000000
 2.520000 inf 0.000000
 2.540000 inf 0.000000
 2.560000 inf 0.000000
 2.580000 inf 0.000000
 2.600000 inf 0.000000
 2.620000 inf 0.000000
 2.640000 inf 0.000000
 2.660000 inf 0.000000
 2.680000 inf 0.000000
 2.700000 inf 0.000000
 2.720000 inf 0.000000
 2.740000 inf 0.000000
 2.760000 inf 0.000000
 2.780000 inf 0.000000
 2.800000 inf 0.000000
 2.820000 inf 0.000000
 2.840000 inf 0.000000
 2.860000 inf 0.000000
 2.880000 inf 0.000000
 2.900000 inf 0.000000
 2.920000 inf 0.000000
 2.940000 inf 0.000000
 2.960000 inf 0.000000
 2.980000 inf 0.000000
 3.000000 inf 0.000000
 3.020000 inf 0.000000
 3.040000 inf 0.000000
 3.060000 inf 0.000000
 3.080000 inf 0.000000
 3.100000 inf 0.000000
 3.120000 inf 0.000000
 3.140000 inf 0.000000
 3.160000 inf 0.000000
 3.180000 inf 0.000000
 3.200000 inf 0.000000
 3.220000 inf 0.000000
 3.240000 inf 0.000000
 3.260000 inf 0.000000
 3.280000 inf 0.000000
 3.300000 inf 0.000000
 3.320000 inf 0.000000
 3.340000 inf 0.000000
 3.360000 inf 0.000000
 3.380000 inf 0.000000
 3.400000 inf 0.000000
 3.420000 inf 0.000000
 3.440000 inf 0.000000
 3.460000 inf 0.000000
 3.480000 inf 0.000000
 3.500000 inf 0.000000
 3.520000 inf 0.000000
 3.540000 inf 0.000000
 3.560000 inf 0.000000
 3.580000 inf 0.000000
 3.600000 inf 0.000000
 3.620000 inf 0.000000
 3.640000 inf 0.000000
 3.660000 inf 0.000000
 3.680000 inf 0.000000
 3.700000 inf 0.000000
 3.720000 inf 0.000000
 3.740000 inf 0.000000
 3.760000 inf 0.000000
 3.780000 inf 0.000000
 3.800000 inf 0.000000
 3.820000 inf 0.000000
 3.840000 inf 0.000000
 3.860000 inf 0.000000
 3.880000 inf 0.000000
 3.900000 inf 0.000000
 3.920000 inf 0.000000
 3.940000 inf 0.000000
 3.960000 inf 0.000000
 3.980000 inf 0.000000
 4.000000 inf 0.000000
