#! FIELDS p.x fes dfes_p.x
#! SET normalisation  1.000000
#! SET min_p.x -4
#! SET max_p.x 4
#! SET nbins_p.x  400
#! SET periodic_p.x false
 -4.000000 inf 0.000000
 -3.980000 inf 0.000000
 -3.960000 inf 0.000000
 -3.940000 inf 0.000000
 -3.920000 inf 0.000000
 -3.900000 inf 0.000000
 -3.880000 inf 0.000000
 -3.860000 inf 0.000000
 -3.840000 inf 0.000000
 -3.820000 inf 0.000000
 -3.800000 inf 0.000000
 -3.780000 inf 0.000000
 -3.760000 inf 0.000000
 -3.740000 inf 0.000000
 -3.720000 inf 0.000000
 -3.700000 inf 0.000000
 -3.680000 inf 0.000000
 -3.660000 inf 0.000000
 -3.640000 inf 0.000000
 -3.620000 inf 0.000000
 -3.600000 inf 0.000000
 -3.580000 inf 0.000000
 -3.560000 inf 0.000000
 -3.540000 inf 0.000000
 -3.520000 inf 0.000000
 -3.500000 inf 0.000000
 -3.480000 inf 0.000000
 -3.460000 inf 0.000000
 -3.440000 inf 0.000000
 -3.420000 inf 0.000000
 -3.400000 inf 0.000000
 -3.380000 inf 0.000000
 -3.360000 inf 0.000000
 -3.340000 inf 0.000000
 -3.320000 inf 0.000000
 -3.300000 inf 0.000000
 -3.280000 inf 0.000000
 -3.260000 inf 0.000000
 -3.240000 inf 0.000000
 -3.220000 inf 0.000000
 -3.200000 inf 0.000000
 -3.180000 inf 0.000000
 -3.160000 inf 0.000000
 -3.140000 inf 0.000000
 -3.120000 inf 0.000000
 -3.100000 inf 0.000000
 -3.080000 inf 0.000000
 -3.060000 inf 0.000000
 -3.040000 inf 0.000000
 -3.020000 inf 0.000000
 -3.000000 inf 0.000000
 -2.980000 inf 0.000000
 -2.960000 inf 0.000000
 -2.940000 inf 0.000000
 -2.920000 inf 0.000000
 -2.900000 inf 0.000000
 -2.880000 inf 0.000000
 -2.860000 inf 0.000000
 -2.840000 inf 0.000000
 -2.820000 inf 0.000000
 -2.800000 inf 0.000000
 -2.780000 inf 0.000000
 -2.760000 inf 0.000000
 -2.740000 inf 0.000000
 -2.720000 inf 0.000000
 -2.700000 inf 0.000000
 -2.680000 inf 0.000000
 -2.660000 inf 0.000000
 -2.640000 inf 0.000000
 -2.620000 inf 0.000000
 -2.600000 inf 0.000000
 -2.580000 inf 0.000000
 -2.560000 inf 0.000000
 -2.540000 inf 0.000000
 -2.520000 inf 0.000000
 -2.500000 inf 0.000000
 -2.480000 inf 0.000000
 -2.460000 inf 0.000000
 -2.440000 inf 0.000000
 -2.420000 inf 0.000000
 -2.400000 inf 0.000000
 -2.380000 inf 0.000000
 -2.360000 inf 0.000000
 -2.340000 inf 0.000000
 -2.320000 inf 0.000000
 -2.300000 inf 0.000000
 -2.280000 inf 0.000000
 -2.260000 inf 0.000000
 -2.240000 inf 0.000000
 -2.220000 inf 0.000000
 -2.200000 inf 0.000000
 -2.180000 inf 0.000000
 -2.160000 inf 0.000000
 -2.140000 inf 0.000000
 -2.120000 inf 0.000000
 -2.100000 62.266617 -594.439062
 -2.080000 51.821034 -422.412212
 -2.060000 44.953470 -272.267149
 -2.040000 40.427069 -194.492287
 -2.020000 37.070929 -136.467613
 -2.000000 34.569790 -125.908282
 -1.980000 32.221661 -108.257558
 -1.960000 30.080408 -107.514822
 -1.940000 27.991853 -99.583590
 -1.920000 25.959907 -100.248187
 -1.900000 24.158639 -82.728284
 -1.880000 22.510471 -82.594268
 -1.860000 20.756999 -96.152978
 -1.840000 18.658532 -105.033400
 -1.820000 16.890650 -72.603613
 -1.800000 15.476580 -72.283782
 -1.780000 13.822630 -95.660921
 -1.760000 12.060866 -71.919579
 -1.740000 10.801610 -67.864566
 -1.720000 8.435993 -140.278922
 -1.700000 6.874285 -13.019668
 -1.680000 6.977167 -7.358439
 -1.660000 6.432215 -41.587737
 -1.640000 5.485324 -46.160152
 -1.620000 4.724110 -35.165890
 -1.600000 3.989082 -33.841130
 -1.580000 3.363206 -36.904463
 -1.560000 2.656407 -25.817024
 -1.540000 2.171937 -27.613300
 -1.520000 1.457207 -42.624857
 -1.500000 0.722878 -23.580587
 -1.480000 0.408191 -15.787635
 -1.460000 0.129026 -13.172484
 -1.440000 -0.208521 -16.474910
 -1.420000 -0.427492 -7.450937
 -1.400000 -0.532913 -2.711397
 -1.380000 -0.601065 -4.051165
 -1.360000 -0.753232 -12.333377
 -1.340000 -0.986451 -8.794607
 -1.320000 -1.091269 -4.248814
 -1.300000 -1.193057 -4.816890
 -1.280000 -1.259273 -1.352099
 -1.260000 -1.239871 -1.293281
 -1.240000 -1.406365 -6.982201
 -1.220000 -1.350782 7.721707
 -1.200000 -1.183802 10.569332
 -1.180000 -0.943667 14.294481
 -1.160000 -0.687729 9.621904
 -1.140000 -0.508778 9.599624
 -1.120000 -0.250874 16.545393
 -1.100000 0.022843 7.900465
 -1.080000 0.231016 15.859847
 -1.060000 0.511617 10.631597
 -1.040000 0.733478 13.017840
 -1.020000 1.020982 15.602155
 -1.000000 1.371137 17.591674
 -0.980000 1.740062 19.699168
 -0.960000 2.023380 6.264332
 -0.940000 2.038326 2.785849
 -0.920000 2.346795 24.182634
 -0.900000 2.823748 19.896382
 -0.880000 3.175747 23.728134
 -0.860000 3.796125 27.091250
 -0.840000 4.177557 18.990945
 -0.820000 4.594117 20.986301
 -0.800000 5.076868 23.537682
 -0.780000 5.461737 16.309062
 -0.760000 5.756607 11.680514
 -0.740000 5.927542 9.132132
 -0.720000 6.075666 2.136086
 -0.700000 5.940535 -16.849229
 -0.680000 6.047578 50.683240
 -0.660000 7.839068 82.897383
 -0.640000 8.549444 11.552218
 -0.620000 8.896818 28.014411
 -0.600000 9.537891 36.282449
 -0.580000 10.193392 24.370393
 -0.560000 10.801023 30.305311
 -0.540000 11.006761 3.626991
 -0.520000 11.303711 16.229720
 -0.500000 11.595817 20.780786
 -0.480000 12.090752 25.556231
 -0.460000 12.493463 16.300567
 -0.440000 12.965871 29.019805
 -0.420000 13.307259 7.653128
 -0.400000 13.525622 11.435883
 -0.380000 13.650465 0.700343
 -0.360000 13.699648 7.980955
 -0.340000 13.872272 5.078214
 -0.320000 13.990559 10.928360
 -0.300000 14.213427 6.341507
 -0.280000 14.309354 1.870442
 -0.260000 14.192549 -10.553201
 -0.240000 14.058467 7.470259
 -0.220000 14.606727 34.878624
 -0.200000 15.141915 15.921115
 -0.180000 15.297907 6.438476
 -0.160000 15.465252 8.804242
 -0.140000 15.605473 2.066138
 -0.120000 15.560104 -3.990413
 -0.100000 15.464547 -6.485144
 -0.080000 15.387000 4.975336
 -0.060000 15.545514 -0.789356
 -0.040000 15.660406 20.522579
 -0.020000 16.048615 15.821037
 0.000000 16.405434 15.994019
 0.020000 16.628742 10.194283
 0.040000 16.687378 -6.031867
 0.060000 16.679932 3.144039
 0.080000 16.692485 2.274462
 0.100000 16.771616 1.991528
 0.120000 16.629186 -16.661429
 0.140000 16.306618 -15.264428
 0.160000 16.037762 -4.516492
 0.180000 15.863347 -21.292142
 0.200000 15.491483 -9.593079
 0.220000 15.594443 13.860631
 0.240000 15.430880 -38.065714
 0.260000 14.562832 -23.179304
 0.280000 14.689183 16.441993
 0.300000 14.780618 -2.948595
 0.320000 14.658832 -7.315595
 0.340000 14.541131 -4.564043
 0.360000 14.453700 -6.640948
 0.380000 14.205643 -17.531750
 0.400000 13.811034 -23.180820
 0.420000 13.351682 -18.573635
 0.440000 13.091339 -8.956217
 0.460000 12.915758 -9.904247
 0.480000 12.722507 -11.994051
 0.500000 12.326289 -23.670539
 0.520000 11.829980 -29.922745
 0.540000 11.183683 -27.585028
 0.560000 10.800797 -16.950333
 0.580000 10.297102 -26.720277
 0.600000 9.785156 -30.955913
 0.620000 9.080053 -35.534217
 0.640000 8.547013 -18.586809
 0.660000 8.158781 -22.131994
 0.680000 7.703105 -25.135546
 0.700000 6.925051 -41.896428
 0.720000 6.362570 -18.715444
 0.740000 6.120351 -6.524180
 0.760000 6.010362 -11.709490
 0.780000 5.705484 -16.787713
 0.800000 5.245679 -27.680478
 0.820000 4.665152 -30.573845
 0.840000 4.076530 -28.472005
 0.860000 3.538727 -22.178156
 0.880000 3.117458 -21.069889
 0.900000 2.731206 -16.418447
 0.920000 2.436539 -16.124061
 0.940000 2.020657 -19.869029
 0.960000 1.814654 -4.956983
 0.980000 1.705794 -9.326766
 1.000000 1.454512 -12.919308
 1.020000 1.147461 -14.547819
 1.040000 1.055908 0.500864
 1.060000 0.959848 -9.091396
 1.080000 0.810166 -4.330663
 1.100000 0.741618 -4.736197
 1.120000 0.550766 -11.791552
 1.140000 0.346171 -6.706241
 1.160000 0.275866 -4.842100
 1.180000 0.069355 -11.679224
 1.200000 -0.141492 -12.163603
 1.220000 -0.437420 -14.682777
 1.240000 -0.654867 -8.120972
 1.260000 -0.822112 -10.043511
 1.280000 -1.089719 -16.136960
 1.300000 -1.375478 -9.703889
 1.320000 -1.433672 2.360714
 1.340000 -1.331739 6.047471
 1.360000 -1.227104 5.606369
 1.380000 -1.021019 14.994483
 1.400000 -0.711252 15.997443
 1.420000 -0.371009 17.079347
 1.440000 0.005647 22.359650
 1.460000 0.510691 24.588524
 1.480000 0.970270 22.079326
 1.500000 1.313565 12.357354
 1.520000 1.506449 10.275563
 1.540000 1.828688 18.236864
 1.560000 2.246272 28.332120
 1.580000 3.030920 48.260708
 1.600000 3.976500 41.762272
 1.620000 4.759014 41.129147
 1.640000 5.658809 48.874910
 1.660000 6.649617 45.623588
 1.680000 7.636204 58.240307
 1.700000 9.008106 75.880449
 1.720000 10.469454 67.129309
 1.740000 11.730656 63.196355
 1.760000 13.126988 73.235524
 1.780000 14.534630 67.561856
 1.800000 16.029286 80.950430
 1.820000 17.423333 61.496556
 1.840000 19.027028 97.022544
 1.860000 20.767708 80.350330
 1.880000 22.571609 94.967462
 1.900000 24.460188 97.012940
 1.920000 26.436139 96.427545
 1.940000 28.467623 111.073719
 1.960000 30.762511 112.716662
 1.980000 33.152974 121.865142
 2.000000 35.430673 117.600324
 2.020000 38.479471 180.517595
 2.040000 42.052623 171.933504
 2.060000 46.659268 298.691032
 2.080000 inf 0.000000
 2.100000 inf 0.000000
 2.120000 inf 0.000000
 2.140000 inf 0.000000
 2.160000 inf 0.000000
 2.180000 inf 0.000000
 2.200000 inf 0.000000
 2.220000 inf 0.000000
 2.240000 inf 0.000000
 2.260000 inf 0.000000
 2.280000 inf 0.000000
 2.300000 inf 0.000000
 2.320000 inf 0.000000
 2.340000 inf 0.000000
 2.360000 inf 0.000000
 2.380000 inf 0.000000
 2.400000 inf 0.000000
 2.420000 inf 0.000000
 2.440000 inf 0.000000
 2.460000 inf 0.000000
 2.480000 inf 0.000000
 2.500000 inf 0.000000
 2.520000 inf 0.000000
 2.540000 inf 0.000000
 2.560000 inf 0.000000
 2.580000 inf 0.000000
 2.600000 inf 0.000000
 2.620000 inf 0.000000
 2.640000 inf 0.000000
 2.660000 inf 0.000000
 2.680000 inf 0.000000
 2.700000 inf 0.000000
 2.720000 inf 0.000000
 2.740000 inf 0.000000
 2.760000 inf 0.000000
 2.780000 inf 0.000000
 2.800000 inf 0.000000
 2.820000 inf 0.000000
 2.840000 inf 0.000000
 2.860000 inf 0.000000
 2.880000 inf 0.000000
 2.900000 inf 0.000000
 2.920000 inf 0.000000
 2.940000 inf 0.000000
 2.960000 inf 0.000000
 2.980000 inf 0.000000
 3.000000 inf 0.000000
 3.020000 inf 0.000000
 3.040000 inf 0.000000
 3.060000 inf 0.000000
 3.080000 inf 0.000000
 3.100000 inf 0.000000
 3.120000 inf 0.000000
 3.140000 inf 0.000000
 3.160000 inf 0.000000
 3.180000 inf 0.000000
 3.200000 inf 0.000000
 3.220000 inf 0.000000
 3.240000 inf 0.000000
 3.260000 inf 0.000000
 3.280000 inf 0.000000
 3.300000 inf 0.000000
 3.320000 inf 0.000000
 3.340000 inf 0.000000
 3.360000 inf 0.000000
 3.380000 inf 0.000000
 3.400000 inf 0.000000
 3.420000 inf 0.000000
 3.440000 inf 0.000000
 3.460000 inf 0.000000
 3.480000 inf 0.000000
 3.500000 inf 0.000000
 3.520000 inf 0.000000
 3.540000 inf 0.000000
 3.560000 inf 0.000000
 3.580000 inf 0.000000
 3.600000 inf 0.000000
 3.620000 inf 0.000000
 3.640000 inf 0.000000
 3.660000 inf 0.000000
 3.680000 inf 0.000000
 3.700000 inf 0.000000
 3.720000 inf 0.000000
 3.740000 inf 0.000000
 3.760000 inf 0.000000
 3.780000 inf 0.000000
 3.800000 inf 0.000000
 3.820000 inf 0.000000
 3.840000 inf 0.000000
 3.860000 inf 0.000000
 3.880000 inf 0.000000
 3.900000 inf 0.000000
 3.920000 inf 0.000000
 3.940000 inf 0.000000
 3.960000 inf 0.000000
 3.980000 inf 0.000000
 4.000000 inf 0.000000
