#! FIELDS p.x fes dfes_p.x
#! SET normalisation  1.000000
#! SET min_p.x -4
#! SET max_p.x 4
#! SET nbins_p.x  400
#! SET periodic_p.x false
 -4.000000 inf 0.000000
 -3.980000 inf 0.000000
 -3.960000 inf 0.000000
 -3.940000 inf 0.000000
 -3.920000 inf 0.000000
 -3.900000 inf 0.000000
 -3.880000 inf 0.000000
 -3.860000 inf 0.000000
 -3.840000 inf 0.000000
 -3.820000 inf 0.000000
 -3.800000 inf 0.000000
 -3.780000 inf 0.000000
 -3.760000 inf 0.000000
 -3.740000 inf 0.000000
 -3.720000 inf 0.000000
 -3.700000 inf 0.000000
 -3.680000 inf 0.000000
 -3.660000 inf 0.000000
 -3.640000 inf 0.000000
 -3.620000 inf 0.000000
 -3.600000 inf 0.000000
 -3.580000 inf 0.000000
 -3.560000 inf 0.000000
 -3.540000 inf 0.000000
 -3.520000 inf 0.000000
 -3.500000 inf 0.000000
 -3.480000 inf 0.000000
 -3.460000 inf 0.000000
 -3.440000 inf 0.000000
 -3.420000 inf 0.000000
 -3.400000 inf 0.000000
 -3.380000 inf 0.000000
 -3.360000 inf 0.000000
 -3.340000 inf 0.000000
 -3.320000 inf 0.000000
 -3.300000 inf 0.000000
 -3.280000 inf 0.000000
 -3.260000 inf 0.000000
 -3.240000 inf 0.000000
 -3.220000 inf 0.000000
 -3.200000 inf 0.000000
 -3.180000 inf 0.000000
 -3.160000 inf 0.000000
 -3.140000 inf 0.000000
 -3.120000 inf 0.000000
 -3.100000 inf 0.000000
 -3.080000 inf 0.000000
 -3.060000 inf 0.000000
 -3.040000 inf 0.000000
 -3.020000 inf 0.000000
 -3.000000 inf 0.000000
 -2.980000 inf 0.000000
 -2.960000 inf 0.000000
 -2.940000 inf 0.000000
 -2.920000 inf 0.000000
 -2.900000 inf 0.000000
 -2.880000 inf 0.000000
 -2.860000 inf 0.000000
 -2.840000 inf 0.000000
 -2.820000 inf 0.000000
 -2.800000 inf 0.000000
 -2.780000 inf 0.000000
 -2.760000 inf 0.000000
 -2.740000 inf 0.000000
 -2.720000 inf 0.000000
 -2.700000 inf 0.000000
 -2.680000 inf 0.000000
 -2.660000 inf 0.000000
 -2.640000 inf 0.000000
 -2.620000 inf 0.000000
 -2.600000 inf 0.000000
 -2.580000 inf 0.000000
 -2.560000 inf 0.000000
 -2.540000 inf 0.000000
 -2.520000 inf 0.000000
 -2.500000 inf 0.000000
 -2.480000 inf 0.000000
 -2.460000 inf 0.000000
 -2.440000 inf 0.000000
 -2.420000 inf 0.000000
 -2.400000 inf 0.000000
 -2.380000 inf 0.000000
 -2.360000 inf 0.000000
 -2.340000 inf 0.000000
 -2.320000 inf 0.000000
 -2.300000 inf 0.000000
 -2.280000 inf 0.000000
 -2.260000 inf 0.000000
 -2.240000 inf 0.000000
 -2.220000 inf 0.000000
 -2.200000 inf 0.000000
 -2.180000 inf 0.000000
 -2.160000 inf 0.000000
 -2.140000 inf 0.000000
 -2.120000 inf 0.000000
 -2.100000 inf 0.000000
 -2.080000 55.099897 -494.274256
 -2.060000 46.984840 -319.055914
 -2.040000 42.108713 -180.360918
 -2.020000 39.029945 -141.422412
 -2.000000 36.292828 -135.430835
 -1.980000 33.709700 -123.406266
 -1.960000 31.165552 -126.602518
 -1.940000 28.802990 -112.600788
 -1.920000 26.528249 -111.890233
 -1.900000 24.375077 -113.350637
 -1.880000 22.233701 -84.170151
 -1.860000 20.767358 -75.878263
 -1.840000 19.116833 -86.506850
 -1.820000 17.434695 -81.091408
 -1.800000 15.717358 -94.014764
 -1.780000 13.980838 -68.439129
 -1.760000 12.776985 -64.078591
 -1.740000 11.409483 -68.407881
 -1.720000 9.999158 -70.724925
 -1.700000 8.723597 -57.764576
 -1.680000 7.642648 -56.680283
 -1.660000 6.264522 -70.963092
 -1.640000 5.119609 -37.832737
 -1.620000 4.632596 -21.140757
 -1.600000 4.146188 -27.245538
 -1.580000 3.567986 -28.937060
 -1.560000 2.950783 -33.154005
 -1.540000 2.319168 -27.978399
 -1.520000 1.759499 -31.677447
 -1.500000 1.123104 -24.778433
 -1.480000 0.750802 -20.490485
 -1.460000 0.288615 -20.526183
 -1.440000 0.003288 -12.534026
 -1.420000 -0.323593 -18.174833
 -1.400000 -0.578397 -3.139775
 -1.380000 -0.562509 -2.908904
 -1.360000 -0.711301 -6.059271
 -1.340000 -0.759083 -0.889143
 -1.320000 -0.768446 -0.286062
 -1.300000 -0.784412 -0.147863
 -1.280000 -0.742331 1.785695
 -1.260000 -0.756249 -0.292343
 -1.240000 -0.696283 4.304873
 -1.220000 -0.622137 3.730707
 -1.200000 -0.505870 10.342044
 -1.180000 -0.242893 9.722617
 -1.160000 -0.100669 7.432761
 -1.140000 -0.008447 1.302604
 -1.120000 0.092366 10.539393
 -1.100000 0.293815 8.310386
 -1.080000 0.397465 0.642644
 -1.060000 0.499209 15.566901
 -1.040000 1.046083 28.042457
 -1.020000 1.274669 -0.468358
 -1.000000 1.342847 14.252877
 -0.980000 1.867610 28.240954
 -0.960000 2.323174 23.369032
 -0.940000 2.724711 14.060973
 -0.920000 2.971561 16.686852
 -0.900000 3.400148 21.408168
 -0.880000 3.836107 19.940893
 -0.860000 4.176647 14.453008
 -0.840000 4.376143 9.213968
 -0.820000 4.564659 10.520125
 -0.800000 4.903363 15.883974
 -0.780000 5.020287 7.716549
 -0.760000 5.623561 43.747964
 -0.740000 6.268622 23.657375
 -0.720000 6.704230 23.250506
 -0.700000 7.286327 32.638580
 -0.680000 7.756267 12.571977
 -0.660000 8.100934 21.457444
 -0.640000 8.520301 23.899900
 -0.620000 9.017172 24.705146
 -0.600000 9.442869 16.519870
 -0.580000 9.746645 18.149365
 -0.560000 10.135228 21.208016
 -0.540000 10.811002 38.178750
 -0.520000 11.198650 8.687215
 -0.500000 11.468649 18.877669
 -0.480000 11.861309 19.744966
 -0.460000 12.412098 33.134935
 -0.440000 13.013810 25.562141
 -0.420000 13.366383 11.977581
 -0.400000 13.751021 26.240492
 -0.380000 14.212737 16.396849
 -0.360000 14.361538 3.356739
 -0.340000 14.496840 8.941285
 -0.320000 14.779228 19.556669
 -0.300000 15.060943 8.623387
 -0.280000 15.221310 7.153921
 -0.260000 15.371296 3.453473
 -0.240000 15.075645 -20.283836
 -0.220000 15.085557 19.719535
 -0.200000 15.623964 24.972019
 -0.180000 15.907039 6.380170
 -0.160000 16.087768 13.723484
 -0.140000 16.400508 14.756117
 -0.120000 16.536562 -2.320787
 -0.100000 16.523624 4.614291
 -0.080000 16.595400 -0.571039
 -0.060000 16.388822 -30.625484
 -0.040000 15.828282 -4.090665
 -0.020000 16.046477 13.243473
 0.000000 16.119447 -20.159122
 0.020000 15.443204 -15.360482
 0.040000 15.607051 11.470329
 0.060000 15.738245 11.833035
 0.080000 16.209254 22.792709
 0.100000 16.403695 1.052202
 0.120000 16.386699 -0.151889
 0.140000 16.384610 0.127498
 0.160000 16.391548 -0.616987
 0.180000 16.337078 -6.317443
 0.200000 16.117223 -10.277333
 0.220000 15.996189 -2.947000
 0.240000 15.957831 -2.064095
 0.260000 15.890702 -6.427743
 0.280000 15.705353 -10.541331
 0.300000 15.449281 -19.085955
 0.320000 15.048895 -16.051748
 0.340000 14.700002 -20.195926
 0.360000 14.235235 -23.798595
 0.380000 13.837570 -19.269842
 0.400000 13.427470 -19.826806
 0.420000 13.000651 -25.662631
 0.440000 12.563039 -16.894616
 0.460000 12.226850 -18.397758
 0.480000 11.860129 -15.186382
 0.500000 11.500242 -24.273351
 0.520000 10.906340 -32.498876
 0.540000 10.504172 -6.326453
 0.560000 10.298754 -22.737302
 0.580000 9.717186 -26.164726
 0.600000 9.242210 -22.754046
 0.620000 8.813258 -21.680867
 0.640000 8.557712 -1.973604
 0.660000 8.426989 -16.210281
 0.680000 8.064278 -16.700357
 0.700000 7.725828 -17.512706
 0.720000 7.372551 -17.456767
 0.740000 7.045478 -16.537863
 0.760000 6.638181 -25.003185
 0.780000 6.062140 -28.852343
 0.800000 5.562599 -24.179352
 0.820000 5.128978 -16.990164
 0.840000 4.729331 -25.326284
 0.860000 4.173295 -25.549086
 0.880000 3.768286 -18.767270
 0.900000 3.409314 -16.676498
 0.920000 3.054323 -20.842386
 0.940000 2.658973 -16.945026
 0.960000 2.382149 -11.366789
 0.980000 2.145866 -13.074997
 1.000000 1.808869 -20.466599
 1.020000 1.324716 -28.685101
 1.040000 0.860837 -13.906962
 1.060000 0.622014 -11.419002
 1.080000 0.386635 -15.766609
 1.100000 0.029058 -14.927172
 1.120000 -0.207859 -11.471006
 1.140000 -0.438165 -12.797515
 1.160000 -0.597364 -2.027282
 1.180000 -0.721185 -8.681086
 1.200000 -0.783882 -0.594693
 1.220000 -0.881928 -4.979688
 1.240000 -0.854313 3.498813
 1.260000 -0.854261 -3.149956
 1.280000 -0.937344 -2.908909
 1.300000 -0.960073 0.204857
 1.320000 -0.905625 2.693323
 1.340000 -0.890251 2.996331
 1.360000 -0.781144 5.678093
 1.380000 -0.614241 10.367025
 1.400000 -0.457934 6.073317
 1.420000 -0.269785 12.848917
 1.440000 0.055607 20.058902
 1.460000 0.460578 18.055009
 1.480000 0.857861 20.035300
 1.500000 1.181263 15.519536
 1.520000 1.615174 29.023796
 1.540000 2.216197 30.255589
 1.560000 2.830249 31.147817
 1.580000 3.581096 42.529879
 1.600000 4.355669 34.842999
 1.620000 5.137186 48.517826
 1.640000 6.249527 52.465234
 1.660000 7.214605 52.113237
 1.680000 8.349056 55.867950
 1.700000 9.491906 59.528418
 1.720000 10.635429 55.474606
 1.740000 11.867250 63.731190
 1.760000 13.205125 74.548551
 1.780000 14.715508 74.719276
 1.800000 16.266278 78.275915
 1.820000 17.820302 75.746063
 1.840000 19.180912 67.759119
 1.860000 20.813457 89.756261
 1.880000 22.546446 79.310927
 1.900000 24.101395 92.758197
 1.920000 26.379990 118.188864
 1.940000 28.690228 115.055002
 1.960000 31.244845 137.210342
 1.980000 33.809011 114.685454
 2.000000 36.179238 128.575604
 2.020000 39.121668 164.426748
 2.040000 43.030169 231.134733
 2.060000 49.195843 359.983666
 2.080000 inf 0.000000
 2.100000 inf 0.000000
 2.120000 inf 0.000000
 2.140000 inf 0.000000
 2.160000 inf 0.000000
 2.180000 inf 0.000000
 2.200000 inf 0.000000
 2.220000 inf 0.000000
 2.240000 inf 0.000000
 2.260000 inf 0.000000
 2.280000 inf 0.000000
 2.300000 inf 0.000000
 2.320000 inf 0.000000
 2.340000 inf 0.000000
 2.360000 inf 0.000000
 2.380000 inf 0.000000
 2.400000 inf 0.000000
 2.420000 inf 0.000000
 2.440000 inf 0.000000
 2.460000 inf 0.000000
 2.480000 inf 0.000000
 2.500000 inf 0.000000
 2.520000 inf 0.000000
 2.540000 inf 0.000000
 2.560000 inf 0.000000
 2.580000 inf 0.000000
 2.600000 inf 0.000000
 2.620000 inf 0.000000
 2.640000 inf 0.000000
 2.660000 inf 0.000000
 2.680000 inf 0.000000
 2.700000 inf 0.000000
 2.720000 inf 0.000000
 2.740000 inf 0.000000
 2.760000 inf 0.000000
 2.780000 inf 0.000000
 2.800000 inf 0.000000
 2.820000 inf 0.000000
 2.840000 inf 0.000000
 2.860000 inf 0.000000
 2.880000 inf 0.000000
 2.900000 inf 0.000000
 2.920000 inf 0.000000
 2.940000 inf 0.000000
 2.960000 inf 0.000000
 2.980000 inf 0.000000
 3.000000 inf 0.000000
 3.020000 inf 0.000000
 3.040000 inf 0.000000
 3.060000 inf 0.000000
 3.080000 inf 0.000000
 3.100000 inf 0.000000
 3.120000 inf 0.000000
 3.140000 inf 0.000000
 3.160000 inf 0.000000
 3.180000 inf 0.000000
 3.200000 inf 0.000000
 3.220000 inf 0.000000
 3.240000 inf 0.000000
 3.260000 inf 0.000000
 3.280000 inf 0.000000
 3.300000 inf 0.000000
 3.320000 inf 0.000000
 3.340000 inf 0.000000
 3.360000 inf 0.000000
 3.380000 inf 0.000000
 3.400000 inf 0.000000
 3.420000 inf 0.000000
 3.440000 inf 0.000000
 3.460000 inf 0.000000
 3.480000 inf 0.000000
 3.500000 inf 0.000000
 3.520000 inf 0.000000
 3.540000 inf 0.000000
 3.560000 inf 0.000000
 3.580000 inf 0.000000
 3.600000 inf 0.000000
 3.620000 inf 0.000000
 3.640000 inf 0.000000
 3.660000 inf 0.000000
 3.680000 inf 0.000000
 3.700000 inf 0.000000
 3.720000 inf 0.000000
 3.740000 inf 0.000000
 3.760000 inf 0.000000
 3.780000 inf 0.000000
 3.800000 inf 0.000000
 3.820000 inf 0.000000
 3.840000 inf 0.000000
 3.860000 inf 0.000000
 3.880000 inf 0.000000
 3.900000 inf 0.000000
 3.920000 inf 0.000000
 3.940000 inf 0.000000
 3.960000 inf 0.000000
 3.980000 inf 0.000000
 4.000000 inf 0.000000
