#! FIELDS p.x fes dfes_p.x
#! SET normalisation  1.000000
#! SET min_p.x -4
#! SET max_p.x 4
#! SET nbins_p.x  400
#! SET periodic_p.x false
 -4.000000 inf 0.000000
 -3.980000 inf 0.000000
 -3.960000 inf 0.000000
 -3.940000 inf 0.000000
 -3.920000 inf 0.000000
 -3.900000 inf 0.000000
 -3.880000 inf 0.000000
 -3.860000 inf 0.000000
 -3.840000 inf 0.000000
 -3.820000 inf 0.000000
 -3.800000 inf 0.000000
 -3.780000 inf 0.000000
 -3.760000 inf 0.000000
 -3.740000 inf 0.000000
 -3.720000 inf 0.000000
 -3.700000 inf 0.000000
 -3.680000 inf 0.000000
 -3.660000 inf 0.000000
 -3.640000 inf 0.000000
 -3.620000 inf 0.000000
 -3.600000 inf 0.000000
 -3.580000 inf 0.000000
 -3.560000 inf 0.000000
 -3.540000 inf 0.000000
 -3.520000 inf 0.000000
 -3.500000 inf 0.000000
 -3.480000 inf 0.000000
 -3.460000 inf 0.000000
 -3.440000 inf 0.000000
 -3.420000 inf 0.000000
 -3.400000 inf 0.000000
 -3.380000 inf 0.000000
 -3.360000 inf 0.000000
 -3.340000 inf 0.000000
 -3.320000 inf 0.000000
 -3.300000 inf 0.000000
 -3.280000 inf 0.000000
 -3.260000 inf 0.000000
 -3.240000 inf 0.000000
 -3.220000 inf 0.000000
 -3.200000 inf 0.000000
 -3.180000 inf 0.000000
 -3.160000 inf 0.000000
 -3.140000 inf 0.000000
 -3.120000 inf 0.000000
 -3.100000 inf 0.000000
 -3.080000 inf 0.000000
 -3.060000 inf 0.000000
 -3.040000 inf 0.000000
 -3.020000 inf 0.000000
 -3.000000 inf 0.000000
 -2.980000 inf 0.000000
 -2.960000 inf 0.000000
 -2.940000 inf 0.000000
 -2.920000 inf 0.000000
 -2.900000 inf 0.000000
 -2.880000 inf 0.000000
 -2.860000 inf 0.000000
 -2.840000 inf 0.000000
 -2.820000 inf 0.000000
 -2.800000 inf 0.000000
 -2.780000 inf 0.000000
 -2.760000 inf 0.000000
 -2.740000 inf 0.000000
 -2.720000 inf 0.000000
 -2.700000 inf 0.000000
 -2.680000 inf 0.000000
 -2.660000 inf 0.000000
 -2.640000 inf 0.000000
 -2.620000 inf 0.000000
 -2.600000 inf 0.000000
 -2.580000 inf 0.000000
 -2.560000 inf 0.000000
 -2.540000 inf 0.000000
 -2.520000 inf 0.000000
 -2.500000 inf 0.000000
 -2.480000 inf 0.000000
 -2.460000 inf 0.000000
 -2.440000 inf 0.000000
 -2.420000 inf 0.000000
 -2.400000 inf 0.000000
 -2.380000 inf 0.000000
 -2.360000 inf 0.000000
 -2.340000 inf 0.000000
 -2.320000 inf 0.000000
 -2.300000 inf 0.000000
 -2.280000 inf 0.000000
 -2.260000 inf 0.000000
 -2.240000 inf 0.000000
 -2.220000 inf 0.000000
 -2.200000 inf 0.000000
 -2.180000 inf 0.000000
 -2.160000 inf 0.000000
 -2.140000 inf 0.000000
 -2.120000 inf 0.000000
 -2.100000 inf 0.000000
 -2.080000 55.369197 -494.954089
 -2.060000 47.238325 -320.035646
 -2.040000 42.327183 -183.298572
 -2.020000 39.169229 -145.554192
 -2.000000 36.383878 -134.852981
 -1.980000 33.830474 -122.555297
 -1.960000 31.310817 -125.212774
 -1.940000 28.965073 -112.037407
 -1.920000 26.704125 -111.609376
 -1.900000 24.548916 -112.262446
 -1.880000 22.423532 -85.693013
 -1.860000 20.871762 -81.605592
 -1.840000 19.120007 -90.540756
 -1.820000 17.334895 -86.374161
 -1.800000 15.679906 -84.709803
 -1.780000 14.030380 -70.088333
 -1.760000 12.668632 -75.859745
 -1.740000 11.286768 -57.864201
 -1.720000 10.006578 -70.776766
 -1.700000 8.690407 -58.413717
 -1.680000 7.686071 -48.826417
 -1.660000 6.422260 -68.644543
 -1.640000 5.296763 -38.615217
 -1.620000 4.784175 -22.151776
 -1.600000 4.267027 -29.252519
 -1.580000 3.642870 -30.687945
 -1.560000 3.031579 -32.917007
 -1.540000 2.382912 -27.395773
 -1.520000 1.862317 -29.869727
 -1.500000 1.229722 -26.350347
 -1.480000 0.851919 -17.631595
 -1.460000 0.454032 -18.306122
 -1.440000 0.191186 -12.755928
 -1.420000 -0.159678 -18.311265
 -1.400000 -0.385435 -2.221903
 -1.380000 -0.386812 -5.259462
 -1.360000 -0.576255 -6.319310
 -1.340000 -0.615022 -1.047179
 -1.320000 -0.650718 -2.501785
 -1.300000 -0.708123 -2.026344
 -1.280000 -0.720884 -0.913170
 -1.260000 -0.776539 -3.216393
 -1.240000 -0.772783 2.516526
 -1.220000 -0.689689 6.145211
 -1.200000 -0.544457 9.243786
 -1.180000 -0.357956 5.441555
 -1.160000 -0.229301 9.617005
 -1.140000 -0.080504 4.077451
 -1.120000 0.032056 9.120898
 -1.100000 0.232963 9.310301
 -1.080000 0.342575 -0.114219
 -1.060000 0.402748 14.113778
 -1.040000 0.894013 23.752107
 -1.020000 1.085181 -0.988635
 -1.000000 1.180845 15.520278
 -0.980000 1.704566 31.543867
 -0.960000 2.218083 20.007596
 -0.940000 2.574958 19.660097
 -0.920000 2.966972 18.766230
 -0.900000 3.353290 17.779174
 -0.880000 3.714503 16.410059
 -0.860000 3.977550 10.993361
 -0.840000 4.248471 19.200270
 -0.820000 4.630431 16.987161
 -0.800000 5.053297 19.135761
 -0.780000 5.233012 9.918312
 -0.760000 5.828342 41.298915
 -0.740000 6.442355 22.946172
 -0.720000 6.868200 23.121589
 -0.700000 7.446961 32.596274
 -0.680000 7.943017 14.717216
 -0.660000 8.311948 21.851831
 -0.640000 8.733814 23.866445
 -0.620000 9.226887 23.974599
 -0.600000 9.636432 15.975341
 -0.580000 9.934065 18.072065
 -0.560000 10.324487 21.593606
 -0.540000 10.969046 33.514821
 -0.520000 11.343666 14.006211
 -0.500000 11.693429 18.587189
 -0.480000 12.064389 20.424510
 -0.460000 12.631903 33.141213
 -0.440000 13.222221 24.478533
 -0.420000 13.555857 11.198022
 -0.400000 13.914904 24.696475
 -0.380000 14.348062 14.885384
 -0.360000 14.455958 1.023298
 -0.340000 14.570330 9.176430
 -0.320000 14.831288 16.227176
 -0.300000 15.048901 9.550022
 -0.280000 15.290041 10.578652
 -0.260000 15.482721 6.154254
 -0.240000 15.275707 -16.975401
 -0.220000 15.307627 19.106408
 -0.200000 15.794537 21.721632
 -0.180000 16.068582 8.829276
 -0.160000 16.302331 14.712127
 -0.140000 16.608816 14.472738
 -0.120000 16.751797 -1.536573
 -0.100000 16.757447 5.588307
 -0.080000 16.849418 0.364967
 -0.060000 16.658737 -29.652146
 -0.040000 16.110975 -4.073374
 -0.020000 16.318085 12.191461
 0.000000 16.380586 -19.235381
 0.020000 15.720086 -15.526874
 0.040000 15.873143 11.231136
 0.060000 16.004177 11.480676
 0.080000 16.451665 20.966014
 0.100000 16.604651 -1.006824
 0.120000 16.560334 -0.536707
 0.140000 16.560809 1.425364
 0.160000 16.611658 0.915839
 0.180000 16.570427 -6.105856
 0.200000 16.359898 -9.853081
 0.220000 16.240889 -3.218811
 0.240000 16.177226 -3.501299
 0.260000 16.112026 -5.551550
 0.280000 15.932756 -10.553885
 0.300000 15.680192 -18.609527
 0.320000 15.285263 -16.477573
 0.340000 14.915877 -21.438422
 0.360000 14.436291 -24.492502
 0.380000 14.011251 -20.441088
 0.400000 13.594893 -19.996565
 0.420000 13.154072 -26.650383
 0.440000 12.706251 -15.772157
 0.460000 12.399373 -17.607072
 0.480000 12.051900 -14.252877
 0.500000 11.694899 -24.877928
 0.520000 11.096757 -31.668675
 0.540000 10.713623 -5.720040
 0.560000 10.521528 -21.386242
 0.580000 9.967473 -25.428716
 0.600000 9.501858 -22.421808
 0.620000 9.074377 -21.864634
 0.640000 8.801313 -3.789401
 0.660000 8.627774 -18.094340
 0.680000 8.212947 -20.580124
 0.700000 7.798268 -20.611957
 0.720000 7.307751 -31.455605
 0.740000 6.894945 -1.408458
 0.760000 6.734678 -24.767661
 0.780000 6.143895 -27.521501
 0.800000 5.687339 -22.417173
 0.820000 5.249340 -19.270167
 0.840000 4.823690 -24.424998
 0.860000 4.283652 -25.739222
 0.880000 3.901551 -16.472424
 0.900000 3.568585 -16.434908
 0.920000 3.207913 -21.309122
 0.940000 2.793183 -17.959770
 0.960000 2.517159 -10.952687
 0.980000 2.272659 -14.328619
 1.000000 1.908391 -21.286768
 1.020000 1.425880 -27.155152
 1.040000 0.995076 -13.117209
 1.060000 0.763339 -11.539831
 1.080000 0.523830 -14.762938
 1.100000 0.197944 -13.852869
 1.120000 -0.034690 -12.039645
 1.140000 -0.273024 -12.219742
 1.160000 -0.425614 -2.643506
 1.180000 -0.562883 -9.477177
 1.200000 -0.660251 -3.032950
 1.220000 -0.780465 -5.374371
 1.240000 -0.793364 0.836347
 1.260000 -0.829070 -4.781552
 1.280000 -0.919206 -1.789862
 1.300000 -0.925135 0.123598
 1.320000 -0.882663 2.998696
 1.340000 -0.829424 4.957231
 1.360000 -0.704770 5.826548
 1.380000 -0.514948 12.363719
 1.400000 -0.339069 6.372565
 1.420000 -0.149590 12.326599
 1.440000 0.150678 18.813493
 1.460000 0.571343 19.660353
 1.480000 0.965902 19.324034
 1.500000 1.299499 16.363480
 1.520000 1.734608 28.569059
 1.540000 2.328895 30.091496
 1.560000 2.933919 30.105196
 1.580000 3.684390 42.864234
 1.600000 4.443605 33.589095
 1.620000 5.217870 48.665064
 1.640000 6.297816 50.260740
 1.660000 7.232150 49.706152
 1.680000 8.300678 53.214646
 1.700000 9.377134 55.504718
 1.720000 10.516700 58.761084
 1.740000 11.810861 67.152503
 1.760000 13.191932 74.435991
 1.780000 14.720919 76.594383
 1.800000 16.290850 78.643611
 1.820000 17.857751 76.989537
 1.840000 19.270954 70.096589
 1.860000 20.913769 89.720392
 1.880000 22.651005 79.601288
 1.900000 24.235435 93.341625
 1.920000 26.449873 113.064737
 1.940000 28.731090 117.138231
 1.960000 31.305683 137.163754
 1.980000 33.901819 118.437323
 2.000000 36.332859 129.844500
 2.020000 39.293650 165.972647
 2.040000 43.260584 234.501373
 2.060000 49.495916 359.983666
 2.080000 inf 0.000000
 2.100000 inf 0.000000
 2.120000 inf 0.000000
 2.140000 inf 0.000000
 2.160000 inf 0.000000
 2.180000 inf 0.000000
 2.200000 inf 0.000000
 2.220000 inf 0.000000
 2.240000 inf 0.000000
 2.260000 inf 0.000000
 2.280000 inf 0.000000
 2.300000 inf 0.000000
 2.320000 inf 0.000000
 2.340000 inf 0.000000
 2.360000 inf 0.000000
 2.380000 inf 0.000000
 2.400000 inf 0.000000
 2.420000 inf 0.000000
 2.440000 inf 0.000000
 2.460000 inf 0.000000
 2.480000 inf 0.000000
 2.500000 inf 0.000000
 2.520000 inf 0.000000
 2.540000 inf 0.000000
 2.560000 inf 0.000000
 2.580000 inf 0.000000
 2.600000 inf 0.000000
 2.620000 inf 0.000000
 2.640000 inf 0.000000
 2.660000 inf 0.000000
 2.680000 inf 0.000000
 2.700000 inf 0.000000
 2.720000 inf 0.000000
 2.740000 inf 0.000000
 2.760000 inf 0.000000
 2.780000 inf 0.000000
 2.800000 inf 0.000000
 2.820000 inf 0.000000
 2.840000 inf 0.000000
 2.860000 inf 0.000000
 2.880000 inf 0.000000
 2.900000 inf 0.000000
 2.920000 inf 0.000000
 2.940000 inf 0.000000
 2.960000 inf 0.000000
 2.980000 inf 0.000000
 3.000000 inf 0.000000
 3.020000 inf 0.000000
 3.040000 inf 0.000000
 3.060000 inf 0.000000
 3.080000 inf 0.000000
 3.100000 inf 0.000000
 3.120000 inf 0.000000
 3.140000 inf 0.000000
 3.160000 inf 0.000000
 3.180000 inf 0.000000
 3.200000 inf 0.000000
 3.220000 inf 0.000000
 3.240000 inf 0.000000
 3.260000 inf 0.000000
 3.280000 inf 0.000000
 3.300000 inf 0.000000
 3.320000 inf 0.000000
 3.340000 inf 0.000000
 3.360000 inf 0.000000
 3.380000 inf 0.000000
 3.400000 inf 0.000000
 3.420000 inf 0.000000
 3.440000 inf 0.000000
 3.460000 inf 0.000000
 3.480000 inf 0.000000
 3.500000 inf 0.000000
 3.520000 inf 0.000000
 3.540000 inf 0.000000
 3.560000 inf 0.000000
 3.580000 inf 0.000000
 3.600000 inf 0.000000
 3.620000 inf 0.000000
 3.640000 inf 0.000000
 3.660000 inf 0.000000
 3.680000 inf 0.000000
 3.700000 inf 0.000000
 3.720000 inf 0.000000
 3.740000 inf 0.000000
 3.760000 inf 0.000000
 3.780000 inf 0.000000
 3.800000 inf 0.000000
 3.820000 inf 0.000000
 3.840000 inf 0.000000
 3.860000 inf 0.000000
 3.880000 inf 0.000000
 3.900000 inf 0.000000
 3.920000 inf 0.000000
 3.940000 inf 0.000000
 3.960000 inf 0.000000
 3.980000 inf 0.000000
 4.000000 inf 0.000000
