#! FIELDS p.x hh dhh_p.x
#! SET normalisation  2000000.000000
#! SET min_p.x -4
#! SET max_p.x 4
#! SET nbins_p.x  399
#! SET periodic_p.x false
 -4.000000 0.000000 0.000000
 -3.979950 0.000000 0.000000
 -3.959900 0.000000 0.000000
 -3.939850 0.000000 0.000000
 -3.919799 0.000000 0.000000
 -3.899749 0.000000 0.000000
 -3.879699 0.000000 0.000000
 -3.859649 0.000000 0.000000
 -3.839599 0.000000 0.000000
 -3.819549 0.000000 0.000000
 -3.799499 0.000000 0.000000
 -3.779449 0.000000 0.000000
 -3.759398 0.000000 0.000000
 -3.739348 0.000000 0.000000
 -3.719298 0.000000 0.000000
 -3.699248 876591527165527936.000000 69938661866161414144.000000
 -3.679198 369249576811848872161756315648.000000 29540191746442272417098990878720.000000
 -3.659148 37309101292722955782410861773741621248.000000 2976683965648197987080689560095924682752.000000
 -3.639098 11348262885314011006071898618852145963384963072.000000 906351640799750170822528859494278282997720416256.000000
 -3.619048 8526274839887429071566722395819571584753911939100311552.000000 681369806407155755605562408645980168672439468010038624256.000000
 -3.598997 3182676858354232419377461356672683284380916356119729006008336384.000000 253250865148208649407081940981681463328480699992624837501338517504.000000
 -3.578947 1394331575476445342013213325558380864765558679512322542531612200163868672.000000 111074664822946130522397149163584791843954810058496812182125741051081654272.000000
 -3.558897 16882876575032656093650442971892000606219310567768979802617861712012655439380480.000000 1338714558638388646988938728686108090485013074596418704145302792230259496664956928.000000
 -3.538847 2805074830951743445326148692911568801601928820108954163197694596127682576660457985146880.000000 224762241720478952138569358871085528540641434127350775909680202202324633421661185566048256.000000
 -3.518797 43246586466177336940821601065677590088027792547366392807267906344550230798608908441604069523456.000000 3435433642056627598630315453650495610026599254321287732552848820454248855894377655886534871613440.000000
 -3.498747 291446133711203249511302387281373054052972928401460719656376771482917431753356685838894316401169793024.000000 23206552094580011656366625377392639744363437512499977297003710581095785881568873952836194863973792743424.000000
 -3.478697 147991535143328958874166570688264313832250835740062133169963684175420404818056159579376572870369271825301504.000000 11580674601991069336510472844086325739096004433543255844914853478076789715787600864270077475025338252530810880.000000
 -3.458647 9476779075285796267424259099623062270805969920548547212405946172153951449356684248553928880656416537852427244666880.000000 758634840043211958773505444088004789705102793105930075081634572988788786953002851206340178869891004910246290553569280.000000
 -3.438596 8279166095725473402818643938245308017660377341105041911773715737327964211355264923853758162955040116134169793519268397056.000000 653931117572067460626918846694235279302028876000545990379518387203125358418192991684163675547331863400830269394045334716416.000000
 -3.418546 226399260470520653290159141102771819013513120683255602890384779460573887894608203944496546656784390571189996042119492628283129856.000000 18131917369026631328587830419779692234685076995842072595913727707379575724796329021211494911640957397254757224361212652436378877952.000000
 -3.398496 439551131984317717285785009361817383218246589426597960386225263856427743571609944039223786427945877380569747635511975970547531786485760.000000 34994633105372031372021490647871528362533723027327101776291426431801065619182805292142858646653566331809820251797502062701507480442109952.000000
 -3.378446 1212450305914221152501027718397683278775331633565194703148134639460301906613651069354394706922063174606604245006289098511787644339325918773248.000000 96090489191845527313359492937496219923975213342864422437412659611174708610566917104520120035882837841930892244500947419119965247886845536108544.000000
 -3.358396 6087575372411787851433858159038956475543759747625733889857010964413970724068198358998382786596091477165499762551860832790142603261513571606533767168.000000 481812452068934959545811811140129415996066117401237513350720735365205001053113335043199352197143727469753669864286610379761905614578776815064831754240.000000
 -3.338346 23456022329992405972619344428292570411686631474195331295775717569951817482865114785087726681370282758497112940973909411941781533771805464739203975405895680.000000 1865597109346409288270595850397960449412216115343142891574282111507883781487591152394042792139032141471974335500746878101088421691469792618987660971631181824.000000
 -3.318296 40204282807135114765046793032615365972651221313699238650551381162678051435669607713677831951143770133427263531392967676561317089219653746593804792423991138582528.000000 3181854918916956252979840679857404614764832743711587764143069016528116334363696564121918823726764049076188711587600381193975282881101106035801192227514770945736704.000000
 -3.298246 15413033708062797442575351317701274198176039462104218862222787629097897240416342175040624427561459699807808159935353259292348524609753950243477700972432351590029983744.000000 1211333006695428423996556505916252286215997163689896326776332660502523267035669914774579738966724523556631070636805869088333866414054076106507264807049225897791392317440.000000
 -3.278195 55517373982288716565065094521548194742548322549777278557356258576985536797468234770248264883489326301655486458940434859050146339611932546523497586700354492809124666513817600.000000 4416818440190644340405631412650384453981989757230690121542339925161737831945288647352671064168074777398477114479848697414903479736952045792018700780057843543110552205349879808.000000
 -3.258145 14396290286982080274641606644506323124755562946965516162637844404199306490526281009702014470593415767239293938215393634043592066191483226208777900475663823546406222076083785695232.000000 1141577761729472425163358113288998108435071212556480035440534456360845190531427893860951089717512453092506688881143125117505812747568401611911938066623720460616021338356097780547584.000000
 -3.238095 16702312799916674502819558577553943470070362769853077224503135514862905777958874295262271361805632864794315483711829367736611138514045020377217138002170142228328161955770449741163266048.000000 1329520220158658557818598247752868442308109658248985339990205957030016362957536714354927583876150991205281187065091321306927644578441123631838055232654140116664879211748971260854268854272.000000
 -3.218045 3344122969989802683995266270166029848112552082903962020858923883833220767065507630697285882606320099799664688303377033816041894874124606697772032366121002572510260750239528082428252611674112.000000 265399500109056349575956836785595087083474825683697173506505966422935447522567892963856507622988232637124508746905319676310000515326899000842145454258824482993483226709997017631598723859480576.000000
 -3.197995 1252605937466516855840321605283682351631905674748072363859609851170854853080444830240686276988564095647958509987979221737943090301125420165020647346513806947109173046452536738901738332004588453888.000000 99411488270617403594033035616772787576381158114824717267027365913306290158779201080351080381867607359047031674718712659154674335032411735577995137135189592110973029462779839884390469495004619341824.000000
 -3.177945 634991905030873940033844403887481511492090712609782847250687931179533471750930760393143471420424962661578017534066035156373753850070041049189017294840592376998711586063974044581577688646661922285944832.000000 50477932303660235757275111996285788513394926519405275345944139741982953442644942150062032878392150047287416921465391180053320671855407812955022393873318221341105078596929813354635651935802741946474037248.000000
 -3.157895 70703863334947221383864741355890236600674746636405154299377330524051514664924043327100471896597806727531303099861595920729538912555598224363153999545215974759111789012679021881449689204425839779803723464704.000000 5611908569877327140280777083395684053684314055535980141341728758440993423337815093885893393033299649360481928420097395728253555511416827054881781789688115538065401432522014133991722230606991234430178315730944.000000
 -3.137845 3616748108851112160241929184109067555033839766167012718941066736141756160247570598512408491471218357276275608188919012357254805674630000345642238022470214313311853483992617812476587061972048478479759496546615296.000000 284157666451881595141773587923957922528238213126382991632586380077878453977169006882485051781604179005395157010027663298143481986437277467700362742849019252044080787312337656448136877184703586754869932278157410304.000000
 -3.117794 2784231358435840712443119020255048666664838071510808164124194692539449232748951701932401037401517213863261335478034196508211958231672668326554274248487703561434442706004092185037045128095860493643429932633775069462528.000000 222540480868506414233102434275570669545958016296865157943217796625477427714480265757480980224769832989724903970362515216491065483133755536259193966211354434413055316916840808269610007031126325199091703188939343719825408.000000
 -3.097744 43493669075265239075387309730594695101561666404555723679943405421835336197390753357115875981245963538293844033224048640482604762957465869793698975053448169466706635574026957467647242392297783611448751333653338656648200192.000000 3397956971190673534619571200704365561962770195288338023898110619607311083939389157380905105067762691228644116701914104946476660522967043974196070280757441525074232974081696715835156562613798137449976671145063371429411553280.000000
 -3.077694 3469803909249772580661655944134742569608530781099531532154544653315005491996790181124855015207878019363956950750546610966875907573541406751427141880643899170863886444045040123240043846121858115490014852827365369712396048793600.000000 271755712733831144559540739397857582858447320655650022228363098292742247422714865962832196492866052281049336489382290853044477282273387782823373201146943450635202172788901738596025260274387377799260436138098551029288312196038656.000000
 -3.057644 527263201774664902394395187000983192970723375822185229183804919382857968939282396668346210691458708297511331381094211667998148134978500772012386590107345033949283222432415900526169289559900584082815289915931985227995613358142259200.000000 41562463935125014729888575434327158069968387783610374444360970182288647935281946781210466669166501581164119818429450283875721312996754455457352739977573849158427551182373263191147185568346091642032932443779461842643982924837977849856.000000
 -3.037594 12501336601052645801499108818985320266385030060942397636310774770814872845495482881158705771407142231999204863419642172389617992665441343742401000570430477024309632173658774897241901220262650047936080686666601769152650464517656777064448.000000 984298564253881132461629661624253114933305453881620481857015573410284552736274985329808944775814834349220062064276518130169980881885787881944283466433546899475988472838404193520241585978595456414087684549510288519047724422310265008160768.000000
 -3.017544 635323245316635233779364210778848158106728202969845073732792785374750954988673368052621868833373906208569040597931104807724988174024458264861045520295733990101743120415348777987469592341018439543505131560127611861954492346951882370025783296.000000 50055458613424896763418454609208413097579141566402041882696692127125724441884433124449715408464907174947020200268121260880028932275131836820769239317314879340519681467656096418913918046582367877892431644615463430958437322100527762708312883200.000000
 -2.997494 22275817884539937949443080312735906657191672263590402733505640323265821872564195357213734682480504420009660765707203790995909671711964333926788129889581294545966022489396248038672836678698348297554259005565458028279944756163014656188906217668608.000000 1779430842201488371558990068370415693169371650525026064545257873205828604650819961321104864272054566500006432587102848856646270115945337808593638862832442136554704042302232568402548589866262897542256358193452158308189311121122611348398689822441472.000000
 -2.977444 201970120601056322803041548519783101608948383850632683640851696404515089289749680889501276283313148006932423669186567800420059133259473084222011316607460668801460572721391008532703575838132132749866374379824609109712841313218134977289197176001396736.000000 15970801848885408896683812127119465555502589980495475123167389573192188209190636014162879831051574136306384348492219388693957014499488065214643728744202681016767038145403341673076510887571642368554977504834596095217707856661439474682382254355951648768.000000
 -2.957393 1682924338652168677746128455987777133507699184466052978992128447062466241391363135814070147744035708500263802039757678617302992107331059583085510192193469479351186643747735731822902345617139767607952052528503741966572638033178682329751394037919234654208.000000 132759540215426848070327790278738193620198923059375585341466145820202000272134149472134858690671667436225714080841606375652526517108344469704631540647235381411747476012155464527968294577551353598962614489804604317770114855337013607109600939648422896467968.000000
 -2.937343 4677568351598053133312513416243018717367443639660142496308678077019109819309730719575371722205930662403937700179406854119396621892256546664510605544215453606009757686005688863128307908094062087343444977360353242756890112632510956589067838591231142649659392.000000 365910260845329997845053604267410114660215092279584006927021100418334740999143679231076182550108635424852574768879397361771310389348781734199377374971947807587345825759264464494141507829001851906184492689632713107469271859250267704643683165490139941321048064.000000
 -2.917293 154778932424229182706966218790543194180865543116250052538752116424542795479559514411661149217391408223563548333462362034228321066964025229014744215716901241322841758384479989323137641376449910862539648659454614246118731320327757641132242263495357287134744543232.000000 12307737321261837824198605365178322801442366877850957512714515910990829386318855736930980491237437489029156864258930184208317331903657905668833857066430689877160184142152984476355571032337124092267859509888173320243360042412154801381857431870664260366626734473216.000000
 -2.897243 129536255454750063853953057467208592017870252362681262072506203661128887843215350323131386508193371497483102180442711591906658981211049970576721696349883060971056397067282518327309189560716981559961100580718910066181284360255932199427621035053625713230046063230976.000000 10110131885082715002302386365112434722569924255025632205761075790864667778523965653076316476778142624105856932703531381327202086319093090369059639207238704850242692739607810796037459594055938847239965814706592205468960127422624567738563802115784067786205808832806912.000000
 -2.877193 1007768552833433064747587504197912027564089788293512698267663698082893858641058956813772848934404334903158738228522210876592186355701510784682949256247018105363510846309448448060392733380846773691380845417158503176011426036204284366707470816885671646719029840187490304.000000 79511298499009119575591269349129148201581802730525557465447736406775028605333740753279489126203073752093731617399017202776368616792807318422536200585108654727962752887028652238646569106294791553587213153804781555472131027019005258628892130001971620158182075055839641600.000000
 -2.857143 889798401244554820948882922177882316956138189171324001466683277472615275877431884443883645209909352244274266916796794648583076435561692504530557640299786174127946003760346807467535715020986248638596564985908867928443263475030452048212067136833327256374044135097974652928.000000 69361171991098655143364914972494308106772520760590897441791946599541868167010407155890745441883985995994724961997943070296469980932301980170094309406744611301508050721407191992075295339951262970943491850225131940057157669672795880282919118304869074703990206126785961132032.000000
 -2.837093 9711892664798319816836630346602215707505980877284762148792169405333153468868803474367654314913629312752859888083797515812046443906510207906838176680807757538381244434478016255945827766479724457302350178609172739554111327401093795556456699721969426185924660262297343212126208.000000 764482275688149084040920232686811051330142226255588698715792802326779610784377128174466369809847490161485211787146426233864420532527395294481150546032805355252482540199022148973280906795471252963581646986437765437371504041775112011197362038935707763103351369007013541948948480.000000
 -2.817043 18815498294125008546802279250497377443251338965376486073477858915644602128759249808685222965901953969620604059167042015852091145366700721765989897304750920187594160853903425020458397163078689925162004603816815643694886720082514150637373389189046486251481163704509167283967361024.000000 1479977341471395953978775022689581654901963179838922999527684351917568193226416802737456723682599083519973867521456948232001586121857601615660076440748681123650574427003374278104780394232299672586594545718703079378190157275855363777304226708959172659424137768888111714235379089408.000000
 -2.796992 110838549335052659554712253146355339984748343464777375547664680769496928759217275235212521650177166258845549642625675101194634503052692576807260561555501961874367360798374316249947447954229815770851006613483522299995564383140337967693687451187951970381603809413988057903101175136256.000000 8798765593614490995870850894984005805031869220477094336591391358029837148489387982019661686650427618002599690851122603799564639476736751969433629932196676180451397723333063336641319569505872823178506733861320387749915199878339440947012548589711680451351865610370473220745937310187520.000000
 -2.776942 178632858648537595611317987918622891413872044452868518842947025465901191190250401984359633619826422136044370955891902827833005153927027057937117781392042315977905755827503602764886091593604749871782829729374865342714969261958288330578778227139813190134050793772605245285330762145464320.000000 14115010677381786414198257376013175470391445521126338215001119352953520131649711221146772816425569931705652660172343168673296894352743535559289767014051408039560587445955905093133829367933185691008301400231460771273278081055609053696299596437035376473365556664496370770558132649684107264.000000
 -2.756892 146707187026595013861894173219709872325415230594079550790539077789616512414627354680867513477634174363045332351942364329912636727461467085258602434671364256025314665630357155546423525607048107875771582863365256503449835775468288676058459214491374740842302263269724472064980834898895962112.000000 11451653194790579025462038014307458437341496542438228690205534381613227469742105399293821524756722911303140655056208057862026945315890148716489340930256351604869045381753143442150527467536352147212716620886790004304463331715075176541286223431675510883991003145109175006693983653255287144448.000000
 -2.736842 397668519143226267904403587676274761041645504052797245887593512051530180809214833217051237282495614498351849830956376021430897459462741134071031845179560649750609587912744766557787979781571994866605078459808081226899068946802358386188596870645156791142449930863369302504143498921985932525568.000000 31206143883270150237796458902453381561293685746773392972863473034748531358477484108016608900826106997952650257397798726976798668209104681334001628279829471630911141224045001208986475257499566591822632230139684236514805863727605606801898414172964808766848144192437519067903107405445917896081408.000000
 -2.716792 442471554384170819942439776304298099933688095423935947396356071878925724076981233443789941158360431286858039552089618002518259214146923503315022556449256004751128897326436870406441104676211628102361996814570695718382209945624877280065126652447853064345320714295729687884601196396019570064752640.000000 34881890359771967365931953828873956392714533369285489166189149072697862680816909941252596823915091757988315426667497721454609198347712541439069799232068879686197243701557708635450633413303431410258692267616424282812431709344419072869714137815154754599562581968565051653447157257843603898906968064.000000
 -2.696742 199119004708502786688891679449018572129773328836385396881498191893485406976207731608369284371343728763390944594372167006524820688132585986040767612116762527831858682634990313354460043778045433380768564405743202018717508657124163592351345663746370205945215220000821743011206369988176505326641610752.000000 15663126160133486367463552597147283461719247505325769181299838305800351444759499430007346838814991138239136499298285296960580212252574617126011529208568662165225838154939071742891829938809287984665152349985019135343128594534611384393108475666593424253759047127628800894112647791330543482844261384192.000000
 -2.676692 417573169870017600006168154100642035554085111042353265437199849573381378355227385334423226174482657756528990020454100867693008409971413014840437460356132387751788757431620566760970121217125946983663683512016978931034079628237974855612228323128089296576410043998633196279104672981635568527883548753920.000000 32682559613396114183446367405046694709277014794933711962307602487038553715710462835663885081163610395647838706440845678784495860580323831823205789136230175034982638558977665137894471756996705323491667084351646807480056096405861056207951870446292443564238900441631624374853517843239964351575018625302528.000000
 -2.656642 inf inf
 -2.636591 inf inf
 -2.616541 inf inf
 -2.596491 inf inf
 -2.576441 inf inf
 -2.556391 inf inf
 -2.536341 inf inf
 -2.516291 inf inf
 -2.496241 inf inf
 -2.476190 inf nan
 -2.456140 inf nan
 -2.436090 inf nan
 -2.416040 inf nan
 -2.395990 inf nan
 -2.375940 inf nan
 -2.355890 inf nan
 -2.335840 inf nan
 -2.315789 inf nan
 -2.295739 inf nan
 -2.275689 inf nan
 -2.255639 inf nan
 -2.235589 inf nan
 -2.215539 inf nan
 -2.195489 inf nan
 -2.175439 inf nan
 -2.155388 inf nan
 -2.135338 inf nan
 -2.115288 inf nan
 -2.095238 inf nan
 -2.075188 inf nan
 -2.055138 inf nan
 -2.035088 inf nan
 -2.015038 inf nan
 -1.994987 inf nan
 -1.974937 inf nan
 -1.954887 inf nan
 -1.934837 inf nan
 -1.914787 inf nan
 -1.894737 inf nan
 -1.874687 inf nan
 -1.854637 inf nan
 -1.834586 inf nan
 -1.814536 inf nan
 -1.794486 inf nan
 -1.774436 inf nan
 -1.754386 inf nan
 -1.734336 inf nan
 -1.714286 inf nan
 -1.694236 inf nan
 -1.674185 inf nan
 -1.654135 inf nan
 -1.634085 inf nan
 -1.614035 inf nan
 -1.593985 inf nan
 -1.573935 inf nan
 -1.553885 inf nan
 -1.533835 inf nan
 -1.513784 inf nan
 -1.493734 inf nan
 -1.473684 inf nan
 -1.453634 inf nan
 -1.433584 inf nan
 -1.413534 inf nan
 -1.393484 inf nan
 -1.373434 inf nan
 -1.353383 inf nan
 -1.333333 inf nan
 -1.313283 inf nan
 -1.293233 inf nan
 -1.273183 inf nan
 -1.253133 inf nan
 -1.233083 inf nan
 -1.213033 inf nan
 -1.192982 inf nan
 -1.172932 inf nan
 -1.152882 inf nan
 -1.132832 inf nan
 -1.112782 inf nan
 -1.092732 inf nan
 -1.072682 inf nan
 -1.052632 inf nan
 -1.032581 inf nan
 -1.012531 inf nan
 -0.992481 inf nan
 -0.972431 inf nan
 -0.952381 inf nan
 -0.932331 inf nan
 -0.912281 inf nan
 -0.892231 inf nan
 -0.872180 inf nan
 -0.852130 inf nan
 -0.832080 inf nan
 -0.812030 inf nan
 -0.791980 inf nan
 -0.771930 inf nan
 -0.751880 inf nan
 -0.731830 inf nan
 -0.711779 inf nan
 -0.691729 inf nan
 -0.671679 inf nan
 -0.651629 inf nan
 -0.631579 inf nan
 -0.611529 inf nan
 -0.591479 inf nan
 -0.571429 inf nan
 -0.551378 inf nan
 -0.531328 inf nan
 -0.511278 inf nan
 -0.491228 inf nan
 -0.471178 inf nan
 -0.451128 inf nan
 -0.431078 inf nan
 -0.411028 inf nan
 -0.390977 inf nan
 -0.370927 inf nan
 -0.350877 inf nan
 -0.330827 inf nan
 -0.310777 inf nan
 -0.290727 inf nan
 -0.270677 inf nan
 -0.250627 inf nan
 -0.230576 inf nan
 -0.210526 inf nan
 -0.190476 inf nan
 -0.170426 inf nan
 -0.150376 inf nan
 -0.130326 inf nan
 -0.110276 inf nan
 -0.090226 inf nan
 -0.070175 inf nan
 -0.050125 inf nan
 -0.030075 inf nan
 -0.010025 inf nan
 0.010025 inf nan
 0.030075 inf nan
 0.050125 inf nan
 0.070175 inf nan
 0.090226 inf nan
 0.110276 inf nan
 0.130326 inf nan
 0.150376 inf nan
 0.170426 inf nan
 0.190476 inf nan
 0.210526 inf nan
 0.230576 inf nan
 0.250627 inf nan
 0.270677 inf nan
 0.290727 inf nan
 0.310777 inf nan
 0.330827 inf nan
 0.350877 inf nan
 0.370927 inf nan
 0.390977 inf nan
 0.411028 inf nan
 0.431078 inf nan
 0.451128 inf nan
 0.471178 inf nan
 0.491228 inf nan
 0.511278 inf nan
 0.531328 inf nan
 0.551378 inf nan
 0.571429 inf nan
 0.591479 inf nan
 0.611529 inf nan
 0.631579 inf nan
 0.651629 inf nan
 0.671679 inf nan
 0.691729 inf nan
 0.711779 inf nan
 0.731830 inf nan
 0.751880 inf nan
 0.771930 inf nan
 0.791980 inf nan
 0.812030 inf nan
 0.832080 inf nan
 0.852130 inf nan
 0.872180 inf nan
 0.892231 inf nan
 0.912281 inf nan
 0.932331 inf nan
 0.952381 inf nan
 0.972431 inf nan
 0.992481 inf nan
 1.012531 inf nan
 1.032581 inf nan
 1.052632 inf nan
 1.072682 inf nan
 1.092732 inf nan
 1.112782 inf nan
 1.132832 inf nan
 1.152882 inf nan
 1.172932 inf nan
 1.192982 inf nan
 1.213033 inf nan
 1.233083 inf nan
 1.253133 inf nan
 1.273183 inf nan
 1.293233 inf nan
 1.313283 inf nan
 1.333333 inf nan
 1.353383 inf nan
 1.373434 inf nan
 1.393484 inf nan
 1.413534 inf nan
 1.433584 inf nan
 1.453634 inf nan
 1.473684 inf nan
 1.493734 inf nan
 1.513784 inf nan
 1.533835 inf nan
 1.553885 inf nan
 1.573935 inf nan
 1.593985 inf nan
 1.614035 inf nan
 1.634085 inf nan
 1.654135 inf nan
 1.674185 inf nan
 1.694236 inf nan
 1.714286 inf nan
 1.734336 inf nan
 1.754386 inf nan
 1.774436 inf nan
 1.794486 inf nan
 1.814536 inf nan
 1.834586 inf nan
 1.854637 inf nan
 1.874687 inf nan
 1.894737 inf nan
 1.914787 inf nan
 1.934837 inf nan
 1.954887 inf nan
 1.974937 inf nan
 1.994987 inf nan
 2.015038 inf nan
 2.035088 inf nan
 2.055138 inf nan
 2.075188 inf nan
 2.095238 inf nan
 2.115288 inf nan
 2.135338 inf nan
 2.155388 inf nan
 2.175439 inf nan
 2.195489 inf nan
 2.215539 inf nan
 2.235589 inf nan
 2.255639 inf nan
 2.275689 inf nan
 2.295739 inf nan
 2.315789 inf nan
 2.335840 inf nan
 2.355890 inf nan
 2.375940 inf nan
 2.395990 inf nan
 2.416040 inf nan
 2.436090 inf nan
 2.456140 inf nan
 2.476190 inf -inf
 2.496241 inf -inf
 2.516291 inf -inf
 2.536341 inf -inf
 2.556391 inf -inf
 2.576441 inf -inf
 2.596491 inf -inf
 2.616541 inf -inf
 2.636591 inf -inf
 2.656642 378035095952466174479444555475204807564699874773718491740220238525346420286590251006513898729070739436371644462198216358253875029698301179833497016704321224403842541774748866200241354772319009448935572426997360520043120502792366437482646870943005735146600012828590656562803911522094672005170720669696.000000 -26707449499100112530365663123485618054160326284919710490650681118566134441130636505316196537133748780527548975266880961571317457140282833123757212481602960594200817367812816102250113857170871009596107159123195981522991376494812913256268768477143330640126717000490778462911246410127411598979885504135168.000000
 2.676692 526036224078844893624719618586385496867024661404429366767693912977092349110911968596869107008560883107986225301155682141500335115673408946228342681932503979744571757901336076460618657113446161181576859301535878531457254942543791705314180584218140474174798134533979199090112997435335527074833104896.000000 -37213556271472960296207664892777735361474377716086173004144048030899794038812041682818123327077091874688306863792023039957795296815338132198508412449224433217216392709686438844212665370254474941183340890473637283253443875059508384973230872004583558692220618139795696816366948358023556097860278681600.000000
 2.696742 571852939117287196892154604987034890384447576838827375128639643966047390708708333089966803051278208250393554900589584475529667449081823818489904914740244363403872099080413770577588385000598677750214701099317978520099028226984398552155308870040435098553268329671507130049790688898424646641123328.000000 -40576860941426673839377862559592582010351817481972771889585038049811258059708739164832992558066309465819954950845958531690597949616715134634589696122159758275897003417878657360981069867714267824723242456708979382316771734430983576887360739670186229034810330770068407617992714731533239308093751296.000000
 2.716792 661242245665641490269930858889942784396301523074506469484244775351173902070232541866103809556396496667962108678168652917132755605921850145582199020748662719495507045604064347953692257468428630279205739088551012040487558521484476413069150940356624437904919260290823830608510237281161058451456.000000 -47207618691080443423248273313824900017178175360694365147630030947961508895591273997390767025375353205596044793752589709348103894003738358792923494613925136020126871858491594799665488861224043216971958688304015161041659577843141151257495776691805388287760223445987307219125125132533894075121664.000000
 2.736842 297474649769125088504788626143375953369391848181329830472445867052847525793253961929699677098836817674006455915190852189153076887099904289010183417683031143359822066925754289353699397069891072012020732853665079466031348472829871252620132113111146965448777805992073812374116322489724305408.000000 -21065364551057163521831144599130617387648835721215693476408511274363773993455808917157683586778003574633638080293070130159738711620418980891416028426914156938268355423867272722066043915505727325367334951384920645678942101695609973292893631859825435349124289470823038611280728499636771225600.000000
 2.756892 262550220687402579279817405776701017240727791443278972859424122426055287531341876423798184876998877408349492718217799726218556726496961845905729586028652472584086998248265699226397029699276383677204427467598604818212702048720526111142498061761263180019847169481307967776101141525299200.000000 -18603254285658942304136554304893600641788535038681345709595537525395863281986595856130686370847507845431567621010261357531155212631057176840912416973982954502834913635482131601364015784635570255865356517883705404680743327453064193861374901477505738909616970513672237548960541005412564992.000000
 2.776942 205427867824720213493709402995203068635445961557236371869473354834212880572834178766890605665379947639916617834522430931459385858713310656634398501459097924155119289836372904002302751438223373090287554270385128180585517885534084268800255742562692596270867379056581590728366635352064.000000 -14597508834512632170550097559148729222854765899203893013881947717324587036547793758832507334166735244973488611961522845789198495401148379380152928762454188246676524693729131697659652827369432979128491592938291263805979703122770932066601649228493600201237913243305795668197244206579712.000000
 2.796992 182676094179101032141535516926727620861224469460103273269913096260433356761812374599416436466663215642729597003182228305060282234333947557293711364915660143425774911045688745804958842399950967487616658951870540773595424940875444109564509195916414364438149082459242266387424477184.000000 -12938435920378337243277012923365352910644636233434177632278704836279584993885211891470349822282470239785015160277511411564600014095613563635968474662810028116744332323518269391576350071600259593738644940388507919884725551072140640815887108246558806899615839753642011956483027107840.000000
 2.817043 112906392128697338765179868002301751008801268726759592655283083380163912158313346328589446811922391309740544058787962183840589664623307278433940313813796869293366394651597546870082536575207158618986749190564728333750557495883236702449323991881474469135520850985176817666621440.000000 -7987950049350170048999811626549167208052268645112671472250223032779363733825064071231043284880269202542899714076986744373399694286382247593963153638412462047720932531080970736710656270386620153794418786560610554813895768732576062063117922323049425962705730968563563668959133696.000000
 2.837093 28377910866222555254266808139193798451622719747521693286862022387970999768575583354687701118134146783314904638648074918266251557008843111025319583131237872744649781910489076720753043274664026032230677014467682920899476141077706924084556968657678337141564896079273315532800.000000 -2001975810080284698949565647671075479362153897436760635076074368518695241053971308293176336561238938563602072153515800499560187319465760022082424845477085727655775300713503961799879132249689162675926373778883256936439994746257980605578942662763549912219287706502458033307648.000000
 2.857143 14334266905634018252610212258078318134779165196959684287780196032592583343148535527705703547067462125025760945339527627800212753462843315039857027033304138999371554598731114077550132587325286005926326974750746095412439992057473112569199516393574568705324077117771612160.000000 -1010902188081112782438555527618101202789890504395580971084529678058323575949046167305937013659960294121999707494710599400693857274037327473201472402229550981359640220219642685749944550150660561357638857080550708010010838058359435558667713055621667788877848296015410495488.000000
 2.877193 11960394876509249866703102748706933126802927461846980893421787223726582809816729393891401553564317157135217636966234938182020744464614827722469975654937425115525213294161403833405384622554301204276398993911021772495675284940101909889538193677202252175264744982183936.000000 -844775953021839184224483372005531861650400211038167788052468400390716832840429739939101730337792277001011225966345430871890984353180573136945732002665161221880773661661096492158530398707093154875544239828620104547675503361916193912474394400898930647056774233950519296.000000
 2.897243 1784825573242451636025390063844661508788103788038603885950104823973051741322789654463549668616660430721091477368474375190972931110616348653385015113044670464107163685450070156163848226870400216341189870635286402798717796670788750990407608340434935917490963742720.000000 -126386420765332044058402021370908524802756160587310790324533767570558041761887992819611447406552416989669152859186787498660223189156350185563735558382623965105814320397701423132772590985572125519833213285854049544551974970833986817545167319408561715188746388766720.000000
 2.917293 412428576625840252500767741515603186947317523431166473214587534436666930909371185297339069538746626626015732051943611747018222904394862923712164423211179406859357120807935833946980978251413761905874612819254844033022132885785247193454299454444309307061174272.000000 -29196548656340979428047577533105690822168566637604835354480738483414522691433860468782691540618764531714865806864334367881095873997060118256734715926696795543369565861585379092469506974666418559198641863238587261456435456633435082533429389589339309701735645184.000000
 2.937343 25411623853411152737911792991365152581587181566118754833080660393297035149346918782451908492905832702185057332247190121486723412662061385403931784414065167438651419882133780333159732529019781355570495519561698557932412194348477079987354882299932765585408.000000 -1782528057063607883897583692130486793099274749915799197262079140846146311457917583950038200172424962415106520748119901066738131618485455980443208583929243152749485625519429059231249953253367671470046366933780945790609273366380102793027647080529495653875712.000000
 2.957393 5068666305024818239993304676862945432518178040128490733659392956788034273316663951986456729500559391344102748385241100501361960859191391625431275713540476626501848703052994984562070468524926125398696373309733395425057644991877979382007347830954393600.000000 -359775635313419245613734425893515659169007434034322169666443311528119237468414896786978229139946498075319278499450201337960684638879819045874749287359121339127240166066518706118398831357190737204803835870285589307184787488233851272974439984521061335040.000000
 2.977444 159755693488959384449645716177517432923660329941862742430994675253432519570258717362166765427381740966361577423169533607789741201383872457495072204537269583490064742082732383909294128820468002236267714764185703897504242402603443550878036515618816.000000 -11168264329277546201309372971675736698608099792328745221815976738312081512918117816266943143050178389323813876372537745934644133620396546261829655593011587485234542013627436271434014301694518583850653235253126512724822819993571229472458954529308672.000000
 2.997494 63607977017931068731818909945080358635874443620047433727204871909258519020453104350486110009154713606383958288454687833508409515118934248882195886046400347840447652044660025826563837031956920426219375098457425667904817271823336895900593160192.000000 -4553850510815679711886771528554413742514923746289029271993909872660749811073686741929962639453099913603869098889202267675906101742064353755160415505548150506206529170909651800370635429636630137429864060398375007853125607019936111022126521122816.000000
 3.017544 2077636565213257881348031556304630501990032216609306483220242760219497050532368141807912123539536640302597231594908925261328298064609980786518079662537724975333251014256547908464164211737176772086388963927245902104746567278089328805281792.000000 -147424574334208690694354607298308156564725247588758165380512544090733881832794460749328866859862207620920645613786541254067074913415380893136508569556881784306120145168723543771262139285351464926523948033374372403954918842278180921165217792.000000
 3.037594 44271914363118298913366282180819856921492700843540320388143776668563006953663238709827153774194114154844678616142841651748027017024019639578382197304309725044817889841384413720865440391194783603240541126995177762929730896099809427456.000000 -3149288344716418852194554053379487179424522584103996569630403915975983992632089597529087216423695348638850984947669595823861941004928282484551431759477560745049214523268940691335385037963427536462988737563807760895621130067018204053504.000000
 3.057644 1630242776849360400401892697359464813191498580431807253499371856389441380783596174506690699535518690413097145186003106661730146484765808348550885342101643849262333078859153537830968417505937887880361421984838740040220997612208128.000000 -116095417618140498417697479195956829362295022885552969174824088127464621803125109101469634568949007145765192277262726915047325505183568024195428812329492994935064702698423342215538730222286483240747106364055106219831317710673805312.000000
 3.077694 12728424007510576627292852634759701740788749376221129941841887019989222952995079329620429404473666392068810911677908309527123644295056554431341702886323070027386814189839699127260298769084919317121806489737560954524693168128.000000 -892830716184975006554737972477547928697640666045829465611966984697462393110372550257803706539980192747153184005045815751755418567718916338038980601465664099214819066802084109058567484251445571487150439783060721341492835123200.000000
 3.097744 751105513179720674369957243328691043765962638184799820665425611650671123707379540592641988162374100016049058194258296849359426175669272136357010163354248318713278545460364093919378845338667752819115653333591135052890112.000000 -53445834420282999203503779813972913963409376126369151031767780212907176392247094302072170296548393281351679674962132583786225819049827209636340674271584707970342288369644001864010359826980593244489756976597727233364197376.000000
 3.117794 19319535819348380373108097898139052961410828081285621043114572460647759822731537228002054858481404092609786354344665310303260037320633974275504929109526596177761618568173201116425587182675022774717963732430176124928.000000 -1379671361493388490386788123129339558373472244341833062139910827330338437424918274957741851328532405362060992559654137284521190273770028047640510623571537558989561917709308382006811681964183027834636730418837380399104.000000
 3.137845 61669714272212024833111238310993263133736248134585884045106592101192594120899484264756307365417770850094443507008924275022160518749004836127742157986627385726968553085003308871103995451596078872047095723851776.000000 -4367933265772605883309699381171620912675121665685386886338295563234200186241337101335402909494129679918638558839550075561146194127433857438005968348074091566267638481366536274382925008812129615137094379052728320.000000
 3.157895 659074669734690899477601558363519923788478704419322832097150050500237197123149466340238890464918657532322764106326978571819804729490426271478732769105841962401432161235853561208840144967181272120318492672.000000 -47100739768444007831834698442066601096203381161210661850338196385703917804809405731411261738633251093911545984931581882832622437952604085994909927738174112088543592150631851143275299850283643744167032520704.000000
 3.177945 2094866752244368143092138790238130632204475699149904913726073768810437484482191880479163501907892157371074355940726395736449749246537369823608778145992877112503002338999110666452992398645696044990464.000000 -149648775602012477502526195868880073299801890997331912470309048491084320081511180471787516593615970092994237430939557219899758182173058677944921287185718947690645343083448601447130856185669883397144576.000000
 3.197995 9122851917342638653198928156587032723767737137579721504685746047861294426529789292937063158025741871719585195416674704631674278197664761583254069613175275035788783425417095673221784849109483520.000000 -653507390938704031823154423451673027904624883846747732478404055498714258928345478603058987802723945085487995699901714305909548847223125729985435812896506796264222256862502638362493258893138853888.000000
 3.218045 46777570445753517118382854222429267641724557132156208469192311335496493846370387069823732395014375207030137509354568799683205488860109688409152061308993475115451472879545929272983698800640.000000 -3364293397447038668728911477643059269414516789797502976801889144710003686379021029895691327824601183168778459865450889820524373440001135083140458932838190690076094390594062113640709076549632.000000
 3.238095 16793722779342558051297514517505198203859826713145843343649103581430820675488987958606039401061139523048717926098072686874845216372739551780238589897121058028142661858641627861483520.000000 -1193949716105044360728606882478271691595664076192496095098000718028878954747463252222188882004155261275569062503820002381052499091268987151235457584703877305221445424985343662370062336.000000
 3.258145 60132275919306031454239550481851817503302064466235639742580555340282853922008821347779525551247069894549490925868769300989827454812880434968021808103339799617773098056858730496.000000 -4294839784415260410065401870022022258328301967220298019730313772538090189589223105877329075010055279582823490337513988944998026800587926623943114887713323192684111714340231446528.000000
 3.278195 217867852045454610764172883981496756571495400915812041415968033832843408308973387178406952549413881670517928306009369242922242466133662579543656841528402645076547756621824.000000 -15641104704172401072581762436287707010034064984204671557548440173164083225683625439148906426392214401760682760249230641860932610678752363606932183804888146258494263794860032.000000
 3.298246 123182537536283305715402609854789241831315127380328854702292587061629488413921970101599386908412691495538085494831164942236662356093390424252893198553679183709470720.000000 -8765658487099836186858158665459372595870855815807675795333559828683712693744218533615907562096235372593584953957514838410276745412046893972114257820040565001941942272.000000
 3.318296 122543993679315374046524830896823477564334441968086141958455532671900864257085055334264462782352640080445807530017224419427470939158935983045511493216257441792.000000 -8798575441686570683003415932413793881225258950888239544044186949199435492601427986321858181215264428493783437870215208694425840202504012180613011432089891897344.000000
 3.338346 8191907865504567597485527957933512227331888566645800697660685118745672170698330862087031464494463075161963417320498910476380362308994621663561537028096.000000 -583517020936875780485143796605404063292428512180362899705743889070543045174271764761366398298893415259570883160849068424605581531746003861828281774899200.000000
 3.358396 4236995020227740207893265492300760279135204991294466045535680130397402976382842435896375235894512756061823796939534924908837355416322046590713856.000000 -303062493244694797201395008232004055644126236516249791168194274603507715851447675361095345437730770593569698670837622971441968321304318917728010240.000000
 3.378446 215808733736889070776368696571372273063055156406614558577229096531437056935971798474118462579369584744615478445416736645764232654295662592.000000 -15386724206278868445934540613906474294933986459155438361354293310276777530487082045820045235326005505210334697291115347049097334236381184000.000000
 3.398496 15473038227930958884958995024660190904314935770128910090462412439605296372974263185954937847078671453268794626398028185937180098560.000000 -1103479088889712519717146671260226409914411306320882326463340832443025269624119614515453299961041587870178772819705603163708452765696.000000
 3.418546 11858027482770210566218543924558520621639241401637368636683671692569279305984061738964242112613874492776660142860631906713600.000000 -852725530236501862601618673802304380022030099637498208885605155217867851465737147532487388374455736939375599441753389133725696.000000
 3.438596 45318995836013662390744671626713046507141294341019442182268197244888009893746228186381505558857985093232077813502181376.000000 -3247039090951896537612460350796495766311706931115419091965516677156223262392825403065423826585304719552048469345700937728.000000
 3.458647 10840354903995043325388938757910902429859254488581219499089365852468304612614263987256246354942541815436170756096.000000 -775791157973148029836811659616219982191575202456914533829648538937434362600486705017556470370343959386881999765504.000000
 3.478697 4042903382297616824941739535988244329830904670419522754240645079480660391527799221995214992801575993344.000000 -287615508937873377484582231028207720778707788351380489342696786208238900099303967369863366338412258787328.000000
 3.498747 3852037841192660464593550031070082823627118888915604070042071062671832956667070679602795057774592.000000 -265137845404134701038273334654731198940569351625105667475027498429947398459221298770221505378779136.000000
 3.518797 379779486311237884366670283537034422374185310425384515879673348950963145698896812278022144.000000 -26184581193958909280255245878151221203132564195214656243054304805076778296290684926576033792.000000
 3.538847 1307178552480936630619667961915002069131191541860987598735141724982859842844899672064.000000 -92998797084970734569839143572256527473173829091403224821527794121021914239137545715712.000000
 3.558897 198513244483703009516908347126046298229916539268569370800265054379459985014784.000000 -14260980738266921323757535820298088961183427109217241510367194498204599603691520.000000
 3.578947 1484985349223739632591559895029370000221353497582417347365794383659008.000000 -106526046640762126708548921068800248165703747051932767758670819368108032.000000
 3.598997 7994443846199655982933549284138023524829557975926855742521344.000000 -573443593382879097808955431588635967056405251780458991629369344.000000
 3.619048 19746689148230896804963735588189606931000895555502080.000000 -1419909451876850105893686592225371210346217530846085120.000000
 3.639098 33838896252855963017987470178205757396221952.000000 -2426756638773425631949382997851746676707950592.000000
 3.659148 16955696954167579316623042173468672.000000 -1217823100032168433156100050691031040.000000
 3.679198 580338422011096.750000 -41542113222261464.000000
 3.699248 0.000000 0.000000
 3.719298 0.000000 0.000000
 3.739348 0.000000 0.000000
 3.759398 0.000000 0.000000
 3.779449 0.000000 0.000000
 3.799499 0.000000 0.000000
 3.819549 0.000000 0.000000
 3.839599 0.000000 0.000000
 3.859649 0.000000 0.000000
 3.879699 0.000000 0.000000
 3.899749 0.000000 0.000000
 3.919799 0.000000 0.000000
 3.939850 0.000000 0.000000
 3.959900 0.000000 0.000000
 3.979950 0.000000 0.000000
 4.000000 0.000000 0.000000
