#! FIELDS p.x file.free der_p.x
#! SET min_p.x -2.0
#! SET max_p.x 2.0
#! SET nbins_p.x  201
#! SET periodic_p.x false
   -2.000000000   -7.716866629  -91.223243634
   -1.980000000   -9.651341251 -101.660225142
   -1.960000000  -11.772403103 -109.702200975
   -1.940000000  -14.026068310 -114.805079183
   -1.920000000  -16.349832179 -116.717624208
   -1.900000000  -18.679939656 -115.528964714
   -1.880000000  -20.958159777 -111.638619958
   -1.860000000  -23.135450142 -105.615127176
   -1.840000000  -25.177488275  -98.185400811
   -1.820000000  -27.063169230  -90.049312844
   -1.800000000  -28.785352230  -81.867001657
   -1.780000000  -30.347633185  -74.163364748
   -1.760000000  -31.763077882  -67.336608472
   -1.740000000  -33.055073290  -61.761748112
   -1.720000000  -34.247723623  -57.502732927
   -1.700000000  -35.369026092  -54.541120170
   -1.680000000  -36.442352882  -52.601593436
   -1.660000000  -37.481415085  -51.153638723
   -1.640000000  -38.493378475  -49.726533852
   -1.620000000  -39.471667419  -47.778219399
   -1.600000000  -40.403395090  -45.056364213
   -1.580000000  -41.270969528  -41.492110650
   -1.560000000  -42.060626225  -37.235530847
   -1.540000000  -42.760509409  -32.758715304
   -1.520000000  -43.370850140  -28.399246929
   -1.500000000  -43.899526951  -24.464638694
   -1.480000000  -44.352816948  -21.109761691
   -1.460000000  -44.743445086  -18.125651179
   -1.440000000  -45.078459921  -15.468836813
   -1.420000000  -45.363415885  -12.880532108
   -1.400000000  -45.593198701  -10.307156995
   -1.380000000  -45.769839882   -7.666034910
   -1.360000000  -45.893741166   -5.171401296
   -1.340000000  -45.973681960   -2.863655338
   -1.320000000  -46.011642298   -1.151284858
   -1.300000000  -46.019385060   -0.017436796
   -1.280000000  -46.011800926    0.698480540
   -1.260000000  -45.991455579    1.108634876
   -1.240000000  -45.962892176    1.602973571
   -1.220000000  -45.919555626    2.491065067
   -1.200000000  -45.851431222    3.916109999
   -1.180000000  -45.748775228    6.008753088
   -1.160000000  -45.602201317    8.476655727
   -1.140000000  -45.404827285   10.952612446
   -1.120000000  -45.161989436   13.040794702
   -1.100000000  -44.882847316   14.457111251
   -1.080000000  -44.584023959   15.035932054
   -1.060000000  -44.278399429   15.019721858
   -1.040000000  -43.975392044   14.763798022
   -1.020000000  -43.680638515   14.664305833
   -1.000000000  -43.380084878   14.981553524
   -0.980000000  -43.069521678   15.852946086
   -0.960000000  -42.735177600   17.197815375
   -0.940000000  -42.369501269   18.812373552
   -0.920000000  -41.972438096   20.511761952
   -0.900000000  -41.545353291   21.736568062
   -0.880000000  -41.101362141   22.394950736
   -0.860000000  -40.648041871   22.419479659
   -0.840000000  -40.201112378   21.899841917
   -0.820000000  -39.767714461   21.000294273
   -0.800000000  -39.352248008   20.024181021
   -0.780000000  -38.959133525   19.085675547
   -0.760000000  -38.578716577   18.542724541
   -0.740000000  -38.204686365   18.488491245
   -0.720000000  -37.827060785   19.096202291
   -0.700000000  -37.432816255   20.161079938
   -0.680000000  -37.011394695   21.613230837
   -0.660000000  -36.559484413   23.228730820
   -0.640000000  -36.076972654   24.669266532
   -0.620000000  -35.567981012   25.538043664
   -0.600000000  -35.051258277   25.619830729
   -0.580000000  -34.540606802   24.813669010
   -0.560000000  -34.055214737   23.319712439
   -0.540000000  -33.604640839   21.237294502
   -0.520000000  -33.199102871   19.067051518
   -0.500000000  -32.834711652   17.185582863
   -0.480000000  -32.500592156   16.015978623
   -0.460000000  -32.183967376   15.625438055
   -0.440000000  -31.866192639   16.011590385
   -0.420000000  -31.531468120   16.835783948
   -0.400000000  -31.180488017   17.887424121
   -0.380000000  -30.812181580   18.558491187
   -0.360000000  -30.438843450   18.500258230
   -0.340000000  -30.073795350   17.494826099
   -0.320000000  -29.737553168   15.746886688
   -0.300000000  -29.442880273   13.440601375
   -0.280000000  -29.192357848   11.051068606
   -0.260000000  -28.990081925    9.076469145
   -0.240000000  -28.821357281    7.546101943
   -0.220000000  -28.678135341    6.706541419
   -0.200000000  -28.543164852    6.499802401
   -0.180000000  -28.410260310    6.794247996
   -0.160000000  -28.269852233    7.102119058
   -0.140000000  -28.122408018    7.279008682
   -0.120000000  -27.977441817    7.107138626
   -0.100000000  -27.838210404    6.422700149
   -0.080000000  -27.718327247    5.182906930
   -0.060000000  -27.629585903    3.577260248
   -0.040000000  -27.571282315    1.598865162
   -0.020000000  -27.557743624   -0.305589552
    0.000000000  -27.580187273   -2.097794466
    0.020000000  -27.637428884   -3.560958991
    0.040000000  -27.719695093   -4.733159085
    0.060000000  -27.820214737   -5.464494672
    0.080000000  -27.933207857   -5.937332655
    0.100000000  -28.055114434   -6.328470729
    0.120000000  -28.183670200   -6.587763949
    0.140000000  -28.314948233   -6.954269812
    0.160000000  -28.455565259   -7.377162612
    0.180000000  -28.607065119   -7.908018022
    0.200000000  -28.769844449   -8.542906543
    0.220000000  -28.948676842   -9.408380372
    0.240000000  -29.145774267  -10.443759586
    0.260000000  -29.364698874  -11.511853947
    0.280000000  -29.604817418  -12.790423103
    0.300000000  -29.870524121  -13.958932126
    0.320000000  -30.157996709  -14.894911672
    0.340000000  -30.463186273  -15.660658385
    0.360000000  -30.783466210  -16.311093761
    0.380000000  -31.112209859  -16.772669236
    0.400000000  -31.449455275  -17.120385341
    0.420000000  -31.793336663  -17.473655259
    0.440000000  -32.146029719  -18.022872704
    0.460000000  -32.512847444  -18.535168239
    0.480000000  -32.890534978  -19.279452434
    0.500000000  -33.283145851  -20.184779807
    0.520000000  -33.693314677  -21.112063647
    0.540000000  -34.125364190  -21.961957945
    0.560000000  -34.569796141  -22.671040341
    0.580000000  -35.025730454  -23.059923802
    0.600000000  -35.487112313  -23.059342881
    0.620000000  -35.945350778  -22.900364947
    0.640000000  -36.400097458  -22.495645746
    0.660000000  -36.845740943  -22.224494866
    0.680000000  -37.287961889  -22.184922205
    0.700000000  -37.733687076  -22.335678319
    0.720000000  -38.182692061  -22.836722386
    0.740000000  -38.643300584  -23.282383326
    0.760000000  -39.111134284  -23.594681592
    0.780000000  -39.583422694  -23.618073203
    0.800000000  -40.052502482  -23.169592145
    0.820000000  -40.508538767  -22.542823209
    0.840000000  -40.950042960  -21.862584014
    0.860000000  -41.377576730  -21.148062446
    0.880000000  -41.795780699  -20.705405343
    0.900000000  -42.205344811  -20.519017591
    0.920000000  -42.614436282  -20.500073326
    0.940000000  -43.023607527  -20.299022474
    0.960000000  -43.424167226  -19.886798722
    0.980000000  -43.811893811  -19.063839646
    1.000000000  -44.180175381  -17.785143676
    1.020000000  -44.517083547  -16.365181238
    1.040000000  -44.824722874  -14.813095851
    1.060000000  -45.105907128  -13.316921125
    1.080000000  -45.358819236  -12.142809829
    1.100000000  -45.590501169  -11.285334083
    1.120000000  -45.808579825  -10.587243839
    1.140000000  -46.012047343   -9.909876071
    1.160000000  -46.201848288   -9.189008652
    1.180000000  -46.369640127   -8.320056696
    1.200000000  -46.521384374   -7.040562764
    1.220000000  -46.644123214   -5.434677689
    1.240000000  -46.732897198   -3.645145490
    1.260000000  -46.786613867   -1.813090205
    1.280000000  -46.802009948   -0.111165545
    1.300000000  -46.785720466    1.539194389
    1.320000000  -46.736228640    3.092980225
    1.340000000  -46.655853623    4.642060419
    1.360000000  -46.542350171    6.229457438
    1.380000000  -46.394622699    8.167480533
    1.400000000  -46.206108511   10.492980331
    1.420000000  -45.966640532   13.106433910
    1.440000000  -45.671374155   16.156720209
    1.460000000  -45.314021506   19.340880579
    1.480000000  -44.890916386   22.688042157
    1.500000000  -44.400612362   25.981679217
    1.520000000  -43.843017668   29.191756354
    1.540000000  -43.223487239   32.369324783
    1.560000000  -42.540116486   35.442582118
    1.580000000  -41.796661208   38.410170625
    1.600000000  -40.993924395   41.514778586
    1.620000000  -40.127804154   44.409357578
    1.640000000  -39.206310129   47.269393691
    1.660000000  -38.227560012   49.867949686
    1.680000000  -37.199395470   52.436508377
    1.700000000  -36.119032201   55.023994860
    1.720000000  -34.984256548   57.968433611
    1.740000000  -33.784534073   61.592608807
    1.760000000  -32.503727792   66.208452436
    1.780000000  -31.118649851   71.901671354
    1.800000000  -29.607415813   78.618969010
    1.820000000  -27.954628070   86.159612075
    1.840000000  -26.147792407   93.901237253
    1.860000000  -24.189189471  101.162195156
    1.880000000  -22.098434259  107.334665180
    1.900000000  -19.899606643  111.526894121
    1.920000000  -17.641745679  113.459965449
    1.940000000  -15.369061844  112.583159311
    1.960000000  -13.143350735  109.060589210
    1.980000000  -11.015921816  102.930885759
    2.000000000   -9.033198998   94.445748381
