#! FIELDS p.x file.free der_p.x
#! SET min_p.x -2.0
#! SET max_p.x 2.0
#! SET nbins_p.x  201
#! SET periodic_p.x false
   -2.000000000   -7.718446755  -91.264885244
   -1.980000000   -9.653967543 -101.724454401
   -1.960000000  -11.776606415 -109.797098675
   -1.940000000  -14.032575684 -114.940310770
   -1.920000000  -16.359515133 -116.901279695
   -1.900000000  -18.693838822 -115.767823140
   -1.880000000  -20.977419540 -111.935998469
   -1.860000000  -23.161252665 -105.970019589
   -1.840000000  -25.210924661  -98.590740485
   -1.820000000  -27.105105865  -90.491282313
   -1.800000000  -28.836370988  -82.327959325
   -1.780000000  -30.407875978  -74.621034263
   -1.760000000  -31.832277905  -67.769375630
   -1.740000000  -33.132503704  -62.148984997
   -1.720000000  -34.332321703  -57.829478570
   -1.700000000  -35.459491662  -54.799270565
   -1.680000000  -36.537317765  -52.791685262
   -1.660000000  -37.579575694  -51.283642140
   -1.640000000  -38.593706460  -49.812897035
   -1.620000000  -39.573464603  -47.841240254
   -1.600000000  -40.506408666  -45.118908238
   -1.580000000  -41.375420963  -41.576955007
   -1.560000000  -42.167197041  -37.363358573
   -1.540000000  -42.870194704  -32.943696563
   -1.520000000  -43.484914414  -28.650607397
   -1.500000000  -44.019310345  -24.784055238
   -1.480000000  -44.479638204  -21.493029656
   -1.460000000  -44.878499294  -18.563809115
   -1.440000000  -45.222718873  -15.948600660
   -1.420000000  -45.517569717  -13.385497082
   -1.400000000  -45.757527852  -10.815910254
   -1.380000000  -45.944121288   -8.156037232
   -1.360000000  -46.077387967   -5.612511144
   -1.340000000  -46.165440595   -3.228366121
   -1.320000000  -46.209710268   -1.413529068
   -1.300000000  -46.221458376   -0.157874638
   -1.280000000  -46.215349667    0.693677634
   -1.260000000  -46.193711215    1.239588138
   -1.240000000  -46.161215424    1.862870507
   -1.220000000  -46.111540087    2.861278761
   -1.200000000  -46.035130403    4.369600012
   -1.180000000  -45.922807149    6.516780123
   -1.160000000  -45.765815713    9.006979600
   -1.140000000  -45.557859397   11.475777663
   -1.120000000  -45.304841463   13.530227070
   -1.100000000  -45.016386306   14.891650722
   -1.080000000  -44.709555995   15.402390270
   -1.060000000  -44.397317759   15.310954669
   -1.040000000  -44.089224449   14.981829848
   -1.020000000  -43.790762430   14.815497505
   -1.000000000  -43.487737598   15.079883131
   -0.980000000  -43.175594710   15.913752179
   -0.960000000  -42.840251851   17.238617181
   -0.940000000  -42.473814587   18.847541269
   -0.920000000  -42.075934276   20.556829271
   -0.900000000  -41.647755310   21.799760642
   -0.880000000  -41.202204398   22.484505481
   -0.860000000  -40.746798394   22.538365060
   -0.840000000  -40.297217016   22.045387018
   -0.820000000  -39.860675077   21.165455211
   -0.800000000  -39.441762339   20.199342291
   -0.780000000  -39.045104922   19.257178392
   -0.760000000  -38.661537885   18.691444204
   -0.740000000  -38.284879168   18.599568260
   -0.720000000  -37.905556341   19.152109483
   -0.700000000  -37.510923648   20.145267254
   -0.680000000  -37.090583558   21.514938846
   -0.660000000  -36.641489858   23.044967499
   -0.640000000  -36.163510097   24.400266878
   -0.620000000  -35.660698893   25.187298847
   -0.600000000  -35.151881980   25.187732124
   -0.580000000  -34.650623811   24.306580183
   -0.560000000  -34.176125640   22.737121803
   -0.540000000  -33.737957795   20.576438316
   -0.520000000  -33.346400707   18.328339843
   -0.500000000  -32.997506645   16.376543994
   -0.480000000  -32.680128905   15.155093432
   -0.460000000  -32.380961941   14.744871571
   -0.440000000  -32.080694078   15.155135885
   -0.420000000  -31.762388727   16.056623201
   -0.400000000  -31.425767937   17.238843943
   -0.380000000  -31.068753217   18.084102444
   -0.360000000  -30.702904467   18.229130712
   -0.340000000  -30.341112215   17.437713055
   -0.320000000  -30.003890100   15.899799484
   -0.300000000  -29.704209899   13.784289923
   -0.280000000  -29.445139950   11.556756949
   -0.260000000  -29.231414297    9.709718952
   -0.240000000  -29.049056348    8.269955196
   -0.220000000  -28.890759761    7.484158237
   -0.200000000  -28.739944264    7.295533434
   -0.180000000  -28.591162653    7.582027844
   -0.160000000  -28.435397403    7.854185321
   -0.140000000  -28.273332424    7.987621344
   -0.120000000  -28.114671102    7.767893503
   -0.100000000  -27.962696330    7.036666121
   -0.080000000  -27.830986609    5.751589521
   -0.060000000  -27.731414758    4.094722863
   -0.040000000  -27.663364054    2.053001590
   -0.020000000  -27.641434010    0.053663050
    0.000000000  -27.657799775   -1.855357827
    0.020000000  -27.711662568   -3.471195601
    0.040000000  -27.793850747   -4.827791936
    0.060000000  -27.898212021   -5.755127224
    0.080000000  -28.018959287   -6.419451820
    0.100000000  -28.152212122   -6.974480755
    0.120000000  -28.294934432   -7.348720023
    0.140000000  -28.441939144   -7.769798121
    0.160000000  -28.598749959   -8.169211062
    0.180000000  -28.765281056   -8.608349265
    0.200000000  -28.940655138   -9.093634201
    0.220000000  -29.128676221   -9.769145635
    0.240000000  -29.330882494  -10.591770370
    0.260000000  -29.550616568  -11.444144630
    0.280000000  -29.787309688  -12.518751524
    0.300000000  -30.045672872  -13.510263790
    0.320000000  -30.322638126  -14.299232673
    0.340000000  -30.614782729  -14.959145193
    0.360000000  -30.920353247  -15.549606098
    0.380000000  -31.233687786  -16.000414346
    0.400000000  -31.555785422  -16.385792217
    0.420000000  -31.885748521  -16.822210940
    0.440000000  -32.226585291  -17.491943392
    0.460000000  -32.584199389  -18.148565652
    0.480000000  -32.955735212  -19.047852470
    0.500000000  -33.345245620  -20.101911335
    0.520000000  -33.755081371  -21.157366978
    0.540000000  -34.189080691  -22.106330386
    0.560000000  -34.637121706  -22.882292083
    0.580000000  -35.097650725  -23.314636083
    0.600000000  -35.564333662  -23.331395667
    0.620000000  -36.028129207  -23.182335749
    0.640000000  -36.488626078  -22.789886962
    0.660000000  -36.940356706  -22.540980277
    0.680000000  -37.389230175  -22.539327309
    0.700000000  -37.842480568  -22.733954461
    0.720000000  -38.299857607  -23.283914325
    0.740000000  -38.769820148  -23.767091443
    0.760000000  -39.247598937  -24.100541639
    0.780000000  -39.730053230  -24.123295927
    0.800000000  -40.209026744  -23.649878116
    0.820000000  -40.674239883  -22.977151571
    0.840000000  -41.123868449  -22.237009581
    0.860000000  -41.558228235  -21.455087311
    0.880000000  -41.981899809  -20.944908778
    0.900000000  -42.395613447  -20.695539472
    0.920000000  -42.807664806  -20.620813492
    0.940000000  -43.218754825  -20.371279524
    0.960000000  -43.620300692  -19.918073532
    0.980000000  -44.008247620  -19.054949962
    1.000000000  -44.375915145  -17.738123335
    1.020000000  -44.711472383  -16.275856350
    1.040000000  -45.016868061  -14.677241680
    1.060000000  -45.294826032  -13.129214938
    1.080000000  -45.543419974  -11.897865056
    1.100000000  -45.769622891  -10.980036065
    1.120000000  -45.980995948  -10.222955675
    1.140000000  -46.176620948   -9.488360065
    1.160000000  -46.357454083   -8.719110760
    1.180000000  -46.515446122   -7.814842127
    1.200000000  -46.656882329   -6.518680101
    1.220000000  -46.769187138   -4.921764030
    1.240000000  -46.847966829   -3.169231476
    1.260000000  -46.892765685   -1.402397158
    1.280000000  -46.900895853    0.202818569
    1.300000000  -46.879506047    1.731536418
    1.320000000  -46.827521248    3.141515923
    1.340000000  -46.747630413    4.544901186
    1.360000000  -46.637451263    5.995386677
    1.380000000  -46.495586132    7.820390639
    1.400000000  -46.314849815   10.069200935
    1.420000000  -46.084226084   12.649039317
    1.440000000  -45.798036034   15.711984915
    1.460000000  -45.449094111   18.945485589
    1.480000000  -45.033152141   22.366073790
    1.500000000  -44.548458208   25.740165416
    1.520000000  -43.994926233   29.021168342
    1.540000000  -43.378240993   32.251795384
    1.560000000  -42.697053885   35.350686828
    1.580000000  -41.955243289   38.330545128
    1.600000000  -41.153979352   41.445759331
    1.620000000  -40.289049247   44.360144353
    1.640000000  -39.368199717   47.257079627
    1.660000000  -38.389196026   49.907415254
    1.680000000  -37.359684883   52.530701540
    1.700000000  -36.277005673   55.155466018
    1.720000000  -35.139536904   58.097870133
    1.740000000  -33.937717978   61.662228586
    1.760000000  -32.656641650   66.153976601
    1.780000000  -31.274351840   71.670175798
    1.800000000  -29.769768067   78.184115800
    1.820000000  -28.127632045   85.535394698
    1.840000000  -26.334694742   93.146020593
    1.860000000  -24.391639339  100.374253396
    1.880000000  -22.315874263  106.638568788
    1.900000000  -20.128970768  111.050233417
    1.920000000  -17.877561235  113.305672257
    1.940000000  -15.604187087  112.812431720
    1.960000000  -13.369942248  109.681396878
    1.980000000  -11.226519867  103.897830351
    2.000000000   -9.221704360   95.670709910
