#! FIELDS p.x file.free der_p.x
#! SET min_p.x -2.0
#! SET max_p.x 2.0
#! SET nbins_p.x  201
#! SET periodic_p.x false
   -2.000000000   -8.957780845  -97.369927359
   -1.980000000  -11.009259435 -107.177147431
   -1.960000000  -13.233634523 -114.497177449
   -1.940000000  -15.575722324 -118.844517664
   -1.920000000  -17.972982412 -120.024016533
   -1.900000000  -20.362476411 -118.169323472
   -1.880000000  -22.687904102 -113.726856919
   -1.860000000  -24.902693710 -107.295169590
   -1.840000000  -26.975745707  -99.625454083
   -1.820000000  -28.889427043  -91.421951225
   -1.800000000  -30.639778823  -83.320032410
   -1.780000000  -32.232913218  -75.794791517
   -1.760000000  -33.683152543  -69.171465096
   -1.740000000  -35.013584787  -63.742965112
   -1.720000000  -36.246403527  -59.498744434
   -1.700000000  -37.406427503  -56.372002657
   -1.680000000  -38.513325374  -54.081176178
   -1.660000000  -39.577323555  -52.131353764
   -1.640000000  -40.602932628  -50.146203577
   -1.620000000  -41.583903665  -47.629458355
   -1.600000000  -42.507914704  -44.452831398
   -1.580000000  -43.360498467  -40.619349870
   -1.560000000  -44.131474054  -36.332025230
   -1.540000000  -44.814618360  -32.009309145
   -1.520000000  -45.412885718  -27.997995895
   -1.500000000  -45.937962991  -24.508932823
   -1.480000000  -46.397134745  -21.653619399
   -1.460000000  -46.803533967  -19.160659101
   -1.440000000  -47.163384540  -16.919594138
   -1.420000000  -47.480567803  -14.626891113
   -1.400000000  -47.747104909  -12.220369319
   -1.380000000  -47.962293084   -9.603219887
   -1.360000000  -48.124013347   -6.986204760
   -1.340000000  -48.238082518   -4.446828927
   -1.320000000  -48.304497872   -2.432744763
   -1.300000000  -48.334050530   -0.958030323
   -1.280000000  -48.341675126    0.098239987
   -1.260000000  -48.329975237    0.805492104
   -1.240000000  -48.304658858    1.546096583
   -1.220000000  -48.260351732    2.632098792
   -1.200000000  -48.187743579    4.223504402
   -1.180000000  -48.077159362    6.481237565
   -1.160000000  -47.919306807    9.146681101
   -1.140000000  -47.706025386   11.864784569
   -1.120000000  -47.441860075   14.256286456
   -1.100000000  -47.134927976   16.003797979
   -1.080000000  -46.801863948   16.892120251
   -1.060000000  -46.456470803   17.112432141
   -1.040000000  -46.110002388   16.973334653
   -1.020000000  -45.770991323   16.834278444
   -1.000000000  -45.428694930   16.942326309
   -0.980000000  -45.082107264   17.456159227
   -0.960000000  -44.719973712   18.343883778
   -0.940000000  -44.336037390   19.473999694
   -0.920000000  -43.930131948   20.731746688
   -0.900000000  -43.501912611   21.623158379
   -0.880000000  -43.061888873   22.123604525
   -0.860000000  -42.614205412   22.159361730
   -0.840000000  -42.170841203   21.806077756
   -0.820000000  -41.736463106   21.179778069
   -0.800000000  -41.314045021   20.514821943
   -0.780000000  -40.908212240   19.836838769
   -0.760000000  -40.510959394   19.442087425
   -0.740000000  -40.118650821   19.374963984
   -0.720000000  -39.724875540   19.787240168
   -0.700000000  -39.319605294   20.525896941
   -0.680000000  -38.894802326   21.572368341
   -0.660000000  -38.447607962   22.783455835
   -0.640000000  -37.977260653   23.900142058
   -0.620000000  -37.485805002   24.570736029
   -0.600000000  -36.989147898   24.605515340
   -0.580000000  -36.498134523   23.880763990
   -0.560000000  -36.029874746   22.545591173
   -0.540000000  -35.593000448   20.621586735
   -0.520000000  -35.198516948   18.548764527
   -0.500000000  -34.844215604   16.658545867
   -0.480000000  -34.521618947   15.357099217
   -0.460000000  -34.220025905   14.751134982
   -0.440000000  -33.922417904   14.884905537
   -0.420000000  -33.612061813   15.500195960
   -0.400000000  -33.288723325   16.451963892
   -0.380000000  -32.948809520   17.173193177
   -0.360000000  -32.601571986   17.311913814
   -0.340000000  -32.257249199   16.623046370
   -0.320000000  -31.934641085   15.260004520
   -0.300000000  -31.645500035   13.370813192
   -0.280000000  -31.392382653   11.361365775
   -0.260000000  -31.180598514    9.672712874
   -0.240000000  -30.997908143    8.307086814
   -0.220000000  -30.838690336    7.489416642
   -0.200000000  -30.688756756    7.168652905
   -0.180000000  -30.544324670    7.230112177
   -0.160000000  -30.398125169    7.218411819
   -0.140000000  -30.251802925    7.060942637
   -0.120000000  -30.114067406    6.585136973
   -0.100000000  -29.987229168    5.729619109
   -0.080000000  -29.881393680    4.502379630
   -0.060000000  -29.804271508    3.143298196
   -0.040000000  -29.749988867    1.649682906
   -0.020000000  -29.728552783    0.447811010
    0.000000000  -29.727444470   -0.495712661
    0.020000000  -29.743476815   -1.096336335
    0.040000000  -29.768361519   -1.508604537
    0.060000000  -29.798434508   -1.720237766
    0.080000000  -29.833835975   -1.991329902
    0.100000000  -29.877674805   -2.533444316
    0.120000000  -29.934397610   -3.271906712
    0.140000000  -30.006004863   -4.341151287
    0.160000000  -30.102124384   -5.554564184
    0.180000000  -30.224460400   -6.815752895
    0.200000000  -30.371196572   -8.015487102
    0.220000000  -30.542970309   -9.203643819
    0.240000000  -30.737046202  -10.315838419
    0.260000000  -30.952263987  -11.263045116
    0.280000000  -31.185065001  -12.301033847
    0.300000000  -31.437970799  -13.208748910
    0.320000000  -31.707989529  -13.927758990
    0.340000000  -31.992529441  -14.605071546
    0.360000000  -32.291878318  -15.309171715
    0.380000000  -32.602011814  -15.957617544
    0.400000000  -32.925237619  -16.575020590
    0.420000000  -33.260558060  -17.228475330
    0.440000000  -33.610501014  -18.011400759
    0.460000000  -33.978583534  -18.648688938
    0.480000000  -34.358868745  -19.394520684
    0.500000000  -34.752800953  -20.177850868
    0.520000000  -35.160635236  -20.880242987
    0.540000000  -35.585269576  -21.449473013
    0.560000000  -36.016640455  -21.881532316
    0.580000000  -36.454222215  -22.047868618
    0.600000000  -36.893596682  -21.910296585
    0.620000000  -37.328080983  -21.708585305
    0.640000000  -37.759277722  -21.362169073
    0.660000000  -38.183565006  -21.242591854
    0.680000000  -38.608227029  -21.430829391
    0.700000000  -39.041345202  -21.856767748
    0.720000000  -39.483626321  -22.669781385
    0.740000000  -39.944073262  -23.434003559
    0.760000000  -40.418145955  -24.064674048
    0.780000000  -40.902770247  -24.390624765
    0.800000000  -41.389879742  -24.203708386
    0.820000000  -41.868719124  -23.778317532
    0.840000000  -42.336414433  -23.220323620
    0.860000000  -42.791493750  -22.540456037
    0.880000000  -43.236936709  -22.040844041
    0.900000000  -43.671500132  -21.702190612
    0.920000000  -44.101930281  -21.447368285
    0.940000000  -44.527257122  -20.974912099
    0.960000000  -44.938565638  -20.287191146
    0.980000000  -45.331918947  -19.233348832
    1.000000000  -45.701827124  -17.799107623
    1.020000000  -46.038045056  -16.319694895
    1.040000000  -46.344766018  -14.792311674
    1.060000000  -46.626423186  -13.391114861
    1.080000000  -46.882063406  -12.353637237
    1.100000000  -47.119329475  -11.635058900
    1.120000000  -47.345517915  -11.039997706
    1.140000000  -47.558441707  -10.394303972
    1.160000000  -47.757439558   -9.627116662
    1.180000000  -47.932801342   -8.628043034
    1.200000000  -48.088882678   -7.157009711
    1.220000000  -48.211599111   -5.325001009
    1.240000000  -48.295659914   -3.310465062
    1.260000000  -48.340606994   -1.280779030
    1.280000000  -48.343794970    0.556372999
    1.300000000  -48.313345346    2.255417894
    1.320000000  -48.249596722    3.774580636
    1.340000000  -48.156407428    5.209405765
    1.360000000  -48.033070651    6.629522194
    1.380000000  -47.879281832    8.368601131
    1.400000000  -47.688677174   10.498454101
    1.420000000  -47.450620791   12.951533320
    1.440000000  -47.159450776   15.913809900
    1.460000000  -46.807120773   19.078281651
    1.480000000  -46.388599540   22.485084060
    1.500000000  -45.901235750   25.891825529
    1.520000000  -45.343745672   29.257928560
    1.540000000  -44.721346594   32.594114701
    1.560000000  -44.032242405   35.800622561
    1.580000000  -43.280165420   38.886097453
    1.600000000  -42.466844311   42.080555526
    1.620000000  -41.588530721   45.026966259
    1.640000000  -40.654179500   47.912819275
    1.660000000  -39.662445421   50.501944352
    1.680000000  -38.621927442   53.011133305
    1.700000000  -37.531027378   55.475070530
    1.720000000  -36.388912986   58.216756250
    1.740000000  -35.186719329   61.564143088
    1.760000000  -33.909528138   65.853263708
    1.780000000  -32.534659422   71.230785107
    1.800000000  -31.039108251   77.727812850
    1.820000000  -29.404644109   85.251711469
    1.840000000  -27.613560164   93.267888785
    1.860000000  -25.661646590  101.159434378
    1.880000000  -23.561389587  108.325918435
    1.900000000  -21.330124772  113.802389432
    1.920000000  -19.012241887  117.173242276
    1.940000000  -16.650681465  117.716442418
    1.960000000  -14.309522698  115.412827520
    1.980000000  -12.045654928  110.141551846
    2.000000000   -9.913706947  102.058004315
