#! FIELDS p.x file.free der_p.x
#! SET min_p.x -2.0
#! SET max_p.x 2.0
#! SET nbins_p.x  201
#! SET periodic_p.x false
   -2.000000000   -7.569134898  -88.801825960
   -1.980000000   -9.449536020  -98.677184503
   -1.960000000  -11.505273490 -106.164185487
   -1.940000000  -13.682856255 -110.757877151
   -1.920000000  -15.921140226 -112.246060007
   -1.900000000  -18.158404004 -110.747964713
   -1.880000000  -20.338819706 -106.677101321
   -1.860000000  -22.416120887 -100.609261358
   -1.840000000  -24.358559247  -93.261332257
   -1.820000000  -26.147421019  -85.317393610
   -1.800000000  -27.777628303  -77.418596076
   -1.780000000  -29.254265514  -70.063141905
   -1.760000000  -30.591462115  -63.623318109
   -1.740000000  -31.813152340  -58.447902927
   -1.720000000  -32.943330709  -54.571594059
   -1.700000000  -34.009446682  -51.954468692
   -1.680000000  -35.034025658  -50.312259962
   -1.660000000  -36.029829990  -49.119642028
   -1.640000000  -37.003443007  -47.931051950
   -1.620000000  -37.948274440  -46.240683404
   -1.600000000  -38.852245063  -43.836729826
   -1.580000000  -39.699294399  -40.681072575
   -1.560000000  -40.477556940  -36.931543269
   -1.540000000  -41.177030062  -33.042071191
   -1.520000000  -41.799211200  -29.307693048
   -1.500000000  -42.352201798  -25.966880179
   -1.480000000  -42.840995592  -23.112637724
   -1.460000000  -43.275616260  -20.489973628
   -1.440000000  -43.660042152  -18.020246082
   -1.420000000  -43.996285868  -15.426360844
   -1.400000000  -44.275410217  -12.680226922
   -1.380000000  -44.496773028   -9.729264117
   -1.360000000  -44.658027076   -6.829862295
   -1.340000000  -44.767090159   -4.065973159
   -1.320000000  -44.824598631   -1.897953751
   -1.300000000  -44.842842358   -0.317816871
   -1.280000000  -44.837104771    0.816648217
   -1.260000000  -44.810653149    1.600484317
   -1.240000000  -44.768956880    2.412016639
   -1.220000000  -44.707022784    3.546983086
   -1.200000000  -44.616208518    5.133087037
   -1.180000000  -44.488584016    7.288673817
   -1.160000000  -44.316769541    9.711932015
   -1.140000000  -44.096257624   12.039602653
   -1.120000000  -43.834155504   13.881238132
   -1.100000000  -43.541329916   14.984754010
   -1.080000000  -43.235419152   15.222453997
   -1.060000000  -42.929472246   14.873090923
   -1.040000000  -42.632304103   14.342534863
   -1.020000000  -42.347973340   14.066264336
   -1.000000000  -42.060210627   14.324478823
   -0.980000000  -41.762287079   15.272293044
   -0.960000000  -41.437901794   16.813063621
   -0.940000000  -41.077157186   18.715319232
   -0.920000000  -40.678621469   20.758877093
   -0.900000000  -40.243007217   22.336354506
   -0.880000000  -39.783902919   23.307267399
   -0.860000000  -39.309707226   23.583146192
   -0.840000000  -38.837525907   23.239092189
   -0.820000000  -38.376525635   22.426543695
   -0.800000000  -37.932469295   21.458732732
   -0.780000000  -37.511033036   20.470623364
   -0.760000000  -37.103935101   19.833211456
   -0.740000000  -36.705148027   19.670953059
   -0.720000000  -36.305256337   20.158418183
   -0.700000000  -35.890928651   21.106369186
   -0.680000000  -35.451586204   22.453944068
   -0.660000000  -34.984057370   23.964554197
   -0.640000000  -34.487997420   25.291940633
   -0.620000000  -33.967934927   26.055631826
   -0.600000000  -33.442058486   26.023480850
   -0.580000000  -32.924198470   25.129381226
   -0.560000000  -32.433132219   23.580777145
   -0.540000000  -31.977508775   21.494534783
   -0.520000000  -31.566403173   19.385441381
   -0.500000000  -31.194694134   17.627110931
   -0.480000000  -30.850167422   16.609652442
   -0.460000000  -30.520194634   16.360293820
   -0.440000000  -30.186982595   16.817894932
   -0.420000000  -29.836574598   17.592510367
   -0.400000000  -29.472383348   18.434757174
   -0.380000000  -29.096733094   18.735441079
   -0.360000000  -28.724525637   18.198270782
   -0.340000000  -28.370826341   16.667826063
   -0.320000000  -28.056215609   14.436852661
   -0.300000000  -27.791486971   11.789766200
   -0.280000000  -27.575988121    9.260616938
   -0.260000000  -27.408863058    7.378434312
   -0.240000000  -27.271589299    6.147539744
   -0.220000000  -27.152248601    5.745631125
   -0.200000000  -27.031578644    6.044989119
   -0.180000000  -26.902911756    6.825616197
   -0.160000000  -26.757772514    7.534510702
   -0.140000000  -26.598737362    7.978461465
   -0.120000000  -26.438001738    7.963512445
   -0.100000000  -26.281205009    7.334775677
   -0.080000000  -26.143288471    6.058750254
   -0.060000000  -26.037679945    4.385601429
   -0.040000000  -25.964172629    2.337973117
   -0.020000000  -25.936308785    0.372013351
    0.000000000  -25.945920506   -1.441033563
    0.020000000  -25.989925835   -2.887506477
    0.040000000  -26.058199344   -3.968693099
    0.060000000  -26.142341089   -4.534014149
    0.080000000  -26.234874421   -4.792533551
    0.100000000  -26.331159604   -4.919527883
    0.120000000  -26.428697450   -4.905851228
    0.140000000  -26.523774267   -5.042907743
    0.160000000  -26.624935004   -5.340668857
    0.180000000  -26.735817047   -5.905705439
    0.200000000  -26.860431672   -6.764599584
    0.220000000  -27.007480784   -8.037937722
    0.240000000  -27.182605015   -9.623654268
    0.260000000  -27.391764498  -11.319071889
    0.280000000  -27.634652778  -13.246410742
    0.300000000  -27.915494668  -14.994804812
    0.320000000  -28.228391260  -16.376980276
    0.340000000  -28.566248865  -17.415705695
    0.360000000  -28.922682547  -18.155043889
    0.380000000  -29.287927701  -18.516523484
    0.400000000  -29.658052377  -18.627895655
    0.420000000  -30.028975119  -18.655372350
    0.440000000  -30.401473728  -18.814200162
    0.460000000  -30.780128000  -18.933089679
    0.480000000  -31.162154771  -19.290971249
    0.500000000  -31.551515472  -19.861947888
    0.520000000  -31.952239503  -20.511550364
    0.540000000  -32.369932784  -21.127110959
    0.560000000  -32.795803864  -21.638975503
    0.580000000  -33.229566846  -21.866075902
    0.600000000  -33.665645034  -21.728626879
    0.620000000  -34.096213893  -21.429309780
    0.640000000  -34.520626130  -20.909566792
    0.660000000  -34.933773185  -20.552060350
    0.680000000  -35.341972609  -20.453646909
    0.700000000  -35.752771031  -20.580429866
    0.720000000  -36.166998530  -21.086185804
    0.740000000  -36.592923145  -21.580245488
    0.760000000  -37.027375748  -21.947773841
    0.780000000  -37.467492739  -22.036081155
    0.800000000  -37.905729645  -21.648636648
    0.820000000  -38.332015286  -21.098713669
    0.840000000  -38.745525941  -20.498259325
    0.860000000  -39.146865429  -19.901640516
    0.880000000  -39.541953499  -19.620805621
    0.900000000  -39.932042637  -19.666053236
    0.920000000  -40.327000150  -19.932174537
    0.940000000  -40.728322188  -20.070552084
    0.960000000  -41.128103706  -20.033964706
    0.980000000  -41.522853580  -19.601901318
    1.000000000  -41.905808359  -18.702623597
    1.020000000  -42.264760236  -17.635260052
    1.040000000  -42.600956067  -16.387270986
    1.060000000  -42.916208849  -15.135193776
    1.080000000  -43.207578177  -14.139631092
    1.100000000  -43.480574166  -13.390133175
    1.120000000  -43.741357328  -12.723840520
    1.140000000  -43.987317620  -11.993105649
    1.160000000  -44.217712733  -11.146024014
    1.180000000  -44.422895106  -10.067205853
    1.200000000  -44.607058232   -8.527248393
    1.220000000  -44.756551864   -6.606745370
    1.240000000  -44.865535049   -4.471285707
    1.260000000  -44.932437982   -2.288941920
    1.280000000  -44.954047827   -0.243154015
    1.300000000  -44.937560977    1.719616503
    1.320000000  -44.882056610    3.536796877
    1.340000000  -44.790775946    5.293870627
    1.360000000  -44.662857892    7.030233849
    1.380000000  -44.498274466    9.047551378
    1.400000000  -44.292149416   11.373703679
    1.420000000  -44.035867176   13.914057490
    1.440000000  -43.726124701   16.807539857
    1.460000000  -43.358097659   19.757356710
    1.480000000  -42.929631039   22.810589987
    1.500000000  -42.440450855   25.762503145
    1.520000000  -41.890459865   28.639812934
    1.540000000  -41.284550526   31.545871165
    1.560000000  -40.619704627   34.430761545
    1.580000000  -39.897556194   37.349649615
    1.600000000  -39.115078146   40.585743793
    1.620000000  -38.264436265   43.813599647
    1.640000000  -37.350086033   47.202312798
    1.660000000  -36.366055148   50.517358859
    1.680000000  -35.316636456   53.956712034
    1.700000000  -34.196458110   57.530196502
    1.720000000  -33.001366524   61.509106879
    1.740000000  -31.720813484   66.154035590
    1.760000000  -30.339660938   71.669407716
    1.780000000  -28.838434372   78.034567286
    1.800000000  -27.201034805   85.061923256
    1.820000000  -25.420509422   92.420414036
    1.840000000  -23.495336760   99.389597259
    1.860000000  -21.440207770  105.236151765
    1.880000000  -19.287655158  109.381437471
    1.900000000  -17.072849019  111.028974421
    1.920000000  -14.853565461  110.098103786
    1.940000000  -12.677824706  106.276133025
    1.960000000  -10.606502613  100.007422988
    1.980000000   -8.684223083   91.577612454
    2.000000000   -6.946461508   81.440812405
