#! FIELDS p.x fes dfes_p.x
#! SET normalisation  1.000000
#! SET min_p.x -3
#! SET max_p.x 3
#! SET nbins_p.x  301
#! SET periodic_p.x false
 -3.000000 inf 0.000000
 -2.980066 inf 0.000000
 -2.960133 inf 0.000000
 -2.940199 inf 0.000000
 -2.920266 inf 0.000000
 -2.900332 inf 0.000000
 -2.880399 inf 0.000000
 -2.860465 inf 0.000000
 -2.840532 inf 0.000000
 -2.820598 inf 0.000000
 -2.800664 inf 0.000000
 -2.780731 inf 0.000000
 -2.760797 inf 0.000000
 -2.740864 inf 0.000000
 -2.720930 inf 0.000000
 -2.700997 inf 0.000000
 -2.681063 inf 0.000000
 -2.661130 inf 0.000000
 -2.641196 inf 0.000000
 -2.621262 inf 0.000000
 -2.601329 inf 0.000000
 -2.581395 inf 0.000000
 -2.561462 inf 0.000000
 -2.541528 inf 0.000000
 -2.521595 inf 0.000000
 -2.501661 inf 0.000000
 -2.481728 inf 0.000000
 -2.461794 inf 0.000000
 -2.441860 inf 0.000000
 -2.421927 inf 0.000000
 -2.401993 inf 0.000000
 -2.382060 inf 0.000000
 -2.362126 inf 0.000000
 -2.342193 inf 0.000000
 -2.322259 inf 0.000000
 -2.302326 inf 0.000000
 -2.282392 inf 0.000000
 -2.262458 inf 0.000000
 -2.242525 inf 0.000000
 -2.222591 inf 0.000000
 -2.202658 inf 0.000000
 -2.182724 inf 0.000000
 -2.162791 inf 0.000000
 -2.142857 inf 0.000000
 -2.122924 inf 0.000000
 -2.102990 inf 0.000000
 -2.083056 49.617423 -425.690985
 -2.063123 43.043741 -235.337341
 -2.043189 40.091228 -69.279787
 -2.023256 39.268238 -60.648839
 -2.003322 37.456069 -96.013533
 -1.983389 34.933486 -164.337573
 -1.963455 32.171115 -111.194742
 -1.943522 30.195027 -99.496719
 -1.923588 28.096114 -97.085969
 -1.903654 26.364624 -87.948679
 -1.883721 24.426241 -100.493767
 -1.863787 22.473427 -94.601716
 -1.843854 20.689144 -87.360614
 -1.823920 18.887150 -89.921278
 -1.803987 17.253137 -75.974977
 -1.784053 15.680865 -83.208373
 -1.764120 14.166524 -67.353692
 -1.744186 12.832881 -67.310993
 -1.724252 11.537670 -61.140517
 -1.704319 10.378452 -56.617603
 -1.684385 9.275105 -54.219290
 -1.664452 8.183334 -55.031154
 -1.644518 7.127394 -52.598402
 -1.624585 6.161631 -41.434754
 -1.604651 5.392143 -37.026800
 -1.584718 4.681801 -35.784038
 -1.564784 3.954206 -35.778576
 -1.544850 3.312421 -28.517291
 -1.524917 2.737086 -30.235677
 -1.504983 2.197359 -22.605399
 -1.485050 1.741879 -24.876068
 -1.465116 1.271145 -20.106112
 -1.445183 0.909108 -18.448140
 -1.425249 0.559772 -14.713025
 -1.405316 0.266525 -15.520581
 -1.385382 0.040537 -7.537081
 -1.365449 -0.128327 -9.103357
 -1.345515 -0.264623 -4.477572
 -1.325581 -0.358306 -4.770885
 -1.305648 -0.424365 -0.908028
 -1.285714 -0.406007 0.214763
 -1.265781 -0.393440 3.544076
 -1.245847 -0.301858 4.097723
 -1.225914 -0.217245 4.359245
 -1.205980 -0.102066 7.734804
 -1.186047 0.065294 8.140271
 -1.166113 0.204167 6.934077
 -1.146179 0.395811 11.303834
 -1.126246 0.578389 7.382932
 -1.106312 0.759729 11.929648
 -1.086379 1.021675 12.432595
 -1.066445 1.281470 15.121986
 -1.046512 1.625065 18.197863
 -1.026578 1.979054 18.663893
 -1.006645 2.365181 16.963610
 -0.986711 2.665136 16.416607
 -0.966777 3.021375 17.309292
 -0.946844 3.349217 17.449760
 -0.926910 3.766874 22.783993
 -0.906977 4.195769 20.882182
 -0.887043 4.581329 17.202364
 -0.867110 4.956390 21.148325
 -0.847176 5.418078 23.673851
 -0.827243 5.852317 20.874429
 -0.807309 6.269798 19.977088
 -0.787375 6.701626 25.005778
 -0.767442 7.200634 22.673004
 -0.747508 7.651215 23.425677
 -0.727575 8.137851 24.334570
 -0.707641 8.537666 17.731122
 -0.687708 8.974756 24.091365
 -0.667774 9.380195 17.632573
 -0.647841 9.729742 18.953374
 -0.627907 10.144197 22.515810
 -0.607973 10.641552 24.370880
 -0.588040 11.081772 23.174731
 -0.568106 11.561619 22.156944
 -0.548173 11.932749 16.595157
 -0.528239 12.310991 21.184977
 -0.508306 12.696738 16.568459
 -0.488372 13.066536 21.599946
 -0.468439 13.507401 20.175946
 -0.448505 13.844174 18.217227
 -0.428571 14.232913 16.909581
 -0.408638 14.538097 16.839777
 -0.388704 14.929898 17.836200
 -0.368771 15.184257 9.617099
 -0.348837 15.444136 18.142680
 -0.328904 15.823697 18.148607
 -0.308970 16.082188 6.238236
 -0.289037 16.205249 11.832880
 -0.269103 16.553386 18.114097
 -0.249169 16.804535 9.206217
 -0.229236 16.964410 8.080599
 -0.209302 17.193405 14.772291
 -0.189369 17.423051 5.491666
 -0.169435 17.511502 8.312641
 -0.149502 17.641006 -0.890829
 -0.129568 17.528265 -1.389569
 -0.109635 17.720610 14.276684
 -0.089701 17.879063 0.454031
 -0.069767 17.810137 -4.889941
 -0.049834 17.669096 -9.109144
 -0.029900 17.624846 7.247159
 -0.009967 17.788950 2.254774
 0.009967 17.777237 3.601545
 0.029900 17.971379 11.077479
 0.049834 18.033818 -4.561554
 0.069767 17.953664 -0.231476
 0.089701 17.864914 -10.959491
 0.109635 17.585170 -11.919374
 0.129568 17.539672 2.110350
 0.149502 17.499141 -8.721659
 0.169435 17.180237 -15.340992
 0.189369 17.027709 -3.876669
 0.209302 16.959765 -3.720384
 0.229236 16.865634 -6.704745
 0.249169 16.676778 -9.502414
 0.269103 16.524842 -8.436989
 0.289037 16.315145 -10.539676
 0.308970 16.065084 -18.445172
 0.328904 15.709052 -12.809705
 0.348837 15.429419 -17.991720
 0.368771 15.078304 -15.495463
 0.388704 14.769684 -17.389877
 0.408638 14.398362 -15.083250
 0.428571 14.188533 -11.053340
 0.448505 13.634935 -53.924287
 0.468439 12.558270 -32.313649
 0.488372 12.340364 -4.171001
 0.508306 11.971518 -30.378237
 0.528239 11.436924 -24.654200
 0.548173 11.031960 -12.770234
 0.568106 10.811327 -12.302522
 0.588040 10.506022 -16.887305
 0.607973 10.195410 -15.302758
 0.627907 9.848682 -18.892537
 0.647841 9.479621 -17.591540
 0.667774 9.127332 -18.441144
 0.687708 8.665920 -36.673062
 0.707641 7.160221 -83.524237
 0.727575 6.392957 -10.259927
 0.747508 5.943711 -21.286097
 0.767442 5.420657 -47.723741
 0.787375 4.663762 -11.076060
 0.807309 4.647553 -6.839362
 0.827243 4.419423 -9.682383
 0.847176 4.251877 -11.302245
 0.867110 3.917914 -22.315171
 0.887043 3.509351 -13.684262
 0.906977 3.275857 -13.116874
 0.926910 2.948073 -19.762449
 0.946844 2.533478 -19.866115
 0.966777 2.250997 -10.236769
 0.986711 2.031802 -12.752390
 1.006645 1.690208 -20.515754
 1.026578 1.381556 -10.354707
 1.046512 1.176035 -10.537456
 1.066445 0.882490 -19.118605
 1.086379 0.549828 -12.950899
 1.106312 0.327566 -9.611233
 1.126246 0.146707 -10.018997
 1.146179 -0.075310 -11.328209
 1.166113 -0.303596 -11.962970
 1.186047 -0.485444 -5.269196
 1.205980 -0.605687 -8.281571
 1.225914 -0.744774 -4.629312
 1.245847 -0.799414 -2.202864
 1.265781 -0.823700 0.264888
 1.285714 -0.822762 -0.847399
 1.305648 -0.832710 1.464964
 1.325581 -0.753852 5.455435
 1.345515 -0.681507 2.101896
 1.365449 -0.567283 8.445560
 1.385382 -0.416401 6.660575
 1.405316 -0.292274 7.618946
 1.425249 -0.035222 16.659139
 1.445183 0.299931 17.313629
 1.465116 0.638571 17.189111
 1.485050 1.033259 22.716218
 1.504983 1.536654 26.216742
 1.524917 2.034601 25.096311
 1.544850 2.565117 23.248115
 1.564784 3.018604 31.994307
 1.584718 3.821524 40.442345
 1.604651 4.453028 25.006626
 1.624585 5.096229 39.488777
 1.644518 5.856593 44.919951
 1.664452 6.615020 17.815969
 1.684385 7.293886 60.812181
 1.704319 8.845063 101.118234
 1.724252 10.949232 83.994669
 1.744186 12.487571 74.617229
 1.764120 13.880152 72.172116
 1.784053 15.407153 76.172838
 1.803987 16.828901 64.098964
 1.823920 18.248126 93.435081
 1.843854 20.468385 106.466360
 1.863787 22.248225 80.203539
 1.883721 23.950836 97.524909
 1.903654 26.070642 102.471801
 1.923588 28.021875 101.831994
 1.943522 30.242174 117.983027
 1.963455 32.962091 148.268328
 1.983389 35.495674 127.223052
 2.003322 39.043230 212.100341
 2.023256 43.512102 254.498533
 2.043189 inf 0.000000
 2.063123 inf 0.000000
 2.083056 inf 0.000000
 2.102990 inf 0.000000
 2.122924 inf 0.000000
 2.142857 inf 0.000000
 2.162791 inf 0.000000
 2.182724 inf 0.000000
 2.202658 inf 0.000000
 2.222591 inf 0.000000
 2.242525 inf 0.000000
 2.262458 inf 0.000000
 2.282392 inf 0.000000
 2.302326 inf 0.000000
 2.322259 inf 0.000000
 2.342193 inf 0.000000
 2.362126 inf 0.000000
 2.382060 inf 0.000000
 2.401993 inf 0.000000
 2.421927 inf 0.000000
 2.441860 inf 0.000000
 2.461794 inf 0.000000
 2.481728 inf 0.000000
 2.501661 inf 0.000000
 2.521595 inf 0.000000
 2.541528 inf 0.000000
 2.561462 inf 0.000000
 2.581395 inf 0.000000
 2.601329 inf 0.000000
 2.621262 inf 0.000000
 2.641196 inf 0.000000
 2.661130 inf 0.000000
 2.681063 inf 0.000000
 2.700997 inf 0.000000
 2.720930 inf 0.000000
 2.740864 inf 0.000000
 2.760797 inf 0.000000
 2.780731 inf 0.000000
 2.800664 inf 0.000000
 2.820598 inf 0.000000
 2.840532 inf 0.000000
 2.860465 inf 0.000000
 2.880399 inf 0.000000
 2.900332 inf 0.000000
 2.920266 inf 0.000000
 2.940199 inf 0.000000
 2.960133 inf 0.000000
 2.980066 inf 0.000000
 3.000000 inf 0.000000
