#! FIELDS p.x fes dfes_p.x
#! SET normalisation  1.000000
#! SET min_p.x -3
#! SET max_p.x 3
#! SET nbins_p.x  301
#! SET periodic_p.x false
 -3.000000 inf 0.000000
 -2.980066 inf 0.000000
 -2.960133 inf 0.000000
 -2.940199 inf 0.000000
 -2.920266 inf 0.000000
 -2.900332 inf 0.000000
 -2.880399 inf 0.000000
 -2.860465 inf 0.000000
 -2.840532 inf 0.000000
 -2.820598 inf 0.000000
 -2.800664 inf 0.000000
 -2.780731 inf 0.000000
 -2.760797 inf 0.000000
 -2.740864 inf 0.000000
 -2.720930 inf 0.000000
 -2.700997 inf 0.000000
 -2.681063 inf 0.000000
 -2.661130 inf 0.000000
 -2.641196 inf 0.000000
 -2.621262 inf 0.000000
 -2.601329 inf 0.000000
 -2.581395 inf 0.000000
 -2.561462 inf 0.000000
 -2.541528 inf 0.000000
 -2.521595 inf 0.000000
 -2.501661 inf 0.000000
 -2.481728 inf 0.000000
 -2.461794 inf 0.000000
 -2.441860 inf 0.000000
 -2.421927 inf 0.000000
 -2.401993 inf 0.000000
 -2.382060 inf 0.000000
 -2.362126 inf 0.000000
 -2.342193 inf 0.000000
 -2.322259 inf 0.000000
 -2.302326 inf 0.000000
 -2.282392 inf 0.000000
 -2.262458 inf 0.000000
 -2.242525 inf 0.000000
 -2.222591 inf 0.000000
 -2.202658 inf 0.000000
 -2.182724 inf 0.000000
 -2.162791 inf 0.000000
 -2.142857 inf 0.000000
 -2.122924 inf 0.000000
 -2.102990 inf 0.000000
 -2.083056 53.249048 -497.553265
 -2.063123 45.256863 -305.299442
 -2.043189 40.985162 -128.413751
 -2.023256 39.603983 -36.572906
 -2.003322 38.209636 -124.295143
 -1.983389 35.297715 -135.659982
 -1.963455 32.933355 -107.371024
 -1.943522 30.833485 -114.227325
 -1.923588 28.486852 -111.126179
 -1.903654 26.337527 -109.881766
 -1.883721 24.099614 -112.179003
 -1.863787 21.909864 -99.544905
 -1.843854 20.169168 -92.891558
 -1.823920 18.216269 -90.840458
 -1.803987 16.124345 -112.993804
 -1.784053 14.635816 -39.880770
 -1.764120 13.796556 -56.142911
 -1.744186 12.349029 -79.282061
 -1.724252 11.011150 -59.422778
 -1.704319 9.794484 -60.124861
 -1.684385 8.648592 -55.378644
 -1.664452 7.288004 -73.893378
 -1.644518 6.040936 -53.226235
 -1.624585 5.339801 -23.069991
 -1.604651 4.798559 -32.164627
 -1.584718 4.091481 -37.508629
 -1.564784 3.330603 -37.682709
 -1.544850 2.667118 -26.832925
 -1.524917 2.194550 -22.897054
 -1.504983 1.747128 -22.892209
 -1.485050 1.305325 -20.811127
 -1.465116 0.898077 -20.346364
 -1.445183 0.518388 -15.841274
 -1.425249 0.266692 -12.050505
 -1.405316 0.041645 -9.615671
 -1.385382 -0.118953 -6.964037
 -1.365449 -0.262593 -6.728461
 -1.345515 -0.354758 -2.601239
 -1.325581 -0.413985 -4.286438
 -1.305648 -0.503791 -3.833923
 -1.285714 -0.540187 -0.755268
 -1.265781 -0.547403 1.196856
 -1.245847 -0.503540 1.473558
 -1.225914 -0.449275 5.980491
 -1.205980 -0.310425 6.087987
 -1.186047 -0.206175 5.000839
 -1.166113 -0.075966 7.809932
 -1.146179 0.074894 7.391854
 -1.126246 0.256440 10.629429
 -1.106312 0.478119 11.450705
 -1.086379 0.725483 14.231327
 -1.066445 1.026033 13.545120
 -1.046512 1.287002 15.792685
 -1.026578 1.619736 15.223025
 -1.006645 1.912247 14.071010
 -0.986711 2.158338 11.499769
 -0.966777 2.365824 9.924813
 -0.946844 2.674438 19.230933
 -0.926910 2.991244 14.523469
 -0.906977 3.396247 24.249492
 -0.887043 3.798361 16.212612
 -0.867110 4.129554 18.951676
 -0.847176 4.588617 25.916302
 -0.827243 4.998874 14.137714
 -0.807309 5.426939 30.707087
 -0.787375 5.642305 -10.338248
 -0.767442 5.897893 49.726299
 -0.747508 7.023854 40.143726
 -0.727575 7.596278 21.510418
 -0.707641 7.988877 20.864624
 -0.687708 8.399461 17.549245
 -0.667774 8.688254 12.636885
 -0.647841 8.861034 6.439014
 -0.627907 9.254312 27.836076
 -0.607973 9.628769 25.145128
 -0.588040 10.281012 23.903252
 -0.568106 10.585375 11.601565
 -0.548173 10.836733 11.737511
 -0.528239 10.927633 0.159946
 -0.508306 10.944653 -0.447356
 -0.488372 10.909085 7.638029
 -0.468439 11.707885 80.340794
 -0.448505 13.485627 51.311692
 -0.428571 13.985218 17.317785
 -0.408638 14.300877 16.287271
 -0.388704 14.659020 16.844018
 -0.368771 14.873516 9.082576
 -0.348837 15.124703 16.350121
 -0.328904 15.615616 26.683655
 -0.308970 15.915476 6.807688
 -0.289037 16.070490 10.699378
 -0.269103 16.294880 8.905083
 -0.249169 16.361541 -3.931944
 -0.229236 16.129759 -15.518894
 -0.209302 16.140181 30.557842
 -0.189369 17.174424 43.655156
 -0.169435 17.594805 10.685536
 -0.149502 17.729656 1.787422
 -0.129568 17.774491 5.536445
 -0.109635 17.872826 1.348748
 -0.089701 17.922355 4.514700
 -0.069767 18.003932 5.187637
 -0.049834 18.130099 6.419771
 -0.029900 18.271394 4.019522
 -0.009967 18.062851 -24.379819
 0.009967 17.818322 7.525720
 0.029900 18.028727 4.891705
 0.049834 18.079538 -0.570684
 0.069767 17.898989 -8.527216
 0.089701 17.911576 1.662711
 0.109635 17.845031 -4.575925
 0.129568 17.758442 -8.254072
 0.149502 17.536169 -11.176926
 0.169435 17.410380 -1.330255
 0.189369 17.348545 -8.098128
 0.209302 17.118842 -9.900338
 0.229236 16.942566 -12.902435
 0.249169 16.690431 -7.898717
 0.269103 16.579396 -7.350641
 0.289037 16.363106 -13.149987
 0.308970 16.008688 -21.281540
 0.328904 15.617337 -16.254149
 0.348837 15.301033 -16.681098
 0.368771 14.999700 -13.327237
 0.388704 14.741224 -13.617794
 0.408638 14.449514 -15.053618
 0.428571 14.104907 -19.845285
 0.448505 13.666510 -23.348248
 0.468439 13.340518 -8.364709
 0.488372 13.082895 -21.782222
 0.508306 12.631376 -19.478860
 0.528239 12.233919 -23.086484
 0.548173 11.771780 -19.481632
 0.568106 11.389925 -22.776876
 0.588040 10.911986 -21.194783
 0.607973 10.541894 -19.635180
 0.627907 10.085220 -24.775783
 0.647841 9.680115 -16.154083
 0.667774 9.301636 -22.893930
 0.687708 8.843364 -22.269974
 0.707641 8.384249 -26.141257
 0.727575 7.840248 -24.484691
 0.747508 7.397910 -22.591673
 0.767442 6.928471 -26.188334
 0.787375 6.416784 -21.527388
 0.807309 6.030985 -19.923906
 0.827243 5.586747 -23.923407
 0.847176 5.150585 -19.271862
 0.867110 4.739314 -23.625606
 0.887043 4.286583 -20.085851
 0.906977 3.922402 -16.869893
 0.926910 3.578669 -17.541437
 0.946844 3.199705 -20.685515
 0.966777 2.799013 -18.498122
 0.986711 2.436518 -20.206024
 1.006645 2.034154 -18.978047
 1.026578 1.698785 -14.188819
 1.046512 1.395431 -17.399453
 1.066445 1.078613 -13.744809
 1.086379 0.788928 -15.941619
 1.106312 0.490169 -13.905126
 1.126246 0.205606 -13.649186
 1.146179 0.010767 -6.218474
 1.166113 -0.124894 -8.688079
 1.186047 -0.331105 -10.923922
 1.205980 -0.527050 -8.282175
 1.225914 -0.646383 -3.629895
 1.245847 -0.700615 -2.330047
 1.265781 -0.711017 0.509566
 1.285714 -0.724621 -0.648929
 1.305648 -0.706022 1.283683
 1.325581 -0.692601 1.471592
 1.345515 -0.588406 7.729581
 1.365449 -0.438669 9.071206
 1.385382 -0.199714 12.573179
 1.405316 0.014886 10.185570
 1.425249 0.222686 12.347950
 1.445183 0.566357 20.126201
 1.465116 0.985966 22.576586
 1.485050 1.436729 21.106008
 1.504983 1.853820 23.218201
 1.524917 2.395087 29.309632
 1.544850 3.009404 32.200192
 1.564784 3.659328 33.738163
 1.584718 4.358468 37.009622
 1.604651 5.141391 40.440002
 1.624585 5.989528 45.312067
 1.644518 6.925281 46.730011
 1.664452 7.911650 55.708333
 1.684385 9.070728 55.784406
 1.704319 10.161652 55.108334
 1.724252 11.316949 61.622249
 1.744186 12.653923 71.002862
 1.764120 14.017695 66.119332
 1.784053 15.434524 76.240005
 1.803987 17.004564 78.445603
 1.823920 18.519102 77.997210
 1.843854 20.062108 73.517394
 1.863787 21.934024 118.016265
 1.883721 24.181305 97.552038
 1.903654 26.098673 98.638490
 1.923588 28.160383 110.061915
 1.943522 30.416901 111.660329
 1.963455 32.774159 129.420412
 1.983389 35.429225 117.651748
 2.003322 37.955786 149.609939
 2.023256 40.961785 136.492403
 2.043189 44.597647 252.084799
 2.063123 inf 0.000000
 2.083056 inf 0.000000
 2.102990 inf 0.000000
 2.122924 inf 0.000000
 2.142857 inf 0.000000
 2.162791 inf 0.000000
 2.182724 inf 0.000000
 2.202658 inf 0.000000
 2.222591 inf 0.000000
 2.242525 inf 0.000000
 2.262458 inf 0.000000
 2.282392 inf 0.000000
 2.302326 inf 0.000000
 2.322259 inf 0.000000
 2.342193 inf 0.000000
 2.362126 inf 0.000000
 2.382060 inf 0.000000
 2.401993 inf 0.000000
 2.421927 inf 0.000000
 2.441860 inf 0.000000
 2.461794 inf 0.000000
 2.481728 inf 0.000000
 2.501661 inf 0.000000
 2.521595 inf 0.000000
 2.541528 inf 0.000000
 2.561462 inf 0.000000
 2.581395 inf 0.000000
 2.601329 inf 0.000000
 2.621262 inf 0.000000
 2.641196 inf 0.000000
 2.661130 inf 0.000000
 2.681063 inf 0.000000
 2.700997 inf 0.000000
 2.720930 inf 0.000000
 2.740864 inf 0.000000
 2.760797 inf 0.000000
 2.780731 inf 0.000000
 2.800664 inf 0.000000
 2.820598 inf 0.000000
 2.840532 inf 0.000000
 2.860465 inf 0.000000
 2.880399 inf 0.000000
 2.900332 inf 0.000000
 2.920266 inf 0.000000
 2.940199 inf 0.000000
 2.960133 inf 0.000000
 2.980066 inf 0.000000
 3.000000 inf 0.000000
