#! FIELDS p.x fes dfes_p.x
#! SET normalisation  1.000000
#! SET min_p.x -3
#! SET max_p.x 3
#! SET nbins_p.x  301
#! SET periodic_p.x false
 -3.000000 inf 0.000000
 -2.980066 inf 0.000000
 -2.960133 inf 0.000000
 -2.940199 inf 0.000000
 -2.920266 inf 0.000000
 -2.900332 inf 0.000000
 -2.880399 inf 0.000000
 -2.860465 inf 0.000000
 -2.840532 inf 0.000000
 -2.820598 inf 0.000000
 -2.800664 inf 0.000000
 -2.780731 inf 0.000000
 -2.760797 inf 0.000000
 -2.740864 inf 0.000000
 -2.720930 inf 0.000000
 -2.700997 inf 0.000000
 -2.681063 inf 0.000000
 -2.661130 inf 0.000000
 -2.641196 inf 0.000000
 -2.621262 inf 0.000000
 -2.601329 inf 0.000000
 -2.581395 inf 0.000000
 -2.561462 inf 0.000000
 -2.541528 inf 0.000000
 -2.521595 inf 0.000000
 -2.501661 inf 0.000000
 -2.481728 inf 0.000000
 -2.461794 inf 0.000000
 -2.441860 inf 0.000000
 -2.421927 inf 0.000000
 -2.401993 inf 0.000000
 -2.382060 inf 0.000000
 -2.362126 inf 0.000000
 -2.342193 inf 0.000000
 -2.322259 inf 0.000000
 -2.302326 inf 0.000000
 -2.282392 inf 0.000000
 -2.262458 inf 0.000000
 -2.242525 inf 0.000000
 -2.222591 inf 0.000000
 -2.202658 inf 0.000000
 -2.182724 inf 0.000000
 -2.162791 inf 0.000000
 -2.142857 inf 0.000000
 -2.122924 inf 0.000000
 -2.102990 inf 0.000000
 -2.083056 52.876689 -497.553265
 -2.063123 44.885550 -305.147352
 -2.043189 40.630492 -126.013455
 -2.023256 39.423851 -17.467929
 -2.003322 38.578946 -120.384424
 -1.983389 35.517952 -126.650225
 -1.963455 33.410321 -101.044364
 -1.943522 31.335643 -111.900060
 -1.923588 29.159052 -108.441148
 -1.903654 26.780679 -126.063141
 -1.883721 24.330044 -121.833598
 -1.863787 21.905084 -106.164622
 -1.843854 20.206782 -88.638183
 -1.823920 18.199232 -95.867328
 -1.803987 15.930515 -121.131639
 -1.784053 14.417361 -35.782247
 -1.764120 13.687959 -51.776329
 -1.744186 12.207340 -83.954677
 -1.724252 10.845284 -58.481222
 -1.704319 9.620328 -60.959604
 -1.684385 8.466953 -55.886029
 -1.664452 7.040666 -77.315234
 -1.644518 5.772736 -52.904287
 -1.624585 5.109361 -19.986085
 -1.604651 4.620294 -30.583666
 -1.584718 3.921993 -38.019831
 -1.564784 3.139778 -38.811887
 -1.544850 2.461726 -26.489647
 -1.524917 2.025800 -20.566825
 -1.504983 1.603544 -22.223417
 -1.485050 1.183726 -19.644841
 -1.465116 0.796681 -19.719677
 -1.445183 0.418777 -15.680867
 -1.425249 0.173345 -12.369356
 -1.405316 -0.062467 -9.579958
 -1.385382 -0.202982 -5.751005
 -1.365449 -0.332570 -6.041465
 -1.345515 -0.404739 -1.715408
 -1.325581 -0.454684 -3.952166
 -1.305648 -0.529892 -3.237478
 -1.285714 -0.566180 -1.214707
 -1.265781 -0.581683 1.208409
 -1.245847 -0.543339 0.139944
 -1.225914 -0.507952 6.908007
 -1.205980 -0.351599 5.032013
 -1.186047 -0.285976 3.449779
 -1.166113 -0.163842 8.270529
 -1.146179 -0.012683 6.765008
 -1.126246 0.165640 11.487981
 -1.106312 0.402161 11.281922
 -1.086379 0.636372 13.573134
 -1.066445 0.929715 13.591455
 -1.046512 1.194025 15.825968
 -1.026578 1.519111 15.046153
 -1.006645 1.823102 14.682966
 -0.986711 2.055218 9.991933
 -0.966777 2.236810 8.717536
 -0.946844 2.525822 18.257980
 -0.926910 2.806494 12.610579
 -0.906977 3.210268 25.405974
 -0.887043 3.613767 14.851087
 -0.867110 3.912194 17.685731
 -0.847176 4.368575 27.052600
 -0.827243 4.791943 13.666757
 -0.807309 5.213693 30.737991
 -0.787375 5.381859 -13.752686
 -0.767442 5.629755 53.029377
 -0.747508 6.866230 43.549949
 -0.727575 7.448331 20.886500
 -0.707641 7.823255 19.986478
 -0.687708 8.239698 18.623406
 -0.667774 8.509835 9.567403
 -0.647841 8.619042 4.317127
 -0.627907 9.005202 28.076074
 -0.607973 9.366097 25.626315
 -0.588040 10.057499 25.140392
 -0.568106 10.340624 9.112993
 -0.548173 10.561217 11.241126
 -0.528239 10.633267 -1.489592
 -0.508306 10.619900 -1.466349
 -0.488372 10.572040 7.489935
 -0.468439 11.395540 84.205594
 -0.448505 13.381589 62.285731
 -0.428571 13.940938 16.809798
 -0.408638 14.270112 17.238983
 -0.388704 14.604545 15.717796
 -0.368771 14.839294 10.895825
 -0.348837 15.058023 12.479305
 -0.328904 15.570319 31.676644
 -0.308970 15.889589 5.054620
 -0.289037 16.023075 10.102306
 -0.269103 16.230540 6.758344
 -0.249169 16.246935 -5.741776
 -0.229236 15.963299 -18.963998
 -0.209302 15.937411 32.982382
 -0.189369 17.181680 56.588883
 -0.169435 17.669824 9.757518
 -0.149502 17.795015 3.781919
 -0.129568 17.894806 5.073595
 -0.109635 17.968110 -0.025244
 -0.089701 17.935119 -0.202577
 -0.069767 17.978593 5.556246
 -0.049834 18.121822 7.368350
 -0.029900 18.316187 7.328358
 -0.009967 18.038991 -34.783972
 0.009967 17.697237 9.821131
 0.029900 17.967580 5.492006
 0.049834 18.030396 -0.765345
 0.069767 17.797775 -9.813929
 0.089701 17.871277 6.839170
 0.109635 17.864077 -3.419438
 0.129568 17.806188 -7.326711
 0.149502 17.551398 -14.336401
 0.169435 17.390505 -1.053099
 0.189369 17.340261 -9.778746
 0.209302 17.058584 -9.896283
 0.229236 16.934438 -9.350889
 0.249169 16.760960 -4.966576
 0.269103 16.655369 -9.483802
 0.289037 16.397849 -13.285313
 0.308970 16.067358 -20.978273
 0.328904 15.614911 -20.630418
 0.348837 15.239948 -18.669688
 0.368771 14.896652 -14.504501
 0.388704 14.653860 -11.873816
 0.408638 14.409608 -10.726384
 0.428571 14.193452 -13.498621
 0.448505 13.827777 -22.633914
 0.468439 13.428291 -14.586564
 0.488372 13.132604 -18.422101
 0.508306 12.734584 -19.251401
 0.528239 12.314597 -25.642340
 0.548173 11.816799 -19.670950
 0.568106 11.450609 -21.913086
 0.588040 10.950019 -23.405120
 0.607973 10.571812 -17.747277
 0.627907 10.174828 -22.436642
 0.647841 9.769921 -17.204604
 0.667774 9.373568 -23.718405
 0.687708 8.870765 -25.519446
 0.707641 8.374228 -26.808527
 0.727575 7.821971 -23.674728
 0.747508 7.424174 -20.634123
 0.767442 6.957370 -26.757401
 0.787375 6.436356 -22.139751
 0.807309 6.053377 -20.036358
 0.827243 5.578563 -25.142924
 0.847176 5.142016 -18.731181
 0.867110 4.767377 -20.940864
 0.887043 4.329793 -21.145991
 0.906977 3.947333 -17.406972
 0.926910 3.572663 -19.565249
 0.946844 3.172700 -21.341376
 0.966777 2.768358 -17.762396
 0.986711 2.431731 -19.184820
 1.006645 2.038057 -18.363154
 1.026578 1.708463 -15.620297
 1.046512 1.368618 -18.231535
 1.066445 1.061657 -12.248911
 1.086379 0.788594 -16.680584
 1.106312 0.462838 -15.254669
 1.126246 0.173872 -12.662412
 1.146179 0.001144 -4.813327
 1.166113 -0.111672 -8.563727
 1.186047 -0.315550 -10.022349
 1.205980 -0.485818 -7.149508
 1.225914 -0.598509 -5.365795
 1.245847 -0.709984 -4.417275
 1.265781 -0.729584 0.814326
 1.285714 -0.749760 -1.057868
 1.305648 -0.738157 0.430827
 1.325581 -0.720794 3.288638
 1.345515 -0.575366 8.470996
 1.365449 -0.429654 9.444263
 1.385382 -0.193074 11.489212
 1.405316 0.017095 10.761950
 1.425249 0.219278 11.787844
 1.445183 0.584072 22.297720
 1.465116 1.023340 21.678015
 1.485050 1.439930 19.201607
 1.504983 1.826893 23.208555
 1.524917 2.381230 29.623381
 1.544850 3.009751 33.193639
 1.564784 3.667487 34.268591
 1.584718 4.351052 33.711480
 1.604651 5.088097 40.365731
 1.624585 5.931353 44.181440
 1.644518 6.855929 46.953624
 1.664452 7.857524 57.440299
 1.684385 9.069286 57.630139
 1.704319 10.178459 56.706733
 1.724252 11.330744 59.719132
 1.744186 12.674000 72.641594
 1.764120 14.084138 69.791779
 1.784053 15.573911 77.991119
 1.803987 17.095043 76.450615
 1.823920 18.623883 75.899955
 1.843854 20.018276 64.898992
 1.863787 21.858121 124.452209
 1.883721 24.239683 97.558974
 1.903654 26.111351 98.935715
 1.923588 28.282006 122.222982
 1.943522 30.810591 115.154674
 1.963455 33.132191 132.888654
 1.983389 35.820519 102.218997
 2.003322 38.523602 204.791235
 2.023256 44.727570 384.637534
 2.043189 inf 0.000000
 2.063123 inf 0.000000
 2.083056 inf 0.000000
 2.102990 inf 0.000000
 2.122924 inf 0.000000
 2.142857 inf 0.000000
 2.162791 inf 0.000000
 2.182724 inf 0.000000
 2.202658 inf 0.000000
 2.222591 inf 0.000000
 2.242525 inf 0.000000
 2.262458 inf 0.000000
 2.282392 inf 0.000000
 2.302326 inf 0.000000
 2.322259 inf 0.000000
 2.342193 inf 0.000000
 2.362126 inf 0.000000
 2.382060 inf 0.000000
 2.401993 inf 0.000000
 2.421927 inf 0.000000
 2.441860 inf 0.000000
 2.461794 inf 0.000000
 2.481728 inf 0.000000
 2.501661 inf 0.000000
 2.521595 inf 0.000000
 2.541528 inf 0.000000
 2.561462 inf 0.000000
 2.581395 inf 0.000000
 2.601329 inf 0.000000
 2.621262 inf 0.000000
 2.641196 inf 0.000000
 2.661130 inf 0.000000
 2.681063 inf 0.000000
 2.700997 inf 0.000000
 2.720930 inf 0.000000
 2.740864 inf 0.000000
 2.760797 inf 0.000000
 2.780731 inf 0.000000
 2.800664 inf 0.000000
 2.820598 inf 0.000000
 2.840532 inf 0.000000
 2.860465 inf 0.000000
 2.880399 inf 0.000000
 2.900332 inf 0.000000
 2.920266 inf 0.000000
 2.940199 inf 0.000000
 2.960133 inf 0.000000
 2.980066 inf 0.000000
 3.000000 inf 0.000000
