#! FIELDS p.x fes dfes_p.x
#! SET normalisation  1.000000
#! SET min_p.x -3
#! SET max_p.x 3
#! SET nbins_p.x  301
#! SET periodic_p.x false
 -3.000000 inf 0.000000
 -2.980066 inf 0.000000
 -2.960133 inf 0.000000
 -2.940199 inf 0.000000
 -2.920266 inf 0.000000
 -2.900332 inf 0.000000
 -2.880399 inf 0.000000
 -2.860465 inf 0.000000
 -2.840532 inf 0.000000
 -2.820598 inf 0.000000
 -2.800664 inf 0.000000
 -2.780731 inf 0.000000
 -2.760797 inf 0.000000
 -2.740864 inf 0.000000
 -2.720930 inf 0.000000
 -2.700997 inf 0.000000
 -2.681063 inf 0.000000
 -2.661130 inf 0.000000
 -2.641196 inf 0.000000
 -2.621262 inf 0.000000
 -2.601329 inf 0.000000
 -2.581395 inf 0.000000
 -2.561462 inf 0.000000
 -2.541528 inf 0.000000
 -2.521595 inf 0.000000
 -2.501661 inf 0.000000
 -2.481728 inf 0.000000
 -2.461794 inf 0.000000
 -2.441860 inf 0.000000
 -2.421927 inf 0.000000
 -2.401993 inf 0.000000
 -2.382060 inf 0.000000
 -2.362126 inf 0.000000
 -2.342193 inf 0.000000
 -2.322259 inf 0.000000
 -2.302326 inf 0.000000
 -2.282392 inf 0.000000
 -2.262458 inf 0.000000
 -2.242525 inf 0.000000
 -2.222591 inf 0.000000
 -2.202658 inf 0.000000
 -2.182724 inf 0.000000
 -2.162791 inf 0.000000
 -2.142857 inf 0.000000
 -2.122924 inf 0.000000
 -2.102990 inf 0.000000
 -2.083056 53.481452 -497.553265
 -2.063123 45.489266 -305.299762
 -2.043189 41.217140 -128.530148
 -2.023256 39.786237 -45.690053
 -2.003322 38.125661 -129.155911
 -1.983389 35.305194 -129.919083
 -1.963455 32.993992 -108.087799
 -1.943522 30.832660 -115.868635
 -1.923588 28.495418 -110.716301
 -1.903654 26.390598 -105.071358
 -1.883721 24.223759 -110.518736
 -1.863787 22.052918 -99.591739
 -1.843854 20.294767 -93.174362
 -1.823920 18.358414 -89.879860
 -1.803987 16.293988 -111.832806
 -1.784053 14.789060 -43.168437
 -1.764120 13.857393 -59.152339
 -1.744186 12.437385 -76.096558
 -1.724252 11.123544 -59.642898
 -1.704319 9.904160 -59.777474
 -1.684385 8.766286 -55.626879
 -1.664452 7.428108 -71.774601
 -1.644518 6.199255 -53.264556
 -1.624585 5.478954 -24.675864
 -1.604651 4.906153 -33.343289
 -1.584718 4.194859 -37.234240
 -1.564784 3.442782 -37.185410
 -1.544850 2.779650 -27.328002
 -1.524917 2.290897 -23.935195
 -1.504983 1.828890 -23.214466
 -1.485050 1.378288 -21.590786
 -1.465116 0.958621 -20.646688
 -1.445183 0.579246 -15.582342
 -1.425249 0.332202 -11.702432
 -1.405316 0.111522 -9.802526
 -1.385382 -0.059881 -7.704758
 -1.365449 -0.211314 -6.772198
 -1.345515 -0.308724 -3.134713
 -1.325581 -0.376313 -4.544667
 -1.305648 -0.467796 -3.847543
 -1.285714 -0.509848 -1.110786
 -1.265781 -0.510567 2.091925
 -1.245847 -0.448160 2.726628
 -1.225914 -0.376054 5.724458
 -1.205980 -0.255003 5.479142
 -1.186047 -0.152712 4.961777
 -1.166113 -0.028394 7.514883
 -1.146179 0.131423 8.157880
 -1.126246 0.312932 10.150099
 -1.106312 0.528544 11.649930
 -1.086379 0.791969 14.769707
 -1.066445 1.091783 13.913372
 -1.046512 1.363551 15.750770
 -1.026578 1.700026 16.018008
 -1.006645 2.009464 14.759326
 -0.986711 2.261824 11.653523
 -0.966777 2.483523 10.933964
 -0.946844 2.795304 18.768533
 -0.926910 3.116024 15.302228
 -0.906977 3.527680 24.247779
 -0.887043 3.934125 16.476877
 -0.867110 4.267300 18.772463
 -0.847176 4.717101 25.358578
 -0.827243 5.123508 14.441748
 -0.807309 5.549234 29.840710
 -0.787375 5.785427 -7.489657
 -0.767442 6.057419 47.901364
 -0.747508 7.116405 37.466606
 -0.727575 7.662851 21.051898
 -0.707641 8.055556 21.152366
 -0.687708 8.478415 18.094790
 -0.667774 8.776399 13.422344
 -0.647841 8.977518 8.128007
 -0.627907 9.377291 27.575776
 -0.607973 9.765350 24.928619
 -0.588040 10.397026 24.113074
 -0.568106 10.718322 12.424939
 -0.548173 10.982293 12.313656
 -0.528239 11.095933 1.549892
 -0.508306 11.132307 0.202733
 -0.488372 11.109925 8.000018
 -0.468439 11.896521 78.150810
 -0.448505 13.571044 45.890429
 -0.428571 14.000233 15.410440
 -0.408638 14.320317 17.167174
 -0.388704 14.680402 16.919971
 -0.368771 14.932905 11.318065
 -0.348837 15.179506 14.320517
 -0.328904 15.626188 25.464556
 -0.308970 15.951168 9.331112
 -0.289037 16.146719 12.153289
 -0.269103 16.388482 9.415450
 -0.249169 16.470577 -2.782926
 -0.229236 16.265450 -14.291479
 -0.209302 16.280877 28.844566
 -0.189369 17.230941 39.633343
 -0.169435 17.621816 10.154493
 -0.149502 17.752894 3.115591
 -0.129568 17.824051 5.208307
 -0.109635 17.864403 -2.570833
 -0.089701 17.881069 4.580527
 -0.069767 17.997591 7.922196
 -0.049834 18.147145 6.249071
 -0.029900 18.251962 1.169768
 -0.009967 18.069139 -18.713353
 0.009967 17.871414 5.729838
 0.029900 18.040549 3.539267
 0.049834 18.063478 -0.692600
 0.069767 17.900043 -9.287434
 0.089701 17.864344 0.536180
 0.109635 17.821074 -3.143682
 0.129568 17.755976 -6.507591
 0.149502 17.579018 -9.158084
 0.169435 17.438469 -5.484964
 0.189369 17.301993 -9.377706
 0.209302 17.043681 -13.004201
 0.229236 16.826083 -12.007263
 0.249169 16.622315 -5.695800
 0.269103 16.517188 -7.846479
 0.289037 16.303869 -13.122173
 0.308970 15.955257 -20.176140
 0.328904 15.583515 -15.366058
 0.348837 15.287955 -16.537124
 0.368771 14.953053 -14.934914
 0.388704 14.713965 -11.538182
 0.408638 14.429455 -16.133985
 0.428571 14.074034 -19.744937
 0.448505 13.634955 -23.535204
 0.468439 13.289324 -10.376947
 0.488372 12.993339 -22.808629
 0.508306 12.521728 -20.500531
 0.528239 12.140271 -20.933811
 0.548173 11.708101 -18.274934
 0.568106 11.350087 -22.488088
 0.588040 10.865039 -21.795781
 0.607973 10.486379 -19.852576
 0.627907 10.032064 -24.539356
 0.647841 9.602858 -17.951123
 0.667774 9.213162 -22.828029
 0.687708 8.759068 -21.939683
 0.707641 8.305716 -25.290597
 0.727575 7.792686 -23.427399
 0.747508 7.351363 -22.629163
 0.767442 6.891721 -25.256971
 0.787375 6.383342 -22.533255
 0.807309 5.976152 -19.994270
 0.827243 5.549517 -23.179570
 0.847176 5.108287 -20.432929
 0.867110 4.672394 -23.386913
 0.887043 4.233364 -20.574426
 0.906977 3.833844 -19.345424
 0.926910 3.456604 -18.606900
 0.946844 3.086846 -18.521117
 0.966777 2.712387 -18.235425
 0.986711 2.361735 -18.624784
 1.006645 1.980611 -19.179449
 1.026578 1.629853 -14.894935
 1.046512 1.335056 -16.455347
 1.066445 1.031178 -13.568033
 1.086379 0.733513 -15.835737
 1.106312 0.451622 -13.221157
 1.126246 0.186523 -12.280176
 1.146179 0.001634 -6.894860
 1.166113 -0.157232 -10.070429
 1.186047 -0.379609 -10.305348
 1.205980 -0.538457 -6.365280
 1.225914 -0.645655 -4.354319
 1.245847 -0.724741 -3.269062
 1.265781 -0.733280 1.379735
 1.285714 -0.735897 -0.730166
 1.305648 -0.718065 1.948882
 1.325581 -0.684922 2.148215
 1.345515 -0.579307 7.376848
 1.365449 -0.442334 7.698999
 1.385382 -0.234553 11.860447
 1.405316 -0.022062 9.526332
 1.425249 0.185946 13.411486
 1.445183 0.533124 19.213546
 1.465116 0.946659 22.844527
 1.485050 1.382217 20.071550
 1.504983 1.804555 24.000146
 1.524917 2.361523 30.151195
 1.544850 2.974343 31.675292
 1.564784 3.633277 34.377654
 1.584718 4.334174 36.910274
 1.604651 5.133626 41.971545
 1.624585 5.988587 44.186002
 1.644518 6.895641 46.041853
 1.664452 7.886262 56.263998
 1.684385 9.042606 55.454125
 1.704319 10.135412 54.776635
 1.724252 11.261519 58.957302
 1.744186 12.542972 69.252050
 1.764120 13.913731 67.737542
 1.784053 15.327399 73.786616
 1.803987 16.858859 78.813189
 1.823920 18.433257 81.168658
 1.843854 20.030062 76.970706
 1.863787 21.906650 114.106428
 1.883721 24.106870 98.468640
 1.903654 26.019548 96.465739
 1.923588 28.105144 114.264310
 1.943522 30.390141 111.643131
 1.963455 32.762810 126.721484
 1.983389 35.218674 108.110454
 2.003322 37.641739 143.154986
 2.023256 40.745670 163.725337
 2.043189 44.782488 257.911460
 2.063123 inf 0.000000
 2.083056 inf 0.000000
 2.102990 inf 0.000000
 2.122924 inf 0.000000
 2.142857 inf 0.000000
 2.162791 inf 0.000000
 2.182724 inf 0.000000
 2.202658 inf 0.000000
 2.222591 inf 0.000000
 2.242525 inf 0.000000
 2.262458 inf 0.000000
 2.282392 inf 0.000000
 2.302326 inf 0.000000
 2.322259 inf 0.000000
 2.342193 inf 0.000000
 2.362126 inf 0.000000
 2.382060 inf 0.000000
 2.401993 inf 0.000000
 2.421927 inf 0.000000
 2.441860 inf 0.000000
 2.461794 inf 0.000000
 2.481728 inf 0.000000
 2.501661 inf 0.000000
 2.521595 inf 0.000000
 2.541528 inf 0.000000
 2.561462 inf 0.000000
 2.581395 inf 0.000000
 2.601329 inf 0.000000
 2.621262 inf 0.000000
 2.641196 inf 0.000000
 2.661130 inf 0.000000
 2.681063 inf 0.000000
 2.700997 inf 0.000000
 2.720930 inf 0.000000
 2.740864 inf 0.000000
 2.760797 inf 0.000000
 2.780731 inf 0.000000
 2.800664 inf 0.000000
 2.820598 inf 0.000000
 2.840532 inf 0.000000
 2.860465 inf 0.000000
 2.880399 inf 0.000000
 2.900332 inf 0.000000
 2.920266 inf 0.000000
 2.940199 inf 0.000000
 2.960133 inf 0.000000
 2.980066 inf 0.000000
 3.000000 inf 0.000000
