#! FIELDS p.x fes dfes_p.x
#! SET normalisation  1.000000
#! SET min_p.x -3
#! SET max_p.x 3
#! SET nbins_p.x  301
#! SET periodic_p.x false
 -3.000000 inf 0.000000
 -2.980066 inf 0.000000
 -2.960133 inf 0.000000
 -2.940199 inf 0.000000
 -2.920266 inf 0.000000
 -2.900332 inf 0.000000
 -2.880399 inf 0.000000
 -2.860465 inf 0.000000
 -2.840532 inf 0.000000
 -2.820598 inf 0.000000
 -2.800664 inf 0.000000
 -2.780731 inf 0.000000
 -2.760797 inf 0.000000
 -2.740864 inf 0.000000
 -2.720930 inf 0.000000
 -2.700997 inf 0.000000
 -2.681063 inf 0.000000
 -2.661130 inf 0.000000
 -2.641196 inf 0.000000
 -2.621262 inf 0.000000
 -2.601329 inf 0.000000
 -2.581395 inf 0.000000
 -2.561462 inf 0.000000
 -2.541528 inf 0.000000
 -2.521595 inf 0.000000
 -2.501661 inf 0.000000
 -2.481728 inf 0.000000
 -2.461794 inf 0.000000
 -2.441860 inf 0.000000
 -2.421927 inf 0.000000
 -2.401993 inf 0.000000
 -2.382060 inf 0.000000
 -2.362126 inf 0.000000
 -2.342193 inf 0.000000
 -2.322259 inf 0.000000
 -2.302326 inf 0.000000
 -2.282392 inf 0.000000
 -2.262458 inf 0.000000
 -2.242525 inf 0.000000
 -2.222591 inf 0.000000
 -2.202658 inf 0.000000
 -2.182724 inf 0.000000
 -2.162791 inf 0.000000
 -2.142857 inf 0.000000
 -2.122924 inf 0.000000
 -2.102990 inf 0.000000
 -2.083056 53.281236 -497.553265
 -2.063123 45.289050 -305.299762
 -2.043189 41.016925 -128.529879
 -2.023256 39.587927 -45.053378
 -2.003322 38.063172 -116.491048
 -1.983389 35.291228 -133.337252
 -1.963455 32.945901 -107.048326
 -1.943522 30.849751 -113.979652
 -1.923588 28.507896 -110.999094
 -1.903654 26.359881 -109.807743
 -1.883721 24.124256 -112.045493
 -1.863787 21.936793 -99.490372
 -1.843854 20.196351 -92.830000
 -1.823920 18.244558 -90.906634
 -1.803987 16.148997 -113.067556
 -1.784053 14.660895 -39.854279
 -1.764120 13.822028 -56.099384
 -1.744186 12.373589 -79.444318
 -1.724252 11.033951 -59.497896
 -1.704319 9.814602 -60.092664
 -1.684385 8.672645 -55.187689
 -1.664452 7.315584 -73.761799
 -1.644518 6.069527 -53.247578
 -1.624585 5.366074 -23.293672
 -1.604651 4.820193 -32.243208
 -1.584718 4.114481 -37.476333
 -1.564784 3.348677 -38.167526
 -1.544850 2.676507 -27.024697
 -1.524917 2.207821 -22.582278
 -1.504983 1.764018 -22.714532
 -1.485050 1.326044 -20.694142
 -1.465116 0.920289 -20.281589
 -1.445183 0.541386 -15.844746
 -1.425249 0.287353 -12.290876
 -1.405316 0.060375 -9.512835
 -1.385382 -0.098579 -6.951485
 -1.365449 -0.242405 -6.740254
 -1.345515 -0.334527 -2.596047
 -1.325581 -0.393560 -4.274871
 -1.305648 -0.485578 -4.099178
 -1.285714 -0.526598 -0.950742
 -1.265781 -0.532897 1.595153
 -1.245847 -0.484170 1.470365
 -1.225914 -0.430651 5.928344
 -1.205980 -0.292339 6.128316
 -1.186047 -0.187117 4.980644
 -1.166113 -0.060768 7.548666
 -1.146179 0.092113 7.705144
 -1.126246 0.274346 10.401907
 -1.106312 0.492129 11.475523
 -1.086379 0.742173 14.232045
 -1.066445 1.044040 13.886168
 -1.046512 1.310831 15.879244
 -1.026578 1.643577 15.214283
 -1.006645 1.936089 14.074343
 -0.986711 2.182418 11.507306
 -0.966777 2.389869 9.912881
 -0.946844 2.697330 19.134652
 -0.926910 3.014045 14.610339
 -0.906977 3.419352 24.208639
 -0.887043 3.821731 16.261922
 -0.867110 4.153049 18.882782
 -0.847176 4.611024 25.934366
 -0.827243 5.022239 14.175665
 -0.807309 5.449270 30.642592
 -0.787375 5.668044 -10.098546
 -0.767442 5.924286 49.520779
 -0.747508 7.041842 39.778933
 -0.727575 7.613128 21.522591
 -0.707641 8.004526 20.971064
 -0.687708 8.419413 17.666740
 -0.667774 8.709132 12.691420
 -0.647841 8.884465 6.591574
 -0.627907 9.278423 27.800531
 -0.607973 9.653504 25.125321
 -0.588040 10.304177 23.898088
 -0.568106 10.609624 11.655078
 -0.548173 10.861620 11.783053
 -0.528239 10.954238 0.250342
 -0.508306 10.972577 -0.387340
 -0.488372 10.938097 7.644854
 -0.468439 11.734050 79.953352
 -0.448505 13.497760 50.790231
 -0.428571 13.988917 16.788828
 -0.408638 14.296587 15.977152
 -0.388704 14.652223 16.971005
 -0.368771 14.878171 9.703679
 -0.348837 15.133812 16.200944
 -0.328904 15.609453 25.644399
 -0.308970 15.907129 7.453833
 -0.289037 16.080420 11.527234
 -0.269103 16.311100 8.895930
 -0.249169 16.378083 -3.833251
 -0.229236 16.150123 -15.292729
 -0.209302 16.161330 30.266320
 -0.189369 17.177982 42.490549
 -0.169435 17.585215 10.407830
 -0.149502 17.719633 1.973709
 -0.129568 17.768712 5.692197
 -0.109635 17.870871 1.638189
 -0.089701 17.924651 4.656162
 -0.069767 18.007887 5.126921
 -0.049834 18.129248 6.012498
 -0.029900 18.260896 3.952948
 -0.009967 18.065327 -23.547863
 0.009967 17.826964 7.267362
 0.029900 18.027995 4.514309
 0.049834 18.074030 -0.708003
 0.069767 17.887956 -9.651346
 0.089701 17.858352 0.276459
 0.109635 17.801826 -3.469028
 0.129568 17.731097 -7.534885
 0.149502 17.521207 -10.793743
 0.169435 17.379701 -3.928844
 0.189369 17.266073 -9.024572
 0.209302 17.034096 -10.199441
 0.229236 16.863234 -11.583203
 0.249169 16.638751 -6.889189
 0.269103 16.538610 -7.091840
 0.289037 16.325510 -13.006272
 0.308970 15.979286 -20.692373
 0.328904 15.596626 -16.212048
 0.348837 15.276845 -16.683354
 0.368771 14.974325 -13.624686
 0.388704 14.709745 -13.830218
 0.408638 14.403182 -16.024153
 0.428571 14.066778 -18.694450
 0.448505 13.637810 -23.657212
 0.468439 13.301349 -8.264081
 0.488372 13.058036 -21.012087
 0.508306 12.615365 -19.425054
 0.528239 12.211908 -23.662443
 0.548173 11.745505 -19.371680
 0.568106 11.364986 -22.860440
 0.588040 10.878757 -21.656691
 0.607973 10.502422 -19.851598
 0.627907 10.056348 -23.792260
 0.647841 9.659196 -16.189704
 0.667774 9.280120 -23.020000
 0.687708 8.818401 -22.211351
 0.707641 8.362299 -25.975019
 0.727575 7.820268 -24.615048
 0.747508 7.378395 -22.233143
 0.767442 6.916956 -26.001195
 0.787375 6.407058 -21.156686
 0.807309 6.030010 -19.621223
 0.827243 5.590756 -23.702462
 0.847176 5.155715 -19.551451
 0.867110 4.731082 -24.120125
 0.887043 4.275269 -20.612874
 0.906977 3.900399 -16.800521
 0.926910 3.561636 -17.354429
 0.946844 3.186030 -20.756588
 0.966777 2.775570 -19.043892
 0.986711 2.411795 -19.852627
 1.006645 2.013177 -18.987069
 1.026578 1.672928 -14.592778
 1.046512 1.369829 -17.112931
 1.066445 1.057940 -13.546287
 1.086379 0.774917 -15.463746
 1.106312 0.484112 -13.661897
 1.126246 0.198782 -13.817833
 1.146179 0.005425 -6.025601
 1.166113 -0.130593 -8.885470
 1.186047 -0.340661 -10.966236
 1.205980 -0.532959 -8.028321
 1.225914 -0.647309 -3.482603
 1.245847 -0.702188 -2.370135
 1.265781 -0.712664 0.431294
 1.285714 -0.726223 -0.550796
 1.305648 -0.705158 1.492213
 1.325581 -0.687231 1.572837
 1.345515 -0.585683 7.477813
 1.365449 -0.437962 9.026808
 1.385382 -0.201276 12.454767
 1.405316 0.011196 10.052630
 1.425249 0.219567 12.455021
 1.445183 0.560401 19.836427
 1.465116 0.977301 22.566246
 1.485050 1.424667 21.124142
 1.504983 1.848256 23.355040
 1.524917 2.385422 29.204546
 1.544850 3.000360 32.040680
 1.564784 3.649425 34.017852
 1.584718 4.354756 37.137528
 1.604651 5.137955 40.391934
 1.624585 5.983287 45.128372
 1.644518 6.908828 46.118664
 1.664452 7.895201 55.971801
 1.684385 9.051522 55.555787
 1.704319 10.143436 55.179769
 1.724252 11.292448 60.738064
 1.744186 12.604887 69.827281
 1.764120 13.961448 66.807298
 1.784053 15.389371 76.334554
 1.803987 16.979315 80.082048
 1.823920 18.509475 78.118540
 1.843854 20.053652 73.499350
 1.863787 21.916486 117.287535
 1.883721 24.153095 96.856215
 1.903654 26.034726 96.109784
 1.923588 28.101456 112.368736
 1.943522 30.381523 112.968330
 1.963455 32.774485 130.005748
 1.983389 35.395196 114.650448
 2.003322 37.889567 151.031548
 2.023256 40.980131 139.292067
 2.043189 44.629835 252.084799
 2.063123 inf 0.000000
 2.083056 inf 0.000000
 2.102990 inf 0.000000
 2.122924 inf 0.000000
 2.142857 inf 0.000000
 2.162791 inf 0.000000
 2.182724 inf 0.000000
 2.202658 inf 0.000000
 2.222591 inf 0.000000
 2.242525 inf 0.000000
 2.262458 inf 0.000000
 2.282392 inf 0.000000
 2.302326 inf 0.000000
 2.322259 inf 0.000000
 2.342193 inf 0.000000
 2.362126 inf 0.000000
 2.382060 inf 0.000000
 2.401993 inf 0.000000
 2.421927 inf 0.000000
 2.441860 inf 0.000000
 2.461794 inf 0.000000
 2.481728 inf 0.000000
 2.501661 inf 0.000000
 2.521595 inf 0.000000
 2.541528 inf 0.000000
 2.561462 inf 0.000000
 2.581395 inf 0.000000
 2.601329 inf 0.000000
 2.621262 inf 0.000000
 2.641196 inf 0.000000
 2.661130 inf 0.000000
 2.681063 inf 0.000000
 2.700997 inf 0.000000
 2.720930 inf 0.000000
 2.740864 inf 0.000000
 2.760797 inf 0.000000
 2.780731 inf 0.000000
 2.800664 inf 0.000000
 2.820598 inf 0.000000
 2.840532 inf 0.000000
 2.860465 inf 0.000000
 2.880399 inf 0.000000
 2.900332 inf 0.000000
 2.920266 inf 0.000000
 2.940199 inf 0.000000
 2.960133 inf 0.000000
 2.980066 inf 0.000000
 3.000000 inf 0.000000
