#! FIELDS p.x fes dfes_p.x
#! SET normalisation  1.000000
#! SET min_p.x -3
#! SET max_p.x 3
#! SET nbins_p.x  301
#! SET periodic_p.x false
 -3.000000 inf 0.000000
 -2.980066 inf 0.000000
 -2.960133 inf 0.000000
 -2.940199 inf 0.000000
 -2.920266 inf 0.000000
 -2.900332 inf 0.000000
 -2.880399 inf 0.000000
 -2.860465 inf 0.000000
 -2.840532 inf 0.000000
 -2.820598 inf 0.000000
 -2.800664 inf 0.000000
 -2.780731 inf 0.000000
 -2.760797 inf 0.000000
 -2.740864 inf 0.000000
 -2.720930 inf 0.000000
 -2.700997 inf 0.000000
 -2.681063 inf 0.000000
 -2.661130 inf 0.000000
 -2.641196 inf 0.000000
 -2.621262 inf 0.000000
 -2.601329 inf 0.000000
 -2.581395 inf 0.000000
 -2.561462 inf 0.000000
 -2.541528 inf 0.000000
 -2.521595 inf 0.000000
 -2.501661 inf 0.000000
 -2.481728 inf 0.000000
 -2.461794 inf 0.000000
 -2.441860 inf 0.000000
 -2.421927 inf 0.000000
 -2.401993 inf 0.000000
 -2.382060 inf 0.000000
 -2.362126 inf 0.000000
 -2.342193 inf 0.000000
 -2.322259 inf 0.000000
 -2.302326 inf 0.000000
 -2.282392 inf 0.000000
 -2.262458 inf 0.000000
 -2.242525 inf 0.000000
 -2.222591 inf 0.000000
 -2.202658 inf 0.000000
 -2.182724 inf 0.000000
 -2.162791 inf 0.000000
 -2.142857 inf 0.000000
 -2.122924 inf 0.000000
 -2.102990 inf 0.000000
 -2.083056 inf 0.000000
 -2.063123 inf 0.000000
 -2.043189 inf 0.000000
 -2.023256 inf 0.000000
 -2.003322 inf 0.000000
 -1.983389 inf 0.000000
 -1.963455 inf 0.000000
 -1.943522 40.857587 -498.936928
 -1.923588 32.741766 -318.009851
 -1.903654 27.881315 -183.535580
 -1.883721 24.572431 -166.869437
 -1.863787 21.540603 -114.392257
 -1.843854 19.891564 -90.250067
 -1.823920 17.734336 -99.852007
 -1.803987 15.276819 -129.516283
 -1.784053 13.765376 -28.577814
 -1.764120 13.244832 -43.110644
 -1.744186 11.672127 -94.493997
 -1.724252 10.231456 -57.994195
 -1.704319 8.997214 -61.047737
 -1.684385 7.868924 -54.368921
 -1.664452 6.368622 -82.264807
 -1.644518 5.050918 -54.215902
 -1.624585 4.421230 -14.925140
 -1.604651 4.038760 -26.999603
 -1.584718 3.364290 -38.309268
 -1.564784 2.543456 -41.498422
 -1.544850 1.858029 -23.352137
 -1.524917 1.511218 -17.001501
 -1.504983 1.151278 -19.220395
 -1.485050 0.779481 -17.391669
 -1.465116 0.458376 -16.447442
 -1.445183 0.136357 -12.860073
 -1.425249 -0.056057 -10.047915
 -1.405316 -0.269312 -10.066230
 -1.385382 -0.423037 -5.821366
 -1.365449 -0.539770 -4.822027
 -1.345515 -0.571682 1.426315
 -1.325581 -0.529201 2.098670
 -1.305648 -0.515359 -2.462404
 -1.285714 -0.544033 1.274026
 -1.265781 -0.524824 0.328499
 -1.245847 -0.510050 0.064005
 -1.225914 -0.486714 3.743453
 -1.205980 -0.424224 -0.067863
 -1.186047 -0.430853 1.880556
 -1.166113 -0.379961 2.385050
 -1.146179 -0.307994 4.337527
 -1.126246 -0.145732 12.409499
 -1.106312 0.054281 6.267739
 -1.086379 0.221393 12.691479
 -1.066445 0.504772 13.660599
 -1.046512 0.793977 16.907464
 -1.026578 1.105615 13.839105
 -1.006645 1.384413 12.818972
 -0.986711 1.571162 8.676510
 -0.966777 1.724409 6.318906
 -0.946844 1.983475 17.250998
 -0.926910 2.220788 10.084340
 -0.906977 2.603188 25.056040
 -0.887043 2.975279 12.419373
 -0.867110 3.238642 16.619586
 -0.847176 3.690529 27.706014
 -0.827243 4.109139 12.294262
 -0.807309 4.533453 32.326052
 -0.787375 4.657104 -18.297088
 -0.767442 4.886211 56.567014
 -0.747508 6.266622 49.633410
 -0.727575 6.904740 21.002562
 -0.707641 7.259707 19.448232
 -0.687708 7.674973 17.891393
 -0.667774 7.902827 6.329252
 -0.647841 7.930776 0.445317
 -0.627907 8.298046 29.340875
 -0.607973 8.662935 26.999950
 -0.588040 9.401741 24.341802
 -0.568106 9.636874 7.347514
 -0.548173 9.836540 10.052020
 -0.528239 9.872222 -3.144173
 -0.508306 9.837169 -2.408088
 -0.488372 9.771060 7.146512
 -0.468439 10.622473 89.188318
 -0.448505 13.015982 92.638067
 -0.428571 13.741923 15.143454
 -0.408638 14.046912 14.855929
 -0.388704 14.346305 17.568841
 -0.368771 14.575431 2.960432
 -0.348837 14.581631 6.191111
 -0.328904 15.135825 38.283535
 -0.308970 15.481250 4.595834
 -0.289037 15.613363 9.857606
 -0.269103 15.811060 3.772449
 -0.249169 15.699894 -13.072340
 -0.229236 15.293660 -23.410069
 -0.209302 15.255768 38.569329
 -0.189369 16.969919 97.774219
 -0.169435 17.728805 3.460038
 -0.149502 17.728448 0.442708
 -0.129568 17.829930 4.456710
 -0.109635 17.845872 -1.648182
 -0.089701 17.773278 -6.721845
 -0.069767 17.657841 1.736231
 -0.049834 17.777217 5.898808
 -0.029900 18.010417 13.718972
 -0.009967 17.785916 -39.455481
 0.009967 17.430693 15.640195
 0.029900 17.819638 8.883267
 0.049834 17.941329 -2.481846
 0.069767 17.541770 -13.623913
 0.089701 17.784015 21.984428
 0.109635 18.002168 2.580011
 0.129568 17.996217 -0.366565
 0.149502 17.818539 -21.419291
 0.169435 17.577919 3.010228
 0.189369 17.606111 -10.610929
 0.209302 17.196745 -14.769106
 0.229236 17.165476 -2.940755
 0.249169 16.923503 -14.210063
 0.269103 16.625569 -17.286848
 0.289037 16.360054 -8.389481
 0.308970 15.992139 -28.861340
 0.328904 15.446359 -20.496946
 0.348837 15.066714 -22.017837
 0.368771 14.650244 -16.384363
 0.388704 14.418878 -8.440142
 0.408638 14.314715 -2.975371
 0.428571 14.175165 -9.998809
 0.448505 13.753845 -32.861269
 0.468439 13.294315 -8.696249
 0.488372 13.115548 -19.097186
 0.508306 12.615042 -21.198966
 0.528239 12.343635 -11.672851
 0.548173 11.978373 -21.327550
 0.568106 11.560224 -27.433324
 0.588040 10.938158 -25.267011
 0.607973 10.621772 -15.077370
 0.627907 10.169512 -26.468059
 0.647841 9.737835 -17.264249
 0.667774 9.352913 -23.050012
 0.687708 8.816154 -31.208785
 0.707641 8.216319 -26.932207
 0.727575 7.727111 -18.755305
 0.747508 7.424475 -18.619000
 0.767442 6.953775 -27.545976
 0.787375 6.443309 -19.214971
 0.807309 6.122830 -18.755664
 0.827243 5.622747 -26.880001
 0.847176 5.168529 -19.512484
 0.867110 4.847319 -14.956206
 0.887043 4.455953 -22.706683
 0.906977 4.065313 -14.506335
 0.926910 3.720231 -22.933054
 0.946844 3.210625 -26.342526
 0.966777 2.754471 -18.312648
 0.986711 2.419343 -18.964874
 1.006645 2.011867 -19.531562
 1.026578 1.726186 -11.685102
 1.046512 1.376768 -19.753326
 1.066445 1.107867 -8.892339
 1.086379 0.866997 -17.359170
 1.106312 0.535490 -14.222080
 1.126246 0.223334 -16.267902
 1.146179 0.025829 -2.890767
 1.166113 -0.027145 -5.308305
 1.186047 -0.186440 -9.095478
 1.205980 -0.374708 -8.951164
 1.225914 -0.548591 -8.681299
 1.245847 -0.634965 0.760984
 1.265781 -0.589576 -0.362698
 1.285714 -0.666181 -1.512524
 1.305648 -0.618099 1.962099
 1.325581 -0.566583 4.679237
 1.345515 -0.459056 4.639260
 1.365449 -0.401773 5.701493
 1.385382 -0.144626 16.884986
 1.405316 0.129427 8.828388
 1.425249 0.218299 5.082614
 1.445183 0.508727 21.849980
 1.465116 0.978068 24.064808
 1.485050 1.416991 19.066677
 1.504983 1.789410 23.129904
 1.524917 2.335322 28.516055
 1.544850 2.920236 29.378859
 1.564784 3.545273 36.084796
 1.584718 4.249881 33.049267
 1.604651 5.001685 43.133838
 1.624585 5.904223 44.453668
 1.644518 6.811999 48.992229
 1.664452 7.888908 61.597477
 1.684385 9.132840 55.453419
 1.704319 10.148106 52.969278
 1.724252 11.302129 61.472449
 1.744186 12.639541 69.170726
 1.764120 13.986244 68.808536
 1.784053 15.543843 84.343174
 1.803987 17.187106 83.358590
 1.823920 18.727695 64.085154
 1.843854 19.692802 44.845832
 1.863787 21.479915 140.988651
 1.883721 24.280234 103.729128
 1.903654 26.127477 104.470451
 1.923588 28.814447 174.986572
 1.943522 33.836067 331.462436
 1.963455 inf 0.000000
 1.983389 inf 0.000000
 2.003322 inf 0.000000
 2.023256 inf 0.000000
 2.043189 inf 0.000000
 2.063123 inf 0.000000
 2.083056 inf 0.000000
 2.102990 inf 0.000000
 2.122924 inf 0.000000
 2.142857 inf 0.000000
 2.162791 inf 0.000000
 2.182724 inf 0.000000
 2.202658 inf 0.000000
 2.222591 inf 0.000000
 2.242525 inf 0.000000
 2.262458 inf 0.000000
 2.282392 inf 0.000000
 2.302326 inf 0.000000
 2.322259 inf 0.000000
 2.342193 inf 0.000000
 2.362126 inf 0.000000
 2.382060 inf 0.000000
 2.401993 inf 0.000000
 2.421927 inf 0.000000
 2.441860 inf 0.000000
 2.461794 inf 0.000000
 2.481728 inf 0.000000
 2.501661 inf 0.000000
 2.521595 inf 0.000000
 2.541528 inf 0.000000
 2.561462 inf 0.000000
 2.581395 inf 0.000000
 2.601329 inf 0.000000
 2.621262 inf 0.000000
 2.641196 inf 0.000000
 2.661130 inf 0.000000
 2.681063 inf 0.000000
 2.700997 inf 0.000000
 2.720930 inf 0.000000
 2.740864 inf 0.000000
 2.760797 inf 0.000000
 2.780731 inf 0.000000
 2.800664 inf 0.000000
 2.820598 inf 0.000000
 2.840532 inf 0.000000
 2.860465 inf 0.000000
 2.880399 inf 0.000000
 2.900332 inf 0.000000
 2.920266 inf 0.000000
 2.940199 inf 0.000000
 2.960133 inf 0.000000
 2.980066 inf 0.000000
 3.000000 inf 0.000000
