#! FIELDS time p.x p.y sigma_p.x sigma_p.y height biasf
#! SET multivariate false
#! SET kerneltype gaussian
                    2.5     -2.281185897276272      1.296870158578655                    0.1                    0.1     0.5555555555555556                     10
                      5    -0.9716518073881717     0.3744241601155615                    0.1                    0.1     0.5555555555555556                     10
                    7.5     -1.324313807004217      1.462121772760939                    0.1                    0.1     0.5555555555555556                     10
                     10     -2.438976557890559     0.7765802344007311                    0.1                    0.1     0.5555555555555556                     10
                   12.5     -1.133242663488333     0.5686204325740357                    0.1                    0.1     0.5542848524090176                     10
                     15     -1.117893448811391      1.154777015011361                    0.1                    0.1     0.5555555555555556                     10
                   17.5     -1.227157374095857     0.6294248379153742                    0.1                    0.1     0.5392721470831739                     10
                     20     -1.134277449948779      1.155610991678743                    0.1                    0.1     0.5258584093691918                     10
                   22.5    -0.9388445701416752     0.7605711654643708                    0.1                    0.1     0.5546180839840914                     10
                     25      -1.39133827796457     0.9534539504472476                    0.1                    0.1     0.5553244759665016                     10
                   27.5     -1.712541627324322     0.8530342345397953                    0.1                    0.1     0.5554481994956619                     10
                     30       -2.2263487215187     0.8064007397691235                    0.1                    0.1      0.552478106533681                     10
                   32.5      -1.71546627296499      0.743281845372795                    0.1                    0.1     0.5388829950922019                     10
                     35     -1.404674376271688     0.7780910521661958                    0.1                    0.1     0.5464770079279484                     10
                   37.5     -1.486206253041821     0.6418381318344069                    0.1                    0.1     0.5443005245599888                     10
                     40     -2.076059364584327     0.6427895204874335                    0.1                    0.1     0.5529537604377714                     10
                   42.5     -2.211928308295361      1.037076980029084                    0.1                    0.1     0.5525458685400325                     10
                     45     -1.735112204139339     0.5402364031441451                    0.1                    0.1     0.5507388480058183                     10
                   47.5     -1.588432730090138     0.5473163085340992                    0.1                    0.1     0.5316639785402187                     10
                     50     -2.131743129064163     0.9917348070528206                    0.1                    0.1      0.532284171008648                     10
                   52.5     -1.730396846339127     0.5946308454926684                    0.1                    0.1      0.509194679111127                     10
                     55      -1.78988874946633     0.8507441437009707                    0.1                    0.1     0.5199042985938793                     10
                   57.5     -1.824892986942773     0.7284126002807543                    0.1                    0.1     0.5086681900404805                     10
                     60     -1.902896725368307     0.8423553695859189                    0.1                    0.1      0.520206032380617                     10
                   62.5     -1.885917155380714     0.7029386929418824                    0.1                    0.1     0.4986414892159773                     10
                     65     -2.158468679432919     0.9118812160077086                    0.1                    0.1      0.508879703620738                     10
                   67.5     -1.731828299240771     0.8053049356771999                    0.1                    0.1     0.4611884897590914                     10
                     70     -2.088975594509894     0.5024559990379031                    0.1                    0.1     0.5436076758261675                     10
                   72.5     -1.979079435495142     0.8956720603208836                    0.1                    0.1     0.5133099366693343                     10
                     75     -1.961803248844375     0.6188950140511548                    0.1                    0.1      0.506727692102854                     10
                   77.5     -1.924217672176906     0.8657667584388933                    0.1                    0.1     0.4722737533246047                     10
                     80     -1.839016386502869      1.008043904516753                    0.1                    0.1     0.5230028830416678                     10
                   82.5     -2.129599880514342     0.7927096869800383                    0.1                    0.1     0.4990673034037012                     10
                     85     -2.011099381842381      1.063557058870115                    0.1                    0.1     0.5215781318961006                     10
                   87.5     -2.191936960664286      1.045796384884877                    0.1                    0.1     0.4875568485723058                     10
                     90      -2.23235907305748     0.3953322105927841                    0.1                    0.1     0.5490451966911033                     10
                   92.5     -1.981110000422982     0.6172743019073188                    0.1                    0.1     0.4801068309980208                     10
                     95     -1.321019747029563      1.022769733548651                    0.1                    0.1     0.5322271274621106                     10
                   97.5      -1.84378551219089     0.7995901108035056                    0.1                    0.1     0.4222850787075707                     10
                    100     -1.537038545830798     0.6853180009437294                    0.1                    0.1     0.5014411356969116                     10
                  102.5     -1.696489497258138      1.120453096351248                    0.1                    0.1     0.5480490456712058                     10
                    105     -1.450113399137459      1.151197262683011                    0.1                    0.1     0.5445035917115306                     10
                  107.5     -1.651671353088429     0.7948660034318807                    0.1                    0.1      0.463767246753912                     10
                    110     -1.866068688368598     0.3802756518296322                    0.1                    0.1     0.5473145914991296                     10
                  112.5     -2.033578386651192     0.6659333964441227                    0.1                    0.1     0.4597236668004337                     10
                    115     -1.962244968312752     0.8268473059118897                    0.1                    0.1     0.4329008872370466                     10
                  117.5     -1.939089973725742     0.7703844347765706                    0.1                    0.1     0.4086468648488021                     10
                    120     -1.621224223257023     0.4911074254773278                    0.1                    0.1     0.5018415396433547                     10
                  122.5     -1.917762760883678     0.6018208568601484                    0.1                    0.1     0.4461105194179083                     10
                    125     -1.779269495278403     0.7510271627688493                    0.1                    0.1     0.3955753343253629                     10
                  127.5     -1.782794027700249     0.9097966645113291                    0.1                    0.1     0.4300922851197566                     10
                    130     -1.807675533675032      1.024169094943229                    0.1                    0.1      0.479941028613818                     10
                  132.5     -1.665585568516007     0.7475414066023749                    0.1                    0.1     0.4230993455795742                     10
                    135     -1.648853359933946      1.005541497557227                    0.1                    0.1     0.5034422042335719                     10
                  137.5     -2.104375886867857     0.5177608412984354                    0.1                    0.1     0.4851589665756021                     10
                    140     -1.610118101348977     0.5244310567192222                    0.1                    0.1     0.4659104642464431                     10
                  142.5     -1.963203590786982     0.5701737091323564                    0.1                    0.1      0.430669084284759                     10
                    145     -1.432854428341158     0.9445150440059918                    0.1                    0.1     0.5025755599158352                     10
                  147.5     -1.798133032485671     0.9644937455348627                    0.1                    0.1     0.4215084965782912                     10
                    150     -1.959813580756013     0.7905444321878471                    0.1                    0.1     0.3868828606262022                     10
                  152.5     -1.462478558047724     0.6479944524760282                    0.1                    0.1     0.4786723620159593                     10
                    155     -2.012310986049316     0.9336324694249526                    0.1                    0.1     0.4332322336319654                     10
                  157.5     -1.601196109166345     0.8510790773398373                    0.1                    0.1     0.4548678190280951                     10
                    160     -2.171122785813045     0.6456490802642629                    0.1                    0.1     0.4826929581459204                     10
                  162.5     -1.654285132111472      0.977712212673295                    0.1                    0.1     0.4533151174612792                     10
                    165     -2.088020220675856     0.4166030576762311                    0.1                    0.1     0.4962114493719088                     10
                  167.5     -1.697979798846815      0.123086854515493                    0.1                    0.1     0.5552839288778638                     10
                    170     -2.036310824547306       0.85295882022842                    0.1                    0.1     0.4053656370644577                     10
                  172.5     -1.899051576036279     0.8833166477873315                    0.1                    0.1      0.359334800311543                     10
                    175     -2.253162634830485     0.6354169930260634                    0.1                    0.1     0.5053545679670821                     10
                  177.5     -1.305184329760076     0.6088756692302664                    0.1                    0.1     0.5100028413383073                     10
                    180     -1.696968045714068     0.9561884440994222                    0.1                    0.1     0.4065527171877633                     10
                  182.5     -2.093358718259418     0.6558056353000628                    0.1                    0.1     0.4083948772417664                     10
                    185     -1.679931318552897     0.9670115097970674                    0.1                    0.1     0.4013146774789251                     10
                  187.5     -1.982714671874219     0.5335935334882016                    0.1                    0.1       0.41736477199932                     10
                    190     -1.510878403063332     0.4663000542655208                    0.1                    0.1     0.4969405159579167                     10
                  192.5     -1.573803795040037     0.2710762189477552                    0.1                    0.1     0.5432070675717492                     10
                    195     -2.028259422011828      0.204873674723328                    0.1                    0.1      0.550111461062222                     10
                  197.5     -2.030128897660492     0.2187518276208584                    0.1                    0.1     0.5192954313348573                     10
                    200     -1.349813195243909     0.3933866187796348                    0.1                    0.1     0.5422301229752581                     10
                  202.5     -1.572860278535352     0.2959692672251384                    0.1                    0.1      0.510534917232069                     10
                    205     -1.570293348093446     0.2027833646656796                    0.1                    0.1     0.5040001072321789                     10
                  207.5      -2.11881238926835     0.7121565138618233                    0.1                    0.1     0.4075222372283625                     10
                    210     -1.443607806957404     0.7067769370125657                    0.1                    0.1     0.4555626479047624                     10
                  212.5     -2.113876246163851     0.6238236235071964                    0.1                    0.1     0.3852627194435381                     10
                    215     -1.629383332623163     0.3687809507746642                    0.1                    0.1     0.4767994103655082                     10
                  217.5     -2.171696373417833     0.7268083362017229                    0.1                    0.1     0.4110567255582383                     10
                    220     -1.265224366629717     0.8880185367275747                    0.1                    0.1     0.5191939433075872                     10
                  222.5     -1.760284396694868     0.3608605663412059                    0.1                    0.1     0.5013084182836509                     10
                    225     -2.124252109798425     0.5771959468747986                    0.1                    0.1     0.3820546676684931                     10
                  227.5     -1.227049263070066     0.4613300107778841                    0.1                    0.1     0.5181314615171099                     10
                    230     -2.069553656734779     0.6916338178310737                    0.1                    0.1     0.3456341376461755                     10
                  232.5     -1.442253474699864     0.3936683439071897                    0.1                    0.1     0.4875955814262494                     10
                    235     -1.547027549392854     0.8442255385481697                    0.1                    0.1     0.4419629354787621                     10
                  237.5     -1.674227361048968     0.7701208047366336                    0.1                    0.1     0.3705661504408509                     10
                    240     -1.221595586444954     0.8864475546195687                    0.1                    0.1     0.5090491782638679                     10
                  242.5     -1.341735673487592      0.772990516416782                    0.1                    0.1     0.4673388024711037                     10
                    245     -1.643643923005403     0.7558362049123605                    0.1                    0.1     0.3723553128605856                     10
                  247.5     -1.512670039628401     0.8487733247734215                    0.1                    0.1      0.424310609837743                     10
                    250     -1.786766075438609      1.016495264038895                    0.1                    0.1     0.3996860654102508                     10
                  252.5     -1.547378891241461     0.9639032282175651                    0.1                    0.1     0.4344907317322736                     10
                    255     -1.971802395344334     0.8516824768563931                    0.1                    0.1     0.3472867800348636                     10
                  257.5     -1.933782864540183        1.0840746369501                    0.1                    0.1     0.4753162756175506                     10
                    260     -1.907186680642652      1.081308960794689                    0.1                    0.1     0.4467151528212358                     10
                  262.5      -1.82089665982889     0.4240356025215725                    0.1                    0.1     0.4758170980301239                     10
                    265     -1.782009192653456      0.456371389354371                    0.1                    0.1     0.4453592226879258                     10
                  267.5     -1.684341443040071     0.8767376753470663                    0.1                    0.1     0.3335127735915039                     10
                    270     -1.344361938841345      1.168810731177439                    0.1                    0.1     0.5185361043537675                     10
                  272.5     -2.314470351356344     0.6567644502673018                    0.1                    0.1      0.488860575347579                     10
                    275     -1.365334456485684     0.6708127065908277                    0.1                    0.1     0.4402834606264515                     10
                  277.5     -1.509684312876783     0.8395694844085033                    0.1                    0.1     0.3938954275098052                     10
                    280     -1.675879445906434       1.10745615103738                    0.1                    0.1     0.4535379964532831                     10
                  282.5     -1.548759148772967     0.9562175195086232                    0.1                    0.1     0.3978768970600836                     10
                    285     -2.176257296791726     0.9897683949777818                    0.1                    0.1     0.4413342425054472                     10
                  287.5      -2.24018800908045     0.7593758525151287                    0.1                    0.1     0.4282385769905105                     10
                    290     -1.421779083291353       1.11273104411651                    0.1                    0.1     0.4759045273659429                     10
                  292.5     -1.745053738769526     0.4934815847845941                    0.1                    0.1     0.4191777268076445                     10
                    295     -1.571578439634115     0.3055762649341972                    0.1                    0.1     0.4428379699266881                     10
                  297.5     -2.218605708120844     0.4694359683821188                    0.1                    0.1      0.468320556959732                     10
                    300     -1.163350441204784      1.036083621220872                    0.1                    0.1      0.503060270996168                     10
                  302.5     -2.168201595317301     0.4955850588388347                    0.1                    0.1     0.4108762457561588                     10
                    305     -1.410197665303704      0.942253725390006                    0.1                    0.1     0.4156523540262277                     10
                  307.5     -2.017075248195642     0.7980872002642111                    0.1                    0.1     0.3397397392862061                     10
                    310     -1.530196835387568      1.046048833157466                    0.1                    0.1      0.424619107912432                     10
                  312.5     -2.082615865473683     0.8593495698186278                    0.1                    0.1     0.3657216669481205                     10
                    315     -2.243276170421197     0.8728418003315283                    0.1                    0.1     0.4397145695039239                     10
                  317.5      -1.55037202135089     0.7238747080926439                    0.1                    0.1     0.3751562892732533                     10
                    320     -1.707975140130196      1.158119833874577                    0.1                    0.1     0.4652644421938993                     10
                  322.5     -1.798100739280452      0.355817752224763                    0.1                    0.1     0.4471319229166078                     10
                    325     -1.799334746479312      1.197629310498702                    0.1                    0.1      0.488056938037264                     10
                  327.5     -2.148245907822157     0.8571178680845424                    0.1                    0.1     0.3696765040517801                     10
                    330     -1.839089368088993     0.7143748079909891                    0.1                    0.1     0.3492976482903425                     10
                  332.5     -1.960920643363071     0.9872746789032205                    0.1                    0.1     0.3782259748259881                     10
                    335     -1.518731717626974     0.8547400280295607                    0.1                    0.1     0.3546537587409895                     10
                  337.5     -1.885144684284373     0.2627983563644968                    0.1                    0.1     0.4925896618540163                     10
                    340     -1.391125280677319     0.9825854402256728                    0.1                    0.1     0.4020950583057605                     10
                  342.5     -2.220950409833975     0.5424608052512183                    0.1                    0.1     0.4080123202703538                     10
                    345     -1.511455072336142      1.344324250379378                    0.1                    0.1     0.5444224049809675                     10
                  347.5     -2.473984441546122     0.8835008315694278                    0.1                    0.1     0.5343757287742003                     10
                    350     -1.191429117273562     0.4423574265853265                    0.1                    0.1     0.5000289847810785                     10
                  352.5      -2.32681047253286     0.8708324806603795                    0.1                    0.1     0.4660046985966293                     10
                    355      -1.41329206281552     0.5208327011014939                    0.1                    0.1     0.4530008627828701                     10
                  357.5     -2.051427650166763     0.6660638227438487                    0.1                    0.1     0.3128591133216702                     10
                    360     -2.057773775319707     0.3943726426301492                    0.1                    0.1     0.4483350362977743                     10
                  362.5     -2.061069248921573     0.8553164875510685                    0.1                    0.1      0.326319983490565                     10
                    365     -2.011597400974369     0.3991193361704488                    0.1                    0.1     0.4334052972400804                     10
                  367.5     -1.438676266891139     0.8482922603616836                    0.1                    0.1     0.3663399173210903                     10
                    370     -1.545159626463896      1.047529710621433                    0.1                    0.1     0.3952296374502527                     10
                  372.5     -1.573654070242265     0.2837408135850019                    0.1                    0.1     0.4260423095744857                     10
                    375     -1.874636423010693      0.987037492348922                    0.1                    0.1      0.349022147520187                     10
                  377.5     -1.813281249933357     0.7003983849526493                    0.1                    0.1     0.3460278645201166                     10
                    380     -2.324525799314135     0.6876976031822757                    0.1                    0.1      0.443604439491213                     10
                  382.5     -1.896842238660769     0.8842260072327579                    0.1                    0.1     0.3010080368721654                     10
                    385      -1.05449329352137      1.190699820766664                    0.1                    0.1     0.5085373508722628                     10
                  387.5     -2.231244807590241     0.7311741097260098                    0.1                    0.1     0.3625137691546063                     10
                    390     -2.335345446488329     0.6651770889820455                    0.1                    0.1     0.4284982207532183                     10
                  392.5     -2.353606933353617     0.9695449915902018                    0.1                    0.1     0.4882554067180709                     10
                    395     -1.339646230650191     0.9597199459248835                    0.1                    0.1     0.3961881203133501                     10
                  397.5      -1.27667465503681     0.8420324485009727                    0.1                    0.1     0.4318379390174946                     10
                    400     -2.101874326915275     0.6047038685212404                    0.1                    0.1     0.3077365155080047                     10
                  402.5     -1.391136339859944     0.3659761427037802                    0.1                    0.1     0.4674379991016415                     10
                    405     -1.930141693744485      0.635110066728347                    0.1                    0.1      0.333771479804415                     10
                  407.5     -1.924242705421285     0.5530938071013654                    0.1                    0.1     0.3618863152368553                     10
                    410     -1.648062953692152     0.5055282996490497                    0.1                    0.1     0.3919699416296216                     10
                  412.5     -2.102810136160503     0.8097998495668685                    0.1                    0.1     0.3114993371649487                     10
                    415      -1.62734512326273      1.124858624251728                    0.1                    0.1     0.4167019972979301                     10
                  417.5     -1.956075856957778      1.119016739252017                    0.1                    0.1     0.4412568816559111                     10
                    420     -1.157894882753256     0.8060581588585602                    0.1                    0.1     0.4953622869833406                     10
                  422.5      -1.67445451318321     0.6436987664973494                    0.1                    0.1     0.3708178789902848                     10
                    425     -1.932865015579007     0.8963444530608422                    0.1                    0.1     0.2934100958340887                     10
                  427.5     -1.795182646578752      1.194816305965116                    0.1                    0.1     0.4518013467677728                     10
                    430     -1.853337431122698      1.086870385816426                    0.1                    0.1     0.3699553671398361                     10
                  432.5     -1.672204429707403     0.9879809362105633                    0.1                    0.1     0.3249358102753453                     10
                    435     -1.619821278575837     0.5480799325912281                    0.1                    0.1     0.3721086129878839                     10
                  437.5     -1.684152477489266      1.166886961608733                    0.1                    0.1     0.4064107490619869                     10
                    440     -1.765344999188704     0.6278998069998273                    0.1                    0.1      0.354998254876786                     10
                  442.5     -2.124019529555572     0.7576565126756767                    0.1                    0.1      0.297390039546114                     10
                    445     -2.032973913132408       1.11679767001249                    0.1                    0.1     0.4416934334877819                     10
                  447.5      -1.33950678952545     0.5982858391969663                    0.1                    0.1     0.4275275114861514                     10
                    450      -1.78366392554997     0.9503634389040601                    0.1                    0.1     0.2991465868702891                     10
                  452.5     -1.724197804714947     0.2140486605038377                    0.1                    0.1     0.4727131242436524                     10
                    455     -2.223753917690555     0.9806196198344287                    0.1                    0.1     0.3996300661257255                     10
                  457.5     -2.182653579727532     0.9207707306244891                    0.1                    0.1     0.3468240631527444                     10
                    460     -2.112060585178137     0.9333730396282466                    0.1                    0.1     0.3242967639390401                     10
                  462.5     -1.976543647982159     0.4894385064973507                    0.1                    0.1     0.3658026932735235                     10
                    465     -1.597410473074838     0.4329303537084259                    0.1                    0.1     0.3786586881011144                     10
                  467.5     -1.954340813290924     0.6269933647279984                    0.1                    0.1     0.2996797199476869                     10
                    470     -1.304714268320853     0.8083677837082613                    0.1                    0.1     0.3982220566427743                     10
                  472.5     -1.394596378137987       1.02260223264068                    0.1                    0.1     0.3747745382150134                     10
                    475     -1.829089573893804      0.475040830374414                    0.1                    0.1     0.3752297026337631                     10
                  477.5     -1.804673092414731     0.5128968882179314                    0.1                    0.1     0.3534812332293757                     10
                    480     -1.224474961834826     0.8239994070530295                    0.1                    0.1     0.4198840473670953                     10
                  482.5     -1.498028092662679      1.293278172696275                    0.1                    0.1     0.5018820564631751                     10
                    485     -1.499648170582037     0.4843936831699895                    0.1                    0.1     0.3890267071658823                     10
                  487.5      -1.77593452366534     0.4597407205885465                    0.1                    0.1     0.3478098356654847                     10
                    490     -2.071488300258802     0.9878464373827964                    0.1                    0.1     0.3389206758166588                     10
                  492.5     -1.713487816235066     0.5911795054199726                    0.1                    0.1     0.3318429216655081                     10
                    495     -1.819553833605213     0.6328270488095901                    0.1                    0.1     0.3157458032192911                     10
                  497.5     -1.595451730043598      1.187610548575833                    0.1                    0.1     0.4266563633773074                     10
                    500     -1.876365404884219     0.6870933234779376                    0.1                    0.1     0.2900709281123653                     10
                  502.5     -1.863243678390047     0.6829218695160795                    0.1                    0.1     0.2841741900435813                     10
                    505     -1.911492321047748      1.199095236374823                    0.1                    0.1     0.4481747945065208                     10
                  507.5     -1.565133675060702      1.081991761100879                    0.1                    0.1      0.361896613709609                     10
                    510     -2.228800965071825     0.6971634212693613                    0.1                    0.1     0.3276584443032537                     10
                  512.5     -2.345549196302743     0.9920463639583427                    0.1                    0.1     0.4562539706247442                     10
                    515    -0.9693740171041638     0.5992545617480151                    0.1                    0.1     0.5349134152310152                     10
                  517.5     -2.487622370256599     0.8319972974078054                    0.1                    0.1     0.4871460155838476                     10
                    520     -1.358977563964837     0.8843822945830137                    0.1                    0.1     0.3431631812843149                     10
                  522.5     -1.461153517639896     0.6847048026410052                    0.1                    0.1     0.3583817078231177                     10
                    525      -1.98394287990222      1.049310957625924                    0.1                    0.1     0.3461836570998731                     10
                  527.5     -1.830681977944938     0.5873122811832442                    0.1                    0.1     0.3014883397210731                     10
                    530     -1.507991477043382      1.098867845872652                    0.1                    0.1      0.370929079490186                     10
                  532.5     -1.748803676040468     0.8772129250802853                    0.1                    0.1     0.2825390877118711                     10
                    535       -1.8744857391204     0.3481550414532951                    0.1                    0.1     0.4037761746905019                     10
                  537.5     -1.619613056154477     0.8745178217711925                    0.1                    0.1     0.2970417858099436                     10
                    540     -1.632142172348852      1.128696319247188                    0.1                    0.1     0.3474214235316468                     10
                  542.5     -1.931316326054766     0.7235350108883529                    0.1                    0.1     0.2642586609978588                     10
                    545      -2.31768836481319     0.6365582410375127                    0.1                    0.1     0.3959300602173708                     10
                  547.5     -2.093328488753804     0.8946176808303768                    0.1                    0.1     0.2872606969885431                     10
                    550     -1.876554196240787      1.016516030260375                    0.1                    0.1     0.3023974812317163                     10
                  552.5     -1.670514310683144     0.7220075498666213                    0.1                    0.1      0.302498531680865                     10
                    555     -2.002790102032328     0.2565141509369931                    0.1                    0.1     0.4550773076150214                     10
                  557.5     -1.512529169784618      1.074182661150821                    0.1                    0.1      0.339386122227837                     10
                    560     -1.047684234096827      1.060331248452168                    0.1                    0.1     0.4999087418331647                     10
                  562.5      -1.50092995466875      1.133534692764196                    0.1                    0.1     0.3615922398733039                     10
                    565     -1.820269867685857     0.3681513630640471                    0.1                    0.1     0.3637864937264909                     10
                  567.5     -1.985192165426043      1.068471824707822                    0.1                    0.1     0.3388496513840415                     10
                    570     -1.618225070855546      1.252765467443842                    0.1                    0.1     0.4309963885432143                     10
                  572.5    -0.8035129369145362       0.92979757656472                    0.1                    0.1     0.5520096877820636                     10
                    575     -1.545552063769405     0.7100933285362806                    0.1                    0.1     0.3272589066167442                     10
                  577.5       -2.2369594371087     0.7890102232630128                    0.1                    0.1     0.3214698867683528                     10
                    580     -1.244990921702146     0.4653623235001838                    0.1                    0.1     0.4505107212986222                     10
                  582.5     -1.964660986549682     0.7048085612927899                    0.1                    0.1     0.2569945038240582                     10
                    585     -1.180515650327516     0.5300166550019577                    0.1                    0.1     0.4425691062218098                     10
                  587.5     -1.314242830727517      1.310730285260789                    0.1                    0.1     0.5161332890223412                     10
                    590     -2.033421265404377     0.3555751002192823                    0.1                    0.1     0.4057131810815073                     10
                  592.5     -1.739083574683429     0.5800086253833332                    0.1                    0.1      0.297614789051357                     10
                    595     -1.324684119540054      1.312338043661025                    0.1                    0.1     0.4880929613609177                     10
                  597.5    -0.9879650422259703     0.7906541254952295                    0.1                    0.1     0.5121111741914686                     10
                    600     -2.012208212650301      0.983261297012507                    0.1                    0.1      0.293635343962134                     10
                  602.5     -1.750052792784514     0.9951196614569502                    0.1                    0.1     0.2835872774747636                     10
                    605     -2.160311133713329     0.3667213701702747                    0.1                    0.1     0.4315660698146838                     10
                  607.5     -1.532948615853783     0.9488577663104784                    0.1                    0.1      0.298646975994281                     10
                    610     -1.591110528509934     0.8526510723175832                    0.1                    0.1     0.2829032187946653                     10
                  612.5     -1.519998271643845     0.5873562855586677                    0.1                    0.1     0.3457927084893486                     10
                    615     -1.191194467003695     0.8857291814815382                    0.1                    0.1      0.416419342532881                     10
                  617.5      -1.39787825510617     0.8294445011911379                    0.1                    0.1      0.322467762834144                     10
                    620     -1.407550668070732     0.9821116524945261                    0.1                    0.1     0.3128039207030124                     10
                  622.5     -1.816257996750005     0.1414120293541803                    0.1                    0.1     0.4983248899954259                     10
                    625     -1.757052676907109     0.9512379720234165                    0.1                    0.1     0.2659257502773038                     10
                  627.5     -2.274424955296743     0.7070810660464906                    0.1                    0.1     0.3281252349228373                     10
                    630     -1.777820980542508     0.9172657605953918                    0.1                    0.1     0.2558369975145685                     10
                  632.5     -1.272143354127373      1.026260606696259                    0.1                    0.1     0.3968449496078007                     10
                    635     -1.156205190670167     0.8795907414492259                    0.1                    0.1     0.4194341287231386                     10
                  637.5     -1.829320324713815       1.33378602798831                    0.1                    0.1      0.515837992913001                     10
                    640     -1.104051040479672     0.6281766265005927                    0.1                    0.1     0.4679589722170611                     10
                  642.5     -1.369060189625315     0.5848077762758048                    0.1                    0.1       0.38121788996267                     10
                    645     -1.658416932682874     0.1256512632414012                    0.1                    0.1     0.4726180870584465                     10
                  647.5    -0.9983384880319682      1.033901519582308                    0.1                    0.1     0.4972863757657449                     10
                    650     -2.191072729020934     0.8299431663879441                    0.1                    0.1     0.2897614154811463                     10
                  652.5     -1.770782625015712      1.141958510014796                    0.1                    0.1      0.337686299759794                     10
                    655     -1.171021209955464       0.64137568535417                    0.1                    0.1     0.4252058418580065                     10
                  657.5     -1.417154334728192     0.5033742502104595                    0.1                    0.1      0.378502475468737                     10
                    660     -1.511573486392931     0.2940234549446082                    0.1                    0.1     0.4067114904888677                     10
                  662.5     -1.485294908869353    0.09739013966411811                    0.1                    0.1     0.5195676850827561                     10
                    665     -1.839470340355469      1.093354345734288                    0.1                    0.1     0.3061817167288305                     10
                  667.5     -1.485633375993275      1.243565713961083                    0.1                    0.1     0.4137205016552218                     10
                    670     -1.640796751791143     0.3318069887500826                    0.1                    0.1     0.3657294569634837                     10
                  672.5     -1.375707970620932      0.500163151435648                    0.1                    0.1     0.3739793228313333                     10
                    675     -1.705808378983598      0.660153326462588                    0.1                    0.1     0.2866737498871028                     10
                  677.5     -2.161306880572941      0.710998387521165                    0.1                    0.1     0.2658283053425129                     10
                    680     -1.954244333266004     0.7384670466542992                    0.1                    0.1     0.2477782337463986                     10
                  682.5     -2.127996595751551     0.8169017311645471                    0.1                    0.1      0.257418061811758                     10
                    685     -1.087401039312094     0.8813725063833928                    0.1                    0.1     0.4458326129874395                     10
                  687.5     -1.174575065687157      1.069838508530716                    0.1                    0.1     0.4244534842761299                     10
                    690      -1.42554040178331     0.8611080069627962                    0.1                    0.1     0.2951547630760017                     10
                  692.5     -2.503160057105765     0.8459419277640965                    0.1                    0.1     0.4701967702147287                     10
                    695     -1.473952601503827      0.729866348502569                    0.1                    0.1     0.3059596891268894                     10
                  697.5     -1.261022808220853      0.565263540308495                    0.1                    0.1     0.3741442745469009                     10
                    700     -2.223515259158525     0.9615831896771255                    0.1                    0.1     0.3334845299208594                     10
                  702.5     -1.539254102703908     0.9073617157089578                    0.1                    0.1      0.271423676163665                     10
                    705     -1.816610087755846     0.4805461152778728                    0.1                    0.1     0.3040977252270033                     10
                  707.5     -1.823705238646641     0.3770341656890968                    0.1                    0.1      0.334548110095978                     10
                    710     -2.111101169106422      1.178389749332138                    0.1                    0.1     0.4732401581017708                     10
                  712.5     -1.294467188066365      1.145187246326485                    0.1                    0.1     0.4217065734773189                     10
                    715     -1.280632658349451      1.147442330255076                    0.1                    0.1     0.4092629526784333                     10
                  717.5     -1.566143432871795     0.1616042354482919                    0.1                    0.1     0.4281077501638136                     10
                    720     -1.943359207270273     0.7695584932645277                    0.1                    0.1     0.2402070597021903                     10
                  722.5     -1.457597912380205     0.1662944140118592                    0.1                    0.1     0.4656812985407088                     10
                    725     -1.686552383782766     0.4034245280691641                    0.1                    0.1     0.3244292346482756                     10
                  727.5     -1.757147339127143     0.8363525609139215                    0.1                    0.1     0.2475981321807159                     10
                    730     -1.821718158538425     0.5986833856670928                    0.1                    0.1     0.2676697846348149                     10
                  732.5     -1.688074453573717     0.5918538334542857                    0.1                    0.1     0.2803349815173928                     10
                    735     -1.787474287066456     0.7366145015308471                    0.1                    0.1     0.2454507394623348                     10
                  737.5     -2.104447678621971      1.183301878523934                    0.1                    0.1     0.4530089970361683                     10
                    740     -1.436303424669248     0.6575713504811977                    0.1                    0.1      0.313388337915107                     10
                  742.5     -1.730682078750836     0.3148478638213796                    0.1                    0.1     0.3531296012540166                     10
                    745      -2.08564680284863      1.147037410173662                    0.1                    0.1     0.3975782372396078                     10
                  747.5     -1.260386425492433     0.6240815423621571                    0.1                    0.1     0.3626148881138975                     10
                    750     -1.347970957330352     0.1209241983107134                    0.1                    0.1     0.5229962761903932                     10
                  752.5     -1.419950697689405     0.8648778787230293                    0.1                    0.1     0.2788468534764322                     10
                    755     -1.306335888845773     0.6117970803129255                    0.1                    0.1     0.3356980833885782                     10
                  757.5    -0.8759983060343538      1.122753848101355                    0.1                    0.1     0.5304979417629661                     10
                    760     -1.115257698528703     0.3216822492555407                    0.1                    0.1      0.519877864254757                     10
                  762.5     -1.006713077992438     0.7205033081169269                    0.1                    0.1     0.4647570360189365                     10
                    765    -0.9689371246906873      1.237181045803686                    0.1                    0.1     0.5082947512000892                     10
                  767.5     -2.031039738504596     0.4934338230811846                    0.1                    0.1     0.3151137935276203                     10
                    770      -2.40509670838541     0.4605185386111127                    0.1                    0.1     0.5273494765344157                     10
                  772.5     -1.402767140218723      1.094130553802085                    0.1                    0.1     0.3313141020333879                     10
                    775     -1.577737666876228     0.9716187548443369                    0.1                    0.1     0.2647413047275089                     10
                  777.5     -1.701650468306707     0.7030567218872887                    0.1                    0.1     0.2577299464426166                     10
                    780     -1.499050080092108     0.7872796072439256                    0.1                    0.1     0.2705203770238518                     10
                  782.5     -1.757356194471699      1.024782034475348                    0.1                    0.1     0.2609307278045246                     10
                    785     -1.938305351610632     0.2788521962604094                    0.1                    0.1     0.3970139945900106                     10
                  787.5     -1.969278926496522     0.9748253374281444                    0.1                    0.1     0.2655157980897001                     10
                    790     -1.665786042215159      1.262836742768628                    0.1                    0.1     0.4141243026989581                     10
                  792.5     -2.320615701087631     0.4841684139608372                    0.1                    0.1     0.4486582050640668                     10
                    795      -1.61394041356987     0.7393781378254827                    0.1                    0.1     0.2625436346480302                     10
                  797.5     -1.764013594585831      1.069574447849593                    0.1                    0.1      0.270112046239854                     10
                    800     -2.066076146936441      0.209123644036484                    0.1                    0.1     0.4503904751956209                     10
                  802.5      -2.13496659563542     0.7472473522972193                    0.1                    0.1     0.2458084734679665                     10
                    805     -1.583463315083658     0.3078077577130542                    0.1                    0.1     0.3377751906857123                     10
                  807.5     -1.881650125394962     0.9794080372150844                    0.1                    0.1     0.2471410710548716                     10
                    810     -1.476186612821801   -0.05341209797435027                    0.1                    0.1     0.5375624746418838                     10
                  812.5     -1.989654098111685     0.9766034705474922                    0.1                    0.1     0.2580596985831865                     10
                    815     -2.165722410551008     0.9339934466076489                    0.1                    0.1     0.2789173278194239                     10
                  817.5     -2.014412100603783     0.2586449254669458                    0.1                    0.1     0.3906846273625591                     10
                    820     -1.259437201439419       0.37041551872676                    0.1                    0.1     0.4415580235382306                     10
                  822.5     -1.163411842431783     0.9370378729375942                    0.1                    0.1     0.3815186314301799                     10
                    825     -1.189651225130422      1.326194255466654                    0.1                    0.1     0.5007651195739982                     10
                  827.5     -1.642224114604929      0.658641879663138                    0.1                    0.1     0.2678306042561266                     10
                    830     -1.535282868452972     0.1106275130348756                    0.1                    0.1     0.4283759789275786                     10
                  832.5     -1.497864966700618      1.297506904073465                    0.1                    0.1      0.420334619061657                     10
                    835     -1.883528868553111     0.7962272206493004                    0.1                    0.1     0.2281069963604563                     10
                  837.5     -2.466705872576852     0.6508451302190787                    0.1                    0.1     0.4838948687304186                     10
                    840      -2.32935476855843     0.8453006459708066                    0.1                    0.1     0.3616942399451156                     10
                  842.5     -2.012004278756194     0.6526425465154405                    0.1                    0.1     0.2379031540148526                     10
                    845     -1.176651753278043     0.3213191172909525                    0.1                    0.1     0.4732769856537678                     10
                  847.5     -1.149847917045466      1.082234970865942                    0.1                    0.1     0.3918801524888459                     10
                    850     -2.064592781592742      1.004223300520348                    0.1                    0.1     0.2763617971044961                     10
                  852.5     -2.306621720655595     0.5474093776663667                    0.1                    0.1     0.3885046679575768                     10
                    855     -1.941422735725086      0.453088229328235                    0.1                    0.1     0.3146281401578537                     10
                  857.5     -1.529498548553953     0.8641558564080848                    0.1                    0.1     0.2485951463487683                     10
                    860     -1.694178847192578      1.068126045390296                    0.1                    0.1     0.2620141091234487                     10
                  862.5     -1.593405972317967      0.685184626920515                    0.1                    0.1     0.2648716078941313                     10
                    865     -2.120421502614437     0.3547960453766383                    0.1                    0.1      0.383549910405319                     10
                  867.5     -1.641634735779409     0.4221234603604109                    0.1                    0.1     0.3034264223135348                     10
                    870     -0.973174042838462     0.9626897906690355                    0.1                    0.1     0.4716957375795035                     10
                  872.5     -1.283242902025074      1.145012912272136                    0.1                    0.1     0.3766035441059607                     10
                    875     -1.601018815976499      1.191474126647786                    0.1                    0.1     0.3288008009387739                     10
                  877.5     -2.023498997465097     0.4511898393151803                    0.1                    0.1      0.309274929193111                     10
                    880     -2.287602139632156     0.4759250027790413                    0.1                    0.1     0.3972045228122715                     10
                  882.5     -2.140109665605613      1.065432738320246                    0.1                    0.1     0.3323464305056245                     10
                    885     -1.433729311928391      1.020541214504274                    0.1                    0.1     0.2772324959534799                     10
                  887.5     -1.658355619569178      1.204579094734128                    0.1                    0.1     0.3274003786921351                     10
                    890     -1.058639536192147     0.7792319071915069                    0.1                    0.1     0.4248519695733878                     10
                  892.5     -1.266412176103682     0.4158058300041612                    0.1                    0.1     0.3835786798553475                     10
                    895    -0.8755110603981161      1.072530803166533                    0.1                    0.1     0.4865465572762759                     10
                  897.5     -1.341179755432223     0.4613347660279506                    0.1                    0.1     0.3468996384057009                     10
                    900     -2.514044716698081     0.7867683537919393                    0.1                    0.1     0.4515242965415059                     10
                  902.5     -1.724530260752325     0.6503153120020482                    0.1                    0.1     0.2420362640207187                     10
                    905     -1.033758955410389      1.095359720179879                    0.1                    0.1     0.4059624237516188                     10
                  907.5     -0.193239122228063      1.105480015230969                    0.1                    0.1     0.5555555555555556                     10
                    910     -1.142704519439454    -0.1635368086148673                    0.1                    0.1     0.5554388897470183                     10
                  912.5     -2.209065138455136      1.096653267938928                    0.1                    0.1     0.3869859156100662                     10
                    915    -0.9033797557170162      0.468831158101283                    0.1                    0.1     0.5245225350113372                     10
                  917.5     -1.414234532124633      0.643610456865284                    0.1                    0.1     0.2941182537312803                     10
                    920     -1.925339611906611      1.231556492281668                    0.1                    0.1     0.4226114642992812                     10
                  922.5      -1.24832630926808     0.6684954680736692                    0.1                    0.1     0.3459187253767764                     10
                    925     -1.307663780400049     0.2695802744634656                    0.1                    0.1     0.4612193116203896                     10
                  927.5     -1.453117194308145     0.4582975328206693                    0.1                    0.1      0.332494376161332                     10
                    930     -1.335167463945668     0.9317230038224139                    0.1                    0.1     0.2841696672341316                     10
                  932.5     -1.748687932338206      0.908356452522924                    0.1                    0.1     0.2264152716256311                     10
                    935     -1.772842537569897     0.2489845874258877                    0.1                    0.1     0.3797354353552053                     10
                  937.5    -0.9465686525656367      1.111361243630976                    0.1                    0.1     0.4285918585352231                     10
                    940     -1.022265875168151   -0.07569013507389677                    0.1                    0.1      0.545467173397183                     10
                  942.5     -2.153640796595402      1.102359671995216                    0.1                    0.1     0.3457312537445537                     10
                    945     -1.386147840131043     0.8547513806110142                    0.1                    0.1     0.2643297304736892                     10
                  947.5    -0.6264960177354681     0.6361166055911222                    0.1                    0.1     0.5551320699502346                     10
                    950    -0.9321201864537584      1.258902448882067                    0.1                    0.1      0.487055531387922                     10
                  952.5     -2.452845665033252      1.023782604205404                    0.1                    0.1     0.4941716534291203                     10
                    955     -2.025110876344214     0.7420746708409429                    0.1                    0.1     0.2261864245202946                     10
                  957.5     -1.483834095483442     0.7505291117098407                    0.1                    0.1     0.2537592855840171                     10
                    960     -1.277476150328245     0.8779947675097897                    0.1                    0.1     0.2963850731253577                     10
                  962.5     -1.585030698575663    0.04345145224406158                    0.1                    0.1     0.4589318947620529                     10
                    965     -2.489890828773694     0.8881907990430115                    0.1                    0.1     0.4245835690320513                     10
                  967.5     -1.738032427717619     0.6047586601869962                    0.1                    0.1     0.2417794699304952                     10
                    970     -1.887672501449064      0.512280437777562                    0.1                    0.1     0.2709605541313044                     10
                  972.5     -2.287791220344596     0.9564623387892487                    0.1                    0.1     0.3382400321443879                     10
                    975     -1.684594513961574      0.245733049200119                    0.1                    0.1     0.3472435119824862                     10
                  977.5     -2.385330256105281     0.8653091924173959                    0.1                    0.1     0.3634541845315997                     10
                    980     -2.075368302128519      1.130095403447743                    0.1                    0.1     0.3319365674051206                     10
                  982.5     -2.043127430182574      1.154164390011939                    0.1                    0.1     0.3371281105027072                     10
                    985     -1.860745839977351     0.2340570301350199                    0.1                    0.1      0.382429774022899                     10
                  987.5     -1.194922784225596     0.7566936661128201                    0.1                    0.1     0.3569061852656006                     10
                    990     -1.072283233372148     0.7024157698807648                    0.1                    0.1     0.4039701290785903                     10
                  992.5     -1.980527915556952     0.8430228498911153                    0.1                    0.1     0.2199333558019139                     10
                    995     -2.124248802807142     0.4352935621975715                    0.1                    0.1     0.3240317682152205                     10
                  997.5     -1.287632968032169     0.6944763472205018                    0.1                    0.1     0.3111237467154642                     10
                   1000     -1.676630287246223     0.4751347351892956                    0.1                    0.1     0.2691609475103804                     10
                 1002.5     -2.120620849034784      1.008177776731612                    0.1                    0.1     0.2583716636006093                     10
                   1005      -1.84410945873936     0.2352298327447449                    0.1                    0.1     0.3655377832803782                     10
                 1007.5     -1.292607578662458      0.155574610586493                    0.1                    0.1     0.4944754692873243                     10
                   1010     -1.104371534148109      1.439309844973578                    0.1                    0.1     0.5354850369418491                     10
                 1012.5     -1.294578275802521     0.7694174422476323                    0.1                    0.1     0.2943911788523293                     10
                   1015     -1.035604827185741     0.7719540581538608                    0.1                    0.1     0.3958189782567954                     10
                 1017.5     -1.108614120315594     0.4520075125644165                    0.1                    0.1     0.4249583038733727                     10
                   1020     -1.728633701561788    0.07056708302828102                    0.1                    0.1     0.4549892976039263                     10
                 1022.5     -1.216511178566462     0.9420475483018667                    0.1                    0.1     0.3161318900991741                     10
                   1025      -1.85496012926797      1.112765338934706                    0.1                    0.1      0.282784078427773                     10
                 1027.5     -1.133668161509678      1.240652855782044                    0.1                    0.1     0.4282683451168634                     10
                   1030     -1.263932728203678   -0.05629625674632116                    0.1                    0.1      0.534370520784244                     10
                 1032.5     -2.098380540384466     0.5959485099905569                    0.1                    0.1     0.2509710204691134                     10
                   1035     -1.715627050963802     0.4984207135686992                    0.1                    0.1     0.2501923703510585                     10
                 1037.5      -1.15487523508724     0.1207903817628292                    0.1                    0.1      0.524600041209346                     10
                   1040    -0.9440286570116309      1.083743246809975                    0.1                    0.1       0.40417803348728                     10
                 1042.5     -2.175363756853957      1.171210918576096                    0.1                    0.1     0.3887402306318593                     10
                   1045     -2.018075070762341     0.2739254666408859                    0.1                    0.1     0.3517524852834123                     10
                 1047.5     -1.890776218101756     0.7002482657937681                    0.1                    0.1     0.2185769029659353                     10
                   1050     -1.885397112958215      0.285121760219144                    0.1                    0.1      0.322278539208703                     10
                 1052.5     -1.897040055627604      1.331713878728775                    0.1                    0.1     0.4807509771711427                     10
                   1055    -0.8752432294427451     0.7507909685860471                    0.1                    0.1     0.4809438320132051                     10
                 1057.5     -1.142429942572521     0.4871532393149589                    0.1                    0.1     0.3763219180273819                     10
                   1060     -1.733908317267866     0.8234282087012816                    0.1                    0.1     0.2203564236562126                     10
                 1062.5     -1.860056747915055     0.7556088474516984                    0.1                    0.1     0.2116433588113169                     10
                   1065     -1.696939209605451     0.4999185822266728                    0.1                    0.1       0.24612343981556                     10
                 1067.5     -1.278675088577084      1.079637941466462                    0.1                    0.1     0.3288391682094625                     10
                   1070     -1.882058275595209     0.8400790298428078                    0.1                    0.1     0.2100197739073562                     10
                 1072.5     -2.144642513005573     0.1526563776748907                    0.1                    0.1     0.4902523312464868                     10
                   1075     -1.893238632162332      0.822776433889659                    0.1                    0.1     0.2040368449292625                     10
                 1077.5    -0.9602905355004459     0.7416735956243251                    0.1                    0.1     0.4067069359292083                     10
                   1080     -1.788101173725168     0.1704745629553086                    0.1                    0.1     0.3794550819104785                     10
                 1082.5     -0.743310247943392     0.5361748754927006                    0.1                    0.1     0.5355182853391341                     10
                   1085      -1.16272882256978     0.6619623902729164                    0.1                    0.1     0.3384130059350146                     10
                 1087.5     -1.352064185030639    -0.1536089828459178                    0.1                    0.1     0.5297421023363288                     10
                   1090     -0.550601325150492      1.062821368225345                    0.1                    0.1     0.5547504788328521                     10
                 1092.5    -0.4765692100172383      1.356898572836035                    0.1                    0.1     0.5552445683407239                     10
                   1095     -1.603412057471485     0.5625746353670373                    0.1                    0.1     0.2613133349274549                     10
                 1097.5     -1.756114727524847     0.6106245671582305                    0.1                    0.1     0.2208946683954763                     10
                   1100     -1.382816393208745     0.8142722911812876                    0.1                    0.1     0.2504603244874148                     10
                 1102.5      -2.25199030681876     0.3576803824599064                    0.1                    0.1     0.4311796521356168                     10
                   1105     -1.789405663811681    0.01839060634969653                    0.1                    0.1     0.4873763862860675                     10
                 1107.5     -1.604814395024401     0.2868437230145108                    0.1                    0.1     0.3061206035237707                     10
                   1110     -1.825883298602722        1.4466654556401                    0.1                    0.1     0.5233845403581001                     10
                 1112.5     -1.569146694919856    -0.2690525530925661                    0.1                    0.1     0.5520277646470875                     10
                   1115     -1.503245975184603      1.132226242324388                    0.1                    0.1     0.2981795695238684                     10
                 1117.5     -1.515789094011227     0.5375703604419642                    0.1                    0.1     0.2856929167192061                     10
                   1120    -0.6258611226727352     0.9908727306441917                    0.1                    0.1     0.5312254019853665                     10
                 1122.5    -0.6133952503094316      1.301664648748226                    0.1                    0.1      0.543195920972389                     10
                   1125     -1.076166077812891      1.097189100013263                    0.1                    0.1     0.3541011648299509                     10
                 1127.5      -1.77049615402511      0.545905903448499                    0.1                    0.1     0.2243338749469614                     10
                   1130     -1.867672177326723      1.110908756182696                    0.1                    0.1     0.2733491669733946                     10
                 1132.5    -0.7502947263093803     0.9304258058992375                    0.1                    0.1     0.5018383639133089                     10
                   1135     -1.331504983145391     0.6389421894855817                    0.1                    0.1     0.2789064734788376                     10
                 1137.5     -1.416653397035384     0.4717658753739979                    0.1                    0.1      0.310302195014604                     10
                   1140     -1.645993054487931     0.9972309450034541                    0.1                    0.1     0.2367262162595479                     10
                 1142.5     -1.429469077023694      1.383252742839222                    0.1                    0.1     0.4590136038231002                     10
                   1145     -2.494323529798254     0.7300777414030052                    0.1                    0.1      0.427162788596413                     10
                 1147.5     -2.043156330443122     0.2293538664332384                    0.1                    0.1     0.3596172660774612                     10
                   1150     -1.947239739862755      1.020800181701918                    0.1                    0.1     0.2341853947595562                     10
                 1152.5    -0.3012654508446091     0.8324400090413692                    0.1                    0.1     0.5550428607817204                     10
                   1155     -1.976083092136469     0.5464683865974427                    0.1                    0.1     0.2481408829133041                     10
                 1157.5     -1.616491431085768      1.090530756289024                    0.1                    0.1      0.253485476079482                     10
                   1160     -1.525282918842416      -0.18408777925045                    0.1                    0.1     0.5165957017305119                     10
                 1162.5     -1.270876264425708       1.61122393418296                    0.1                    0.1     0.5437023940227299                     10
                   1165      1.022855637131696     -1.409627776500685                    0.1                    0.1     0.5555555555555556                     10
                 1167.5      1.285204767442671     -1.327280432311391                    0.1                    0.1     0.5548503040431839                     10
                   1170     0.1158150902918253     -1.222144073325504                    0.1                    0.1     0.5555555555555556                     10
                 1172.5    -0.6083741552182763     -1.407395262623119                    0.1                    0.1     0.5555555555555556                     10
                   1175      1.359254369107209    -0.8884621141126748                    0.1                    0.1     0.5555555555555556                     10
                 1177.5       1.05285907110528    -0.7605977667629698                    0.1                    0.1     0.5554305924236527                     10
                   1180      1.623898435672132    -0.4113972388775897                    0.1                    0.1     0.5555555555555556                     10
                 1182.5      2.065918559808598     -1.132273215971118                    0.1                    0.1     0.5555555555555556                     10
                   1185      1.599527453160022    -0.4196739822309117                    0.1                    0.1     0.5264208962484104                     10
                 1187.5      1.649352152667543    -0.2885285365125201                    0.1                    0.1     0.5310764753610141                     10
                   1190      1.283707694461851     -1.154554225387951                    0.1                    0.1     0.5479832817750637                     10
                 1192.5      1.239735778211595    -0.6967950074081756                    0.1                    0.1     0.5487830726091028                     10
                   1195      1.685249372977057    -0.2360020825382944                    0.1                    0.1     0.5231268849266926                     10
                 1197.5      2.216409807933576     -1.024805118980914                    0.1                    0.1      0.549987784074921                     10
                   1200      2.077681503289466    -0.5594060036545044                    0.1                    0.1     0.5555555555555556                     10
                 1202.5      2.138981230435168    -0.7403087013619524                    0.1                    0.1     0.5501936812671558                     10
                   1205      2.086298366904005    -0.8033058996294637                    0.1                    0.1     0.5313916665931693                     10
                 1207.5       1.84663767857949    -0.5679150787673887                    0.1                    0.1     0.5519289829552168                     10
                   1210      1.731769802799365     -0.814830315699444                    0.1                    0.1     0.5547636591139008                     10
                 1212.5      1.750514926571042    -0.8190955268229148                    0.1                    0.1     0.5251641078200219                     10
                   1215      1.748448780692946    -0.5843284322848132                    0.1                    0.1     0.5274764839412617                     10
                 1217.5      1.776885223256235     -1.019888814299545                    0.1                    0.1     0.5481823153121678                     10
                   1220      1.689834669470367    -0.6393791294021541                    0.1                    0.1     0.5144041877223963                     10
                 1222.5      1.744500277532597     -1.177915588767918                    0.1                    0.1     0.5471468394236916                     10
                   1225      2.029361453749626    -0.6041192533543284                    0.1                    0.1     0.5159211102822847                     10
                 1227.5      1.650659322848457    -0.8103811868831897                    0.1                    0.1     0.5081386432681023                     10
                   1230      1.846922691969663    -0.8092859915126606                    0.1                    0.1     0.5088723904876515                     10
                 1232.5      1.302185096766547     -0.494479638168771                    0.1                    0.1     0.5519298186390686                     10
                   1235      1.591143145651788     -1.278897309459296                    0.1                    0.1     0.5493750404710586                     10
                 1237.5      1.664729774235173    -0.5951475283645461                    0.1                    0.1     0.4904990708267877                     10
                   1240      1.759755883799505    -0.7134417320617249                    0.1                    0.1      0.461419475434828                     10
                 1242.5      1.835007089710402      -1.07511857442789                    0.1                    0.1     0.5184111604937383                     10
                   1245      1.398020966669602    -0.6524114480005854                    0.1                    0.1     0.5387501722291328                     10
                 1247.5      1.456633351573326     -1.176998506217551                    0.1                    0.1     0.5386981205654551                     10
                   1250      1.546427480733656    -0.8580761995378861                    0.1                    0.1     0.5236519551342496                     10
