#! FIELDS time p.x p.y sigma_p.x sigma_p.y height biasf
#! SET multivariate false
#! SET kerneltype gaussian
                    2.5    -0.1231326928783283     -1.196761077441385                    0.1                    0.1      1.111111111111111                     10
                      5    -0.6071930674828488    -0.8946510210319738                    0.1                    0.1      1.111111111111111                     10
                    7.5       -1.7408275689198     0.6490120250841237                    0.1                    0.1      1.111111111111111                     10
                     10     -1.660489363537014     0.5592662899169994                    0.1                    0.1      1.052793923824496                     10
                   12.5    -0.2890229394146392     -1.191814248417484                    0.1                    0.1      1.080328385918534                     10
                     15    -0.7399727484895645      -1.20379979307808                    0.1                    0.1      1.110680375786238                     10
                   17.5    -0.3548193309029958     -1.014443391112659                    0.1                    0.1       1.08716411812894                     10
                     20     -1.407652640427465     0.5579592735716862                    0.1                    0.1      1.106013974248735                     10
                   22.5     -1.367269937654874    -0.1344046816573857                    0.1                    0.1      1.111111111111111                     10
                     25     -1.185468492107957    -0.2564061550777199                    0.1                    0.1      1.099906665648341                     10
                   27.5     -1.086110279449913     0.1267533749369571                    0.1                    0.1      1.111111111111111                     10
                     30    -0.3534368584729052    -0.8015483984282931                    0.1                    0.1      1.095463884479902                     10
                   32.5    -0.3882385183388378    -0.4522878596773298                    0.1                    0.1       1.11091964165389                     10
                     35     -1.094528236446822     0.2793807365987232                    0.1                    0.1      1.073300451814508                     10
                   37.5     -1.359837453032819    -0.1694474165983819                    0.1                    0.1     0.9845237123019971                     10
                     40     -1.269869986132149    -0.2741681707369282                    0.1                    0.1     0.9658170886878521                     10
                   42.5    -0.7192095390199355     -0.382400386048265                    0.1                    0.1      1.110705964701279                     10
                     45    -0.7756568797928118      -1.15371504867146                    0.1                    0.1      1.012356631125104                     10
                   47.5    -0.1010727189910934     -1.009672294208245                    0.1                    0.1      1.081207154573134                     10
                     50    -0.1917913059135442    -0.9173775838309648                    0.1                    0.1      1.022137310679656                     10
                   52.5    -0.9587441187959469    -0.7345515811544232                    0.1                    0.1      1.111111111111111                     10
                     55     -1.293771146794232     0.3176981018069189                    0.1                    0.1      1.090153181040032                     10
                   57.5     -1.605449060007575     0.4990009008731583                    0.1                    0.1      1.002100215193676                     10
                     60     -1.512604971293837     0.2014268690284885                    0.1                    0.1      1.104628651271367                     10
                   62.5     -1.399065392206915    0.07940069026615702                    0.1                    0.1      1.060188049504277                     10
                     65     -1.739187958000525    0.05048563097786633                    0.1                    0.1      1.107745178797972                     10
                   67.5     -1.434688255877148     0.3001815690231727                    0.1                    0.1     0.9989278517273914                     10
                     70     -1.531822737896752     0.4326657163492827                    0.1                    0.1     0.9625383506799057                     10
                   72.5    -0.7361313705152394    -0.4965028939677136                    0.1                    0.1      1.048677809636704                     10
                     75    -0.4386435602540132     -1.555537465530544                    0.1                    0.1      1.111111111111111                     10
                   77.5     0.2083179054412551     -1.215109366693625                    0.1                    0.1      1.110610589375278                     10
                     80    -0.4902100471891547     -1.439176281419139                    0.1                    0.1      1.056368840969395                     10
                   82.5     -1.045488503976675     0.1585475280415015                    0.1                    0.1     0.9612273655573732                     10
                     85    -0.5077136354967826     -1.212398930754196                    0.1                    0.1      1.075150504930152                     10
                   87.5     -1.886531034605049     0.5144510527456956                    0.1                    0.1      1.083775228802665                     10
                     90     -1.163533998601136    -0.6059790533648703                    0.1                    0.1      1.104047251371335                     10
                   92.5     -0.758491254696688    -0.5215530244597795                    0.1                    0.1     0.9659181486601418                     10
                     95    -0.3158568967657341     -1.108355419988891                    0.1                    0.1      0.932030048228778                     10
                   97.5     -1.668826130586581    -0.3265738535586222                    0.1                    0.1      1.110826181002835                     10
                    100     -1.416849684204694     0.4305743971472201                    0.1                    0.1     0.9197150230675251                     10
                  102.5     -1.833156114527262       0.29204156213868                    0.1                    0.1      1.095480752246401                     10
                    105    -0.2547903164910258     -1.346521251147801                    0.1                    0.1      1.047139271811784                     10
                  107.5    0.07863491362448313     -1.328911448220983                    0.1                    0.1      1.076547577609752                     10
                    110    -0.5469988741352441    -0.4690413692981124                    0.1                    0.1      1.031409502051328                     10
                  112.5    -0.2529674957033169     -1.582012031125703                    0.1                    0.1      1.080396859229491                     10
                    115    -0.8171488572746749    -0.8947411118850561                    0.1                    0.1      1.080885855618167                     10
                  117.5    -0.2874893124496716    -0.7674677327397914                    0.1                    0.1     0.9949047185671128                     10
                    120    -0.9980454219596154      0.347447141163956                    0.1                    0.1      1.029825501249707                     10
                  122.5    -0.6643870674412115    -0.8338154031841217                    0.1                    0.1      0.995837683488651                     10
                    125    -0.6084426411869938    -0.5884512100737377                    0.1                    0.1     0.9910682254320324                     10
                  127.5    -0.1939265974593196     -1.370895789592713                    0.1                    0.1      0.972347682408806                     10
                    130    -0.2452598612424579     -1.065427707058827                    0.1                    0.1     0.8611158018612526                     10
                  132.5    -0.3807058846822691     -1.310802302844651                    0.1                    0.1     0.9376323353439723                     10
                    135     -1.546696131291417     0.1730435649590279                    0.1                    0.1     0.9438989051380852                     10
                  137.5     -1.075008855674468    -0.1785276808911158                    0.1                    0.1       1.04862564767096                     10
                    140     -1.685597915925793      0.164055883290919                    0.1                    0.1     0.9758486926376484                     10
                  142.5    -0.4112641626636105    -0.9097189123769518                    0.1                    0.1     0.9396708836089271                     10
                    145     0.1665679988604855     -1.055746109985557                    0.1                    0.1       1.07423509760483                     10
                  147.5    -0.2520793809128494     -1.698838636177695                    0.1                    0.1      1.043902494082134                     10
                    150   -0.04794117392737587    -0.6206651290957171                    0.1                    0.1      1.108384265593228                     10
                  152.5     -1.413986730541254    -0.2437300106839146                    0.1                    0.1     0.9428164776764089                     10
                    155    -0.8072246220571584    -0.9955615873529504                    0.1                    0.1     0.9829088546058976                     10
                  157.5    -0.6262228037860607     -1.124256840530752                    0.1                    0.1     0.9719036301792123                     10
                    160     -0.672011197094266     -1.391792844930667                    0.1                    0.1      1.059420078989465                     10
                  162.5     -1.100785684543253    -0.4600156456771477                    0.1                    0.1      1.058789307558056                     10
                    165     -1.261286471660122    0.04388004886479355                    0.1                    0.1      1.015189285659538                     10
                  167.5     -1.690162276055083     0.2355991538809636                    0.1                    0.1     0.9213052421333238                     10
                    170     -1.500105474885346   -0.01497554750807665                    0.1                    0.1     0.9857842642428953                     10
                  172.5     -1.845099470605653     0.4769890985456339                    0.1                    0.1     0.9573647328422461                     10
                    175     -1.860229348534703    0.09299813437639415                    0.1                    0.1      1.017240094166273                     10
                  177.5    -0.9849593507688211    -0.4624500755604968                    0.1                    0.1      1.024331013113773                     10
                    180     -1.039487571827382    -0.1532628832002351                    0.1                    0.1     0.9778485252892163                     10
                  182.5     -1.276741074001351     0.4409910685616873                    0.1                    0.1     0.9751348230867696                     10
                    185    -0.9011445366427914    -0.5402818388967634                    0.1                    0.1     0.9590194615702039                     10
                  187.5    -0.4710821401056727    -0.6288953984036241                    0.1                    0.1      1.004970353969511                     10
                    190    -0.3206699679967949     -1.521225789349666                    0.1                    0.1      0.909266859925956                     10
                  192.5     -0.740379189922594    -0.2141730015065107                    0.1                    0.1      1.076817058226102                     10
                    195    -0.6489083509388759    -0.8370356832958901                    0.1                    0.1     0.8822793426459994                     10
                  197.5    -0.9167062880814173     -1.074277095534614                    0.1                    0.1      1.013400592878229                     10
                    200      -1.14549718557034    -0.4667871678181996                    0.1                    0.1     0.9191459882388127                     10
                  202.5     -1.604497933268465     0.5075689503360317                    0.1                    0.1     0.8308683456978656                     10
                    205     -1.549690213941407    -0.1084547890768711                    0.1                    0.1     0.9794240220571804                     10
                  207.5     -1.671378323445128     0.3688704380334604                    0.1                    0.1     0.8926222848659765                     10
                    210     -1.610513719083226     0.4979937180128681                    0.1                    0.1     0.7414469108593288                     10
                  212.5     -1.059730942565971    -0.9117022845328726                    0.1                    0.1      1.075297507148615                     10
                    215     -0.322966830703237     -1.183590393600705                    0.1                    0.1     0.7955509003005106                     10
                  217.5    -0.6215790670948033    -0.9714255026099428                    0.1                    0.1     0.8765868764423607                     10
                    220    -0.2535101697038258    -0.5246272006616706                    0.1                    0.1      1.050478024132437                     10
                  222.5     0.2528806545247446    -0.6521940429791964                    0.1                    0.1      1.109839075532989                     10
                    225    -0.6585304452368838     -1.426962269620969                    0.1                    0.1     0.9639678440922895                     10
                  227.5     -1.076380843315194    -0.8558275463387675                    0.1                    0.1     0.9775200781037003                     10
                    230    -0.8333171803359165     0.1761028633511653                    0.1                    0.1      1.086676615920113                     10
                  232.5     -1.163379591604893     0.3551801875704315                    0.1                    0.1     0.9204425737880072                     10
                    235     -1.215857024727527     0.5366216397249005                    0.1                    0.1      1.002512779831296                     10
                  237.5     -1.371725159785145    -0.3131894891924384                    0.1                    0.1       0.90674442363553                     10
                    240    -0.7325212537846061    -0.6430261380194209                    0.1                    0.1     0.9286450519657629                     10
                  242.5    -0.3395967489364105     -1.393534424894813                    0.1                    0.1     0.8295033831951756                     10
                    245    -0.5165264028064573     -1.328221306013964                    0.1                    0.1      0.873042371957964                     10
                  247.5     0.2394972277620989    -0.8665332203141398                    0.1                    0.1      1.083742870030512                     10
                    250     -1.223812693957075      0.925055717957054                    0.1                    0.1      1.111111111111111                     10
                  252.5    -0.7165582698713613     -1.105817053648544                    0.1                    0.1     0.8185092634183617                     10
                    255    -0.0501739405685468     -1.612436529445379                    0.1                    0.1      1.081207379182481                     10
                  257.5     -1.087440661510724     -0.721722804755029                    0.1                    0.1     0.9470268563735188                     10
                    260     -1.870110885850145     0.7337452220884276                    0.1                    0.1      1.057164542233221                     10
                  262.5     0.2615847859913294     -1.459806803904736                    0.1                    0.1      1.096002824158668                     10
                    265    -0.5484117524968899    -0.7264211899256544                    0.1                    0.1      0.905569125212255                     10
                  267.5     -0.177516644327174     -1.179345353476382                    0.1                    0.1     0.8103548482811357                     10
                    270    -0.9271094015467037     -0.444193452372498                    0.1                    0.1     0.8845592044157239                     10
                  272.5     -1.438147378646172     0.3049863253892526                    0.1                    0.1     0.8042923903608974                     10
                    275    -0.1005899514802113     -1.517092215086875                    0.1                    0.1      0.966989510655106                     10
                  277.5    -0.4500041989166945    -0.1297473634035671                    0.1                    0.1      1.109181985907854                     10
                    280     -1.933973490493202     0.6275159376553799                    0.1                    0.1     0.9654998665218004                     10
                  282.5     -1.553544108296342     0.6956361021645139                    0.1                    0.1      1.010774705323989                     10
                    285     -1.066645553647177    -0.1636890250983389                    0.1                    0.1     0.8651286455703214                     10
                  287.5    -0.9619412532250348     -1.430956782932993                    0.1                    0.1      1.107094365929509                     10
                    290    0.09290902207531575      -1.53529733010018                    0.1                    0.1      1.028718401313111                     10
                  292.5    -0.6080741209188399     -1.622855541030352                    0.1                    0.1      1.055568020815977                     10
                    295     0.3692099359346098     -1.091667226490178                    0.1                    0.1      1.077291367261924                     10
                  297.5    -0.8792212882930528    -0.6695122672853865                    0.1                    0.1     0.9055171460282982                     10
                    300    -0.4148125806611847     -1.169694753824638                    0.1                    0.1     0.7946362656499495                     10
                  302.5     -2.017486039800948     0.8059985553581732                    0.1                    0.1      1.064560345497172                     10
                    305    -0.8284328076491598     -1.109695748021738                    0.1                    0.1     0.8080145302206813                     10
                  307.5     -1.480763924789761    0.02805823273784085                    0.1                    0.1     0.8373095262342143                     10
                    310    -0.2148672601903583    -0.9606434945764304                    0.1                    0.1     0.8225131307031536                     10
                  312.5     -1.162822410992349     0.1938575270212241                    0.1                    0.1     0.8607548861678357                     10
                    315     -1.779271608802026     0.7021537877251299                    0.1                    0.1     0.8796576538925936                     10
                  317.5     -1.611623447500645    0.04104614463800062                    0.1                    0.1     0.8477544487313087                     10
                    320    -0.8498527868431013   -0.06642204707768151                    0.1                    0.1      1.058168422420492                     10
                  322.5     -1.368565647355001     0.6017227351913195                    0.1                    0.1      0.921190791893253                     10
                    325     -1.765247480925135     0.2961308931683466                    0.1                    0.1     0.8453782065604548                     10
                  327.5     -1.163940939876608    0.05329133630680986                    0.1                    0.1     0.8893396229548605                     10
                    330     -1.987775335543377     0.7837434747330313                    0.1                    0.1     0.9258132626607561                     10
                  332.5     -1.196344554977791   -0.06510155557773407                    0.1                    0.1     0.8719747775057408                     10
                    335     -1.266831485146509   -0.04295412398517908                    0.1                    0.1     0.8036389826986382                     10
                  337.5    -0.9694216815911743   -0.06417806729282324                    0.1                    0.1     0.9050813003706204                     10
                    340    -0.2066743549060154      -1.47385886149048                    0.1                    0.1     0.8154736520647164                     10
                  342.5    -0.4348813660304922    -0.7558518269420494                    0.1                    0.1     0.8588019345889651                     10
                    345     -1.406370016647071     0.2317649747985094                    0.1                    0.1     0.7790883919803627                     10
                  347.5      -1.59893693779638     0.7268108439886156                    0.1                    0.1     0.9212211586192397                     10
                    350     -1.150301579144954     0.4619196372791048                    0.1                    0.1     0.8946884111102191                     10
                  352.5    -0.8146629857246451    -0.2194461248383252                    0.1                    0.1     0.9466197011550744                     10
                    355    -0.8664167293945021    -0.7824175035391264                    0.1                    0.1     0.8732285469933708                     10
                  357.5    -0.8386341542078167    -0.1581253229249309                    0.1                    0.1     0.8571813553796974                     10
                    360     -1.632602251765804    -0.1472061760128414                    0.1                    0.1     0.9609981921357819                     10
                  362.5     -1.313024897825579   -0.01044541039960344                    0.1                    0.1     0.7489306111050675                     10
                    365    -0.9050586636963038     -1.309124340389737                    0.1                    0.1      1.006418716070963                     10
                  367.5    0.04734008751104339      -1.02093970634894                    0.1                    0.1     0.9944714202210854                     10
                    370    -0.9581223024318287    -0.3455852397630647                    0.1                    0.1      0.888455701098032                     10
                  372.5    -0.9286785228310069    -0.5580245361664542                    0.1                    0.1     0.7787631318570469                     10
                    375    0.05946532713262605     -1.265436519140705                    0.1                    0.1     0.9459300871355278                     10
                  377.5    -0.5154051686488732    -0.9061630382062511                    0.1                    0.1     0.8125422901916667                     10
                    380   -0.06959945757583028     -1.005558611530216                    0.1                    0.1     0.8498589217142801                     10
                  382.5     0.3544141197059028      -1.32869837230271                    0.1                    0.1      1.045359803264079                     10
                    385     0.5773412313910785     -1.366913901772111                    0.1                    0.1      1.101347061813178                     10
                  387.5    -0.7603673315116192    -0.7367837510829928                    0.1                    0.1      0.813519905407891                     10
                    390     -1.624045219472113    -0.2655855983231217                    0.1                    0.1     0.9338878811432373                     10
                  392.5      -1.89359505138084     0.4210172704471124                    0.1                    0.1      0.882829962196421                     10
                    395     -1.503468372008677     0.6857579002288657                    0.1                    0.1     0.8595254826128332                     10
                  397.5    -0.1847632219047281     -1.232620041126487                    0.1                    0.1     0.7382464782453766                     10
                    400    -0.8357430225552214   -0.03378710775980438                    0.1                    0.1      0.881899348571919                     10
                  402.5    -0.9534057931745178     0.3701728952406822                    0.1                    0.1     0.9501108056946315                     10
                    405     -1.216055889282693     0.1377403779187091                    0.1                    0.1     0.7691634955253943                     10
                  407.5      -1.53584857034473     0.1560481134830189                    0.1                    0.1     0.7083141985282958                     10
                    410     -1.560031934287755     0.3821784156624757                    0.1                    0.1     0.7203629813251777                     10
                  412.5     -1.283638295880336   -0.09613676951999292                    0.1                    0.1     0.6961633598246584                     10
                    415    0.07307909385242897     -1.591438439685745                    0.1                    0.1     0.9414093110354623                     10
                  417.5     -1.836878691834321     0.2247436776352884                    0.1                    0.1     0.8390369026118014                     10
                    420     -1.396666236779347  -0.007050734832185331                    0.1                    0.1     0.6819036695286972                     10
                  422.5     -1.209559946365062    -0.4244441177951306                    0.1                    0.1     0.8830190616902739                     10
                    425    -0.4139538154681595    -0.4333080006993276                    0.1                    0.1     0.9227131811994619                     10
                  427.5    -0.2409288107327852    -0.9734911821937178                    0.1                    0.1     0.7232274034045413                     10
                    430    -0.4371286233896268     -1.646298837315507                    0.1                    0.1     0.9398619828410207                     10
                  432.5    0.09550777534419887    -0.8798126447886657                    0.1                    0.1     0.9935559901368572                     10
                    435     -1.052088949093823   -0.01954810682586353                    0.1                    0.1     0.7883886531720558                     10
                  437.5     0.2184271868374162     -1.194557944820395                    0.1                    0.1     0.8842047040309158                     10
                    440    -0.3708419628570585    -0.5916978049994444                    0.1                    0.1     0.8784228595122616                     10
                  442.5    -0.9903738826212883    -0.4988307523191212                    0.1                    0.1     0.7176055370101295                     10
                    445     -1.205191045418577     0.1439970034081772                    0.1                    0.1     0.7004139945008298                     10
                  447.5     -1.561857963307576    0.03646859189236005                    0.1                    0.1     0.7009084475970002                     10
                    450    -0.6264135422726604    -0.1487479411328725                    0.1                    0.1     0.9986179348181659                     10
                  452.5    -0.7032611168646764     -1.216966693011964                    0.1                    0.1     0.7764058314571993                     10
                    455     -1.115916258088444    -0.5455353838418938                    0.1                    0.1     0.7649660912054638                     10
                  457.5    -0.5270382149634851     -1.512106461782471                    0.1                    0.1     0.8226042172249335                     10
                    460    -0.5557022170709339     -1.318232710347639                    0.1                    0.1     0.7822565179090899                     10
                  462.5     -1.077628630535036     -0.028927697758453                    0.1                    0.1     0.7079984849898774                     10
                    465      -1.03020238804428     0.5644488758939367                    0.1                    0.1      1.034559489774397                     10
                  467.5    -0.9148389683728497    -0.7703126559954743                    0.1                    0.1     0.7675430963187809                     10
                    470     -1.227352954682026    -0.2161924065143469                    0.1                    0.1     0.7109351494830983                     10
                  472.5    -0.9189433999191843    -0.3249111440890924                    0.1                    0.1     0.8103659196562528                     10
                    475     -1.129926009589391     0.3669086830028925                    0.1                    0.1     0.7487353932475134                     10
                  477.5     -1.520360426839335    -0.2463460042472393                    0.1                    0.1     0.8356409360354204                     10
                    480     0.2760841045650996     -1.406204514800629                    0.1                    0.1     0.9093596397328152                     10
                  482.5    -0.5528554798733177    -0.4202774236466987                    0.1                    0.1      0.871524691519618                     10
                    485      -1.23522598423233     -0.531089342461354                    0.1                    0.1     0.8585638274064004                     10
                  487.5     0.7759667419370073    -0.9845636374429996                    0.1                    0.1      1.111111111111111                     10
                    490    -0.7008668220216968     -1.269287179726054                    0.1                    0.1      0.749196427558033                     10
                  492.5    -0.9876151839338649    -0.2339994107930761                    0.1                    0.1      0.739626641911668                     10
                    495     -1.771310550302348     0.8180321981237095                    0.1                    0.1     0.9507914927647326                     10
                  497.5     -1.665393005857928     0.3867453897707094                    0.1                    0.1      0.708732487856654                     10
                    500     -1.062334740394818     0.3889779773364399                    0.1                    0.1     0.7381048597266117                     10
