#! FIELDS time p.x p.y sigma_p.x sigma_p.y height biasf
#! SET multivariate false
#! SET kerneltype gaussian
                    2.5     0.5355510390782502      1.262334489095506                    0.1                    0.1      1.111111111111111                     10
                      5      1.152248623989813     0.3009955771745508                    0.1                    0.1      1.111111111111111                     10
                    7.5     0.4465664727392808     0.8957070656257765                    0.1                    0.1      1.111111111111111                     10
                     10      1.243353846764906     -0.253182797204816                    0.1                    0.1      1.111111111111111                     10
                   12.5      1.417329693195881    -0.7371743309408462                    0.1                    0.1      1.111111111111111                     10
                     15      1.326709881109304    -0.3925498608326091                    0.1                    0.1      1.078336875821948                     10
                   17.5      1.367491297657464    -0.3279745089803832                    0.1                    0.1      0.985768233973667                     10
                     20     0.9906917081264626     0.3639973786392062                    0.1                    0.1      1.083935154446463                     10
                   22.5     0.2363876966875401      1.168056054379163                    0.1                    0.1      1.109881452320736                     10
                     25      1.001598625006905    -0.3963482266651528                    0.1                    0.1      1.108117186950883                     10
                   27.5      1.767705827216093    -0.1168383921614701                    0.1                    0.1      1.111111111111111                     10
                     30      1.431851512761929   -0.05919688894067719                    0.1                    0.1      1.104890830211785                     10
                   32.5      1.823651742502613    -0.3042866644664307                    0.1                    0.1       1.09299829200624                     10
                     35     0.8253361481195621      1.285783663487822                    0.1                    0.1      1.109305288770414                     10
                   37.5    -0.4982380823155876     0.5538701397458148                    0.1                    0.1      1.111111111111111                     10
                     40     0.7134741300616241     0.6200378855982939                    0.1                    0.1      1.111111111111111                     10
                   42.5      1.572634681338075    -0.6274721429415216                    0.1                    0.1       1.09065741219792                     10
                     45      1.215261467445179    -0.5624300360209582                    0.1                    0.1      1.086280668852349                     10
                   47.5    0.03846780903776484      1.024886700990164                    0.1                    0.1      1.104872467588399                     10
                     50     0.4840421084873424      1.167123030872363                    0.1                    0.1       1.03620879701941                     10
                   52.5 -9.921218838101868e-05      1.390696714573195                    0.1                    0.1      1.110478544787386                     10
                     55    -0.5931034047279834      1.033721717162168                    0.1                    0.1      1.111111111111111                     10
                   57.5     0.4263301199931669      1.686446489475573                    0.1                    0.1      1.111111111111111                     10
                     60     -0.142026190415726      1.083298083673886                    0.1                    0.1      1.090553996993022                     10
                   62.5     0.5732395965076981      1.056018214398665                    0.1                    0.1       1.04203506967339                     10
                     65   0.001835328835541604      1.175552226278906                    0.1                    0.1      1.029027855398056                     10
                   67.5     0.4013698823365978      1.396474651531476                    0.1                    0.1      1.081036495595236                     10
                     70     0.4665532643996917      1.013623247245938                    0.1                    0.1     0.9598226112398844                     10
                   72.5      1.001452227006669    0.09596617954796614                    0.1                    0.1      1.102984415610256                     10
                     75      1.447984401534193    -0.3994585108229043                    0.1                    0.1     0.9873547630971062                     10
                   77.5      1.498510257203544    -0.1331865459312624                    0.1                    0.1      1.023509609008114                     10
                     80      1.224084144913565    0.06116068333589567                    0.1                    0.1      1.088103914683047                     10
                   82.5     0.5055533800325559     0.7249590633588039                    0.1                    0.1       1.07728355550876                     10
                     85      1.330396100183072    -0.6300569939043027                    0.1                    0.1      1.001032288771321                     10
                   87.5     0.7507937340725394     0.9679454279364946                    0.1                    0.1      1.090845994285818                     10
                     90     0.9947564443552321    -0.2169729007845168                    0.1                    0.1      1.080688556483719                     10
                   92.5     0.7875635212724743    -0.1751269895679702                    0.1                    0.1      1.097075671768664                     10
                     95     0.8500802055837851     0.6975485341936238                    0.1                    0.1      1.073610667341252                     10
                   97.5      1.540697862711646    -0.3518296801208353                    0.1                    0.1      1.001297845619773                     10
                    100     0.2807078157937454     0.6348163454210596                    0.1                    0.1      1.103715608097112                     10
                  102.5      0.601451462511883     0.8160462768073307                    0.1                    0.1      1.002323084045005                     10
                    105     0.8069559710803087     0.1291624909713038                    0.1                    0.1      1.091171045194587                     10
                  107.5     0.6522521328761784     0.4538283477237506                    0.1                    0.1       1.08353014761132                     10
                    110      1.510435271638997    -0.5092296583499425                    0.1                    0.1     0.9560717553477289                     10
                  112.5      1.300636105376102    -0.1427592592802057                    0.1                    0.1     0.9752197878399207                     10
                    115      1.091022193009996     0.1644243434836946                    0.1                    0.1     0.9736405189218481                     10
                  117.5      1.596152688647219    -0.3084408359112917                    0.1                    0.1     0.9598025019360428                     10
                    120     0.3982877080166558     0.7072813834462111                    0.1                    0.1     0.9779664924767165                     10
                  122.5      0.353935913213369      1.140308683930808                    0.1                    0.1     0.9621022509030792                     10
                    125    0.06209455076132324      1.143688812703121                    0.1                    0.1     0.9321559475852909                     10
                  127.5      1.343307026180038    -0.0415981159388789                    0.1                    0.1     0.9202408448485552                     10
                    130      1.538906662362402    -0.6248347769398126                    0.1                    0.1     0.9099641853741506                     10
                  132.5      1.839948854080944    -0.4121662083969553                    0.1                    0.1      1.040250211956385                     10
                    135     0.8070095653415701    -0.1893131635416151                    0.1                    0.1     0.9780380729243637                     10
                  137.5      1.210496009679776    -0.5359069796390551                    0.1                    0.1      0.936081219332968                     10
                    140     0.9566649883653551     0.1567250147672473                    0.1                    0.1     0.9312091552005456                     10
                  142.5      1.192370995792214   -0.05379253581899014                    0.1                    0.1     0.9503158110912513                     10
                    145      1.058543113255717    -0.0525975928597498                    0.1                    0.1     0.9714795966907118                     10
                  147.5      1.312787421957652    -0.8408485954756375                    0.1                    0.1        1.0554538837564                     10
                    150      1.449355484188616    -0.1175834241808522                    0.1                    0.1     0.8368885669816524                     10
                  152.5     -0.335406985851019      1.060543326954292                    0.1                    0.1      1.088747125026183                     10
                    155      0.603835355058448    -0.3483921989518869                    0.1                    0.1      1.102209484549867                     10
                  157.5      1.654705563540217    -0.7413666255597274                    0.1                    0.1      1.032146205239077                     10
                    160      1.840305596898783    -0.4526805812238793                    0.1                    0.1     0.9696991568266311                     10
                  162.5     0.4073164333357676     0.6032358761101557                    0.1                    0.1     0.9644154676392962                     10
                    165     0.3270671019466321     0.8788464116934982                    0.1                    0.1      0.997924398368346                     10
                  167.5     0.9162548968844032     0.4881964258483505                    0.1                    0.1       1.04808449410788                     10
                    170      1.627348200582816    -0.7027426753237583                    0.1                    0.1     0.8830685984512722                     10
                  172.5    -0.4321251111120771      1.295356741021994                    0.1                    0.1      1.105121723478423                     10
                    175     0.4130306673072608     0.3367032737258867                    0.1                    0.1      1.103979858722028                     10
                  177.5    -0.1232600796022313     0.9356274952901521                    0.1                    0.1      1.040090591711001                     10
                    180     0.2794241966951614      1.023385139431099                    0.1                    0.1     0.9561564694808067                     10
                  182.5    0.05161542806219736      1.016152522188342                    0.1                    0.1     0.8910616643346714                     10
                    185     0.7524471616795162     0.7226683480396406                    0.1                    0.1      0.946124809644448                     10
                  187.5   -0.04395324336681444     0.7601019311135664                    0.1                    0.1       1.08756859585846                     10
                    190      1.678889730206405    -0.5192134190434333                    0.1                    0.1     0.9450681584916026                     10
                  192.5      1.138045202022957     0.6542686164034273                    0.1                    0.1      1.106220734710615                     10
                    195      1.786041194424147    -0.6446034216686104                    0.1                    0.1     0.9967058025778888                     10
                  197.5      1.278360250641731    -0.4264737094194264                    0.1                    0.1     0.8418725144763048                     10
                    200     0.7992047294847893     0.4825038457529661                    0.1                    0.1     0.9648499087019337                     10
                  202.5    -0.1197894623919674      0.960197446942417                    0.1                    0.1     0.8917026788133728                     10
                    205     0.3038470615931442     0.3965406567114901                    0.1                    0.1      1.041729001690511                     10
                  207.5     0.8614789710350319    -0.1295046100147043                    0.1                    0.1     0.9130836591061335                     10
                    210     0.2748189292766943      1.227890030364789                    0.1                    0.1     0.9239657458374665                     10
                  212.5      0.444997552858136     0.4789182336033397                    0.1                    0.1      0.965881573469932                     10
                    215      1.181360372163462    -0.8720732222915415                    0.1                    0.1      1.058844495076098                     10
                  217.5      1.020480481485203     0.0204138814760252                    0.1                    0.1     0.8545309995040903                     10
                    220     0.7355002512542859      1.015521878964661                    0.1                    0.1     0.9688601648246179                     10
                  222.5    0.06857118272981888     0.7937955116352965                    0.1                    0.1      1.019180326089711                     10
                    225      0.197053027801109     0.4264212870198905                    0.1                    0.1      1.026827309389016                     10
                  227.5    -0.5659273509455028     0.9191733813299122                    0.1                    0.1      1.047966726564839                     10
                    230     0.1714670235984741      1.085972816922868                    0.1                    0.1     0.8363427136224192                     10
                  232.5     0.1781711910375651     0.8312676746822918                    0.1                    0.1     0.9719071382637505                     10
                    235     0.8494593637828355      1.124845181463223                    0.1                    0.1      1.026570303100012                     10
                  237.5     0.9888576565574734     -0.896814836716331                    0.1                    0.1      1.092803608742902                     10
                    240      1.459432765903916     -0.302549087447279                    0.1                    0.1      0.793193914550725                     10
                  242.5      1.332304389650928     0.1191109642783955                    0.1                    0.1      0.990039100519214                     10
                    245     0.8806204958228262    0.05757267279297909                    0.1                    0.1     0.8826188462233407                     10
                  247.5      1.792296051687765    -0.6479400738385633                    0.1                    0.1      0.910072965372018                     10
                    250      1.274187384433963     0.7470906892622852                    0.1                    0.1      1.079861576306791                     10
                  252.5      1.568619015854209    -0.1734661106893618                    0.1                    0.1     0.8763990205646174                     10
                    255      1.065138549231211    -0.2784600870783523                    0.1                    0.1     0.9405823403902166                     10
                  257.5     0.3927410258763643    0.01564055519149393                    0.1                    0.1       1.11041575875262                     10
                    260     0.9820875887134461    -0.1454394856245293                    0.1                    0.1     0.8344720402152233                     10
                  262.5       1.31534892150689    -0.7759167557646969                    0.1                    0.1     0.8885182071139287                     10
                    265      1.222852621670143     0.3540313325890531                    0.1                    0.1      1.009009888699763                     10
                  267.5   -0.09317909810561747      1.315168529397298                    0.1                    0.1      1.011601168625283                     10
                    270     0.5749664231225132       1.33122926239634                    0.1                    0.1     0.9776758312176457                     10
                  272.5     0.2231225654769889      1.441369122832537                    0.1                    0.1      1.066425191281416                     10
                    275      1.580271166094418    -0.9403136267210381                    0.1                    0.1      1.085641679449898                     10
                  277.5     0.5219470225901014      1.606447873604439                    0.1                    0.1      1.046973966862877                     10
                    280     0.1950003164662343      1.289369802946445                    0.1                    0.1      0.908319980917118                     10
                  282.5     0.4904921202627691     0.6121259158125112                    0.1                    0.1     0.8687536922156942                     10
                    285      1.341608721001142    -0.2291849780953232                    0.1                    0.1     0.7657929302909968                     10
                  287.5      1.111055891817766    -0.5020873285319649                    0.1                    0.1     0.9295863356524212                     10
                    290      1.248311548524439     -0.273321038376951                    0.1                    0.1     0.7720218155081983                     10
                  292.5     0.9534579005118928    -0.5544549124089782                    0.1                    0.1      1.045803839886019                     10
                    295      1.748074871350641    -0.3254806102160859                    0.1                    0.1     0.8816725080427916                     10
                  297.5      1.235552547465139    -0.3379658057202126                    0.1                    0.1     0.7359194989540704                     10
                    300      1.397415826798507    -0.4616348274176542                    0.1                    0.1     0.7510701812375068                     10
                  302.5    -0.4427162070758434      1.284149482019066                    0.1                    0.1     0.9891621258533252                     10
                    305  -0.009854509092097723     0.6592854816203257                    0.1                    0.1      1.005207132762475                     10
                  307.5    -0.3514676695941704     0.8955219865377437                    0.1                    0.1       1.05195005122186                     10
                    310   -0.03293073485578263      1.440537873143619                    0.1                    0.1     0.9645120625499608                     10
                  312.5     0.2879109093564176     0.7794931033885597                    0.1                    0.1     0.8750998261399728                     10
                    315     0.4001971816912665      1.318310582072956                    0.1                    0.1     0.8723596299231519                     10
                  317.5     -1.012681505473474     0.9038303007537227                    0.1                    0.1      1.111111111111111                     10
                    320      1.544285938485049    -0.5103548164159855                    0.1                    0.1     0.7647442094267182                     10
                  322.5      1.715317416207996    -0.1740903320284033                    0.1                    0.1     0.9039818605394876                     10
                    325     0.5151014992368697      0.289972735572645                    0.1                    0.1      1.013462781238297                     10
                  327.5     0.5162430131524225     0.2015362589978278                    0.1                    0.1      0.995142557659506                     10
                    330     0.2619018766090251      1.138495530811666                    0.1                    0.1     0.7426041350945859                     10
                  332.5      1.133636862124621    -0.2038592985609852                    0.1                    0.1     0.7982402267461601                     10
                    335      1.126260028973153    -0.6167647338270605                    0.1                    0.1     0.8982287243763691                     10
                  337.5     0.9450009532706974     0.7662036376769591                    0.1                    0.1      1.019995268418794                     10
                    340      1.200493919629948    -0.1862206491275491                    0.1                    0.1      0.714983020487016                     10
                  342.5     0.6047809125506287    0.06260836343344067                    0.1                    0.1      1.049153766424294                     10
                    345    -0.3136047810928059     0.8387659369036701                    0.1                    0.1     0.9883162816236539                     10
                  347.5     0.4527224619857854     0.7136957556782251                    0.1                    0.1     0.7635669019254835                     10
                    350     0.8744856606429102     0.3491169404436251                    0.1                    0.1     0.9534649872493698                     10
                  352.5     0.7648748126374086     0.9730754587626206                    0.1                    0.1      0.868649876910463                     10
                    355      1.791973934855323    -0.7928325070938845                    0.1                    0.1     0.9810649924911977                     10
                  357.5     0.6685622627517612     0.2381230459354102                    0.1                    0.1     0.9821105547698936                     10
                    360     0.7820681493396752     0.6975592903464928                    0.1                    0.1     0.8273139516920829                     10
                  362.5      1.053766215886052  -0.008586434262860083                    0.1                    0.1      0.748981286284391                     10
                    365     0.8621096567159608     -0.386465007885625                    0.1                    0.1     0.9965375444115784                     10
                  367.5      1.258486906149075    -0.3088312908912885                    0.1                    0.1     0.6215493415442759                     10
                    370    -0.9124964502925281      1.231335453637546                    0.1                    0.1      1.110813895817522                     10
                  372.5      1.165619517851371    -0.2119791640581958                    0.1                    0.1     0.6554694456136522                     10
                    375      1.557613154283155     0.2520528334544993                    0.1                    0.1      1.106905799223969                     10
                  377.5      1.681914799067016    -0.4033076021829085                    0.1                    0.1     0.8052151146209626                     10
                    380     0.7475560337976339     0.8817467593819754                    0.1                    0.1     0.8441230798142658                     10
                  382.5     0.2891048804735966     0.6631948217070512                    0.1                    0.1     0.8085622620739374                     10
                    385      1.497852541008992    -0.7566502010718763                    0.1                    0.1     0.8387038503200134                     10
                  387.5     0.8512227184308505    0.08575249323930059                    0.1                    0.1      0.813829697547348                     10
                    390      1.181661045206579     0.2949676014277057                    0.1                    0.1     0.8677664385827254                     10
                  392.5     -0.977540471827139      0.961055945668647                    0.1                    0.1      1.014243699133788                     10
                    395    -0.4308639870340402      0.803650331719131                    0.1                    0.1     0.9775959435361311                     10
                  397.5      1.228567716391057    -0.6796382018557711                    0.1                    0.1     0.8284561643721728                     10
                    400     0.7971649383558076     0.5700517312972972                    0.1                    0.1     0.8132266153814911                     10
                  402.5    -0.4174533678246442     0.7081153293945839                    0.1                    0.1     0.9765814283962921                     10
                    405    0.08250036267102784      1.349300626953706                    0.1                    0.1     0.8747892576859982                     10
                  407.5     0.3395689773112574      1.160264281237935                    0.1                    0.1     0.7197832206955783                     10
                    410     0.6252351599101622     0.3565493468865665                    0.1                    0.1     0.8959619597778439                     10
                  412.5     0.5062873249072732   -0.01863226679536609                    0.1                    0.1     0.9915429191767869                     10
                    415      1.412544477671562     -0.855619487217862                    0.1                    0.1     0.8735296070871863                     10
                  417.5     0.2466545398631082      1.227982680223439                    0.1                    0.1     0.6863136948949067                     10
                    420       1.49988300684406    -0.7495879130438187                    0.1                    0.1     0.7371182557686669                     10
                  422.5    0.08194830870416142      1.414262985160843                    0.1                    0.1     0.8350478842130544                     10
                    425     0.7603950779685433       1.25242979172784                    0.1                    0.1     0.9552661064408824                     10
                  427.5     0.9734998325702822     0.6589104724851482                    0.1                    0.1     0.9160538875819244                     10
                    430      1.543078874010022    0.03354311329846841                    0.1                    0.1     0.9815918342757973                     10
                  432.5     0.9816468570169035    -0.1199184501283933                    0.1                    0.1     0.7170466948078188                     10
                    435     0.1047598339011388     0.3934272480961543                    0.1                    0.1      1.023533164336956                     10
                  437.5     0.6036677810378427     0.8853610333547224                    0.1                    0.1     0.8341636545834631                     10
                    440    -0.6633016744752059     0.9938810632333247                    0.1                    0.1     0.9729319815264068                     10
                  442.5    -0.2345919053325593      1.181140141254166                    0.1                    0.1     0.9819432988496419                     10
                    445    -0.1714736364347913      1.073060854429887                    0.1                    0.1     0.8213722772550592                     10
                  447.5     0.6460053520243921     0.5793380800364754                    0.1                    0.1     0.8276777436506195                     10
                    450      1.691371248265334        -0.539215841875                    0.1                    0.1     0.7540070126052323                     10
                  452.5      1.988540278293208    -0.5240113605469131                    0.1                    0.1      1.044706212162957                     10
                    455     0.8605754837474395     0.7707843851641413                    0.1                    0.1     0.7858499925666694                     10
                  457.5      1.640925869232777    -0.3671050319402301                    0.1                    0.1     0.7241860166567988                     10
                    460       1.01503531685114    -0.6260820120924065                    0.1                    0.1     0.9221679443174112                     10
                  462.5      1.235866828013975    -0.8328102895804012                    0.1                    0.1      0.822113754358138                     10
                    465      1.301441184560931     0.5134109607162819                    0.1                    0.1      1.060631398533505                     10
                  467.5     0.6915369747143671     0.1381682741024788                    0.1                    0.1     0.8707686007370098                     10
                    470     0.8268749720996962     0.1824602089708156                    0.1                    0.1      0.794863831922487                     10
                  472.5     0.5220944488539213     0.9037840683521756                    0.1                    0.1     0.7789803137990847                     10
                    475      0.575820717301981      1.028426745958379                    0.1                    0.1     0.7780844830928887                     10
                  477.5     0.1600626519821274      1.274006037877176                    0.1                    0.1      0.718079548987574                     10
                    480     0.6528428587395844      1.131267981986564                    0.1                    0.1     0.8365554044545149                     10
                  482.5     0.3429666960420874      1.593318079980971                    0.1                    0.1      1.001117759318688                     10
                    485     0.9371083897630733   -0.09413456075808407                    0.1                    0.1     0.6916887335927823                     10
                  487.5      1.844882919660375    -0.4942817986113102                    0.1                    0.1     0.7825110001028991                     10
                    490      0.849599539379418     0.4056061535894734                    0.1                    0.1     0.8170904422733692                     10
                  492.5      1.426430606675859    -0.5904353336756107                    0.1                    0.1     0.7337759771636538                     10
                    495      1.337820218749267     0.1994267929017641                    0.1                    0.1     0.9431293997167175                     10
                  497.5      1.105661338586385     0.9012379187855377                    0.1                    0.1      1.079255252732068                     10
                    500    -0.0644716148762553      1.332107619823871                    0.1                    0.1     0.8006526799002874                     10
