#! FIELDS time p.x p.y sigma_p.x sigma_p.y height biasf
#! SET multivariate false
#! SET kerneltype gaussian
                    2.5     -1.545900733018766      1.123405768438684                    0.1                    0.1      0.888888888888889                     10
                      5      -2.49178502915455      1.084012022109719                    0.1                    0.1      0.888888888888889                     10
                    7.5     -2.284256277324125     0.4501345136416802                    0.1                    0.1      0.888888888888889                     10
                     10     -2.058964527683482     0.5395256632748197                    0.1                    0.1     0.8847011809193048                     10
                   12.5     -1.925058843761002      1.155519248451521                    0.1                    0.1      0.888888888888889                     10
                     15     -1.505762039124814     0.8133703390183654                    0.1                    0.1     0.8882915349122629                     10
                   17.5     -1.526052570907108    0.03999553884744374                    0.1                    0.1      0.888888888888889                     10
                     20     -1.234647253764874     0.8898145079753611                    0.1                    0.1     0.8873926169695471                     10
                   22.5     -1.251488780959861       1.00444139662279                    0.1                    0.1     0.8484153293631284                     10
                     25     -1.929907695409477     0.2500002238586785                    0.1                    0.1     0.8883706157588777                     10
                   27.5     -1.677493023224899      1.241426194131158                    0.1                    0.1     0.8699339689640074                     10
                     30     -1.741185776856482      0.645575053301751                    0.1                    0.1     0.8873894133038914                     10
                   32.5     -1.909387264559744     0.5982025870149583                    0.1                    0.1     0.8507014298259926                     10
                     35      -1.76057211909376     0.8689835441047685                    0.1                    0.1     0.8786239092103904                     10
                   37.5     -1.656534748750627     0.5273574442699092                    0.1                    0.1     0.8590432001936904                     10
                     40     -1.464795375715022     0.7149586455589951                    0.1                    0.1     0.8403665914652159                     10
                   42.5     -1.664743342432443     0.4731795263633352                    0.1                    0.1     0.8109270139845218                     10
                     45     -1.948046376325023     0.9854679503071678                    0.1                    0.1     0.8642259466754681                     10
                   47.5     -1.941580619317456     0.9321105679763875                    0.1                    0.1     0.8070181535240946                     10
                     50     -2.022085513464443     0.8300223487372942                    0.1                    0.1     0.8354794134455585                     10
                   52.5     -1.988669323563005     0.8112746058765411                    0.1                    0.1     0.7688612345287238                     10
                     55      -1.51707365793517     0.8287147847668592                    0.1                    0.1     0.7767958449286178                     10
                   57.5     -1.456586279334605     0.6782849178204554                    0.1                    0.1     0.7741314403490641                     10
                     60     -1.881527044011875     0.8340026389262484                    0.1                    0.1     0.7361613245732446                     10
                   62.5       -1.9533118690659     0.6799447341647747                    0.1                    0.1     0.7578856668545157                     10
                     65     -2.105036373810426     0.7071452235037625                    0.1                    0.1      0.799535159716604                     10
                   67.5     -1.561888317294273     0.6451695225034321                    0.1                    0.1     0.7481608567553143                     10
                     70     -2.288980516191205     0.7739376640078761                    0.1                    0.1     0.8751129009990891                     10
                   72.5       -1.5955950300274     0.9176187177116977                    0.1                    0.1     0.7940674385447973                     10
                     75     -1.992669066745253      1.062480782573946                    0.1                    0.1     0.7672460891556413                     10
                   77.5     -2.039105285744971     0.7514207611731338                    0.1                    0.1     0.6774734077030642                     10
                     80     -1.791328298813188     0.5208411311041592                    0.1                    0.1     0.7672493093518615                     10
                   82.5     -2.236298482308001     0.8573058390187209                    0.1                    0.1      0.817059657957019                     10
                     85     -2.041113332406527     0.5852430271978002                    0.1                    0.1      0.718983419786476                     10
                   87.5     -2.022749831818063     0.9933163587578697                    0.1                    0.1      0.699433129828905                     10
                     90     -1.735409146959618      0.571510708119405                    0.1                    0.1     0.6841515251939475                     10
                   92.5     -1.655275314593485     0.4275975964577811                    0.1                    0.1     0.7463986204474883                     10
                     95     -1.977305614677667     0.6006572191769936                    0.1                    0.1     0.6537810723945727                     10
                   97.5     -1.869944692998338      1.091108256352912                    0.1                    0.1     0.7436462796632819                     10
                    100     -2.118974508498654     0.8483226898660323                    0.1                    0.1     0.6918422481237396                     10
                  102.5     -2.120292154522218     0.5846388377394292                    0.1                    0.1     0.7030454767707028                     10
                    105     -1.829934589454999     0.3540548508397051                    0.1                    0.1     0.8147167203089954                     10
                  107.5     -1.530812774974841     0.8303724100562928                    0.1                    0.1     0.6695669301732551                     10
                    110       -1.7552542913119      1.017881018588078                    0.1                    0.1     0.7811218254671641                     10
                  112.5     -1.587109590707838      1.064331605619144                    0.1                    0.1     0.7729587280770053                     10
                    115     -2.043765468814284     0.6241809913165732                    0.1                    0.1      0.586004773873857                     10
                  117.5     -1.459999338125731     0.4086406823010222                    0.1                    0.1      0.861482973846937                     10
                    120     -1.961705765149172     0.8740076318483074                    0.1                    0.1     0.5842016908454486                     10
                  122.5     -1.712042126686966     0.8474844143906923                    0.1                    0.1     0.7182803913596085                     10
                    125      -1.75042848851001      1.219166852033435                    0.1                    0.1     0.7858020056389048                     10
                  127.5     -1.446374012771455     0.5886186505800177                    0.1                    0.1     0.7524555503968726                     10
                    130     -2.317786442836213     0.9046980722373044                    0.1                    0.1      0.801338766319412                     10
                  132.5     -1.428797540136528     0.4982150832189786                    0.1                    0.1     0.7617682335607373                     10
                    135     -1.484531814404746     0.4504548063979072                    0.1                    0.1      0.707550125588262                     10
                  137.5     -2.125946512995195     0.6112699836444475                    0.1                    0.1     0.6250906431190377                     10
                    140     -1.819223016177327     0.3727203023902786                    0.1                    0.1     0.7405976897965432                     10
                  142.5       -1.8919029415079     0.8553455873992051                    0.1                    0.1      0.590721379260305                     10
                    145     -1.934441325111959     0.9235514626966931                    0.1                    0.1     0.5391669145914144                     10
                  147.5     -1.672773098485507     0.8751500027755352                    0.1                    0.1     0.6567011508615629                     10
                    150      -1.51461025843143      1.270873781367805                    0.1                    0.1     0.8352009800255396                     10
                  152.5     -1.893263704726606     0.7456114763143479                    0.1                    0.1     0.5943972838346291                     10
                    155     -1.561778562438569      0.149414434064215                    0.1                    0.1     0.8454952935000952                     10
                  157.5     -1.783466373646332     0.4457289074187495                    0.1                    0.1     0.6437839420188071                     10
                    160     -1.874846822409608     0.7324481486284284                    0.1                    0.1     0.5814505427575886                     10
                  162.5     -2.074114664185826     0.9811201811276423                    0.1                    0.1     0.6521391119741912                     10
                    165     -1.959754818383186      1.225435855942583                    0.1                    0.1     0.7813948597422835                     10
                  167.5     -2.076909582137713     0.5552815491681521                    0.1                    0.1     0.5797977789723682                     10
                    170     -1.608432546489247       1.09012997649882                    0.1                    0.1     0.6969269099750842                     10
                  172.5      -1.96786949482706     0.3587731861268142                    0.1                    0.1      0.766521075712677                     10
                    175     -1.679120323944851      0.939104037710054                    0.1                    0.1     0.6236352136361968                     10
                  177.5     -2.159964972636649     0.9581664505570289                    0.1                    0.1     0.7019605044164179                     10
                    180     -2.201193400960549     0.6867702921045945                    0.1                    0.1     0.6724127126414075                     10
                  182.5     -1.796883118716193     0.5349398600362948                    0.1                    0.1      0.591054956320492                     10
                    185     -1.461423226053326     0.5185293730555584                    0.1                    0.1     0.6454638282821181                     10
                  187.5     -2.352518423752492      0.946331067081748                    0.1                    0.1     0.7704470508064111                     10
                    190     -2.203044251320064      1.144747641255296                    0.1                    0.1     0.8503487595591919                     10
                  192.5     -1.255326432865091     0.7826962687299472                    0.1                    0.1     0.8208291273669518                     10
                    195     -1.548919367827112     0.8870237633329868                    0.1                    0.1      0.603248384689023                     10
                  197.5     -1.474983571148177      1.086284728364498                    0.1                    0.1     0.7386386112998689                     10
                    200      -2.21038858074023      1.130170868670749                    0.1                    0.1     0.7761854750909075                     10
                  202.5     -1.680585430461919      0.140833939169898                    0.1                    0.1     0.8313820496469408                     10
                    205     -1.884092206017431    0.07922954310064384                    0.1                    0.1     0.8615610918662208                     10
                  207.5     -1.539583359029825     0.5919586654040978                    0.1                    0.1     0.6050949868909312                     10
                    210     -1.634966012397005     0.9689444185046749                    0.1                    0.1     0.5779304513368585                     10
                  212.5     -1.265688313749698      1.056524203902844                    0.1                    0.1     0.7980982239719545                     10
                    215     -1.849406047546652      1.128062110161286                    0.1                    0.1     0.6526034818902771                     10
                  217.5     -2.049182436592652     0.6915612103183871                    0.1                    0.1       0.49199163631816                     10
                    220     -1.201289941088522     0.8358823088958504                    0.1                    0.1     0.7556895442894068                     10
                  222.5     -1.380533619670799     0.2679866297015746                    0.1                    0.1     0.8456839280486328                     10
                    225     -2.131138286602667     0.5096159223973623                    0.1                    0.1     0.6304062442962302                     10
                  227.5     -2.120495404987191     0.8456446426343183                    0.1                    0.1     0.5609170543105459                     10
                    230     -2.145794761869432      1.083855120338684                    0.1                    0.1     0.6771876731137102                     10
                  232.5     -1.151386308474693      1.318081834145085                    0.1                    0.1     0.8873458745180961                     10
                    235     -1.862848817901322      1.141468000233695                    0.1                    0.1     0.6126393551814512                     10
                  237.5     -1.484441984825077       1.29081697091301                    0.1                    0.1     0.7819976094311539                     10
                    240     -1.951645032291995     0.5952745167425637                    0.1                    0.1     0.5133411187439325                     10
                  242.5     -1.270034916402285       1.02880777318168                    0.1                    0.1     0.7164010457668013                     10
                    245     -1.443948952715832     0.2771406746368122                    0.1                    0.1     0.7582799305805378                     10
                  247.5     -1.412859979923052     0.8201321954541195                    0.1                    0.1     0.6533787252517559                     10
                    250     -2.162896420667533     0.7419951885546434                    0.1                    0.1     0.5550512176331557                     10
                  252.5     -1.710368005902883       1.08200135172503                    0.1                    0.1      0.613449389829011                     10
                    255        -1.598170961646      0.235016414356456                    0.1                    0.1     0.7527063909428421                     10
                  257.5     -1.872519254024462     0.1962019461990691                    0.1                    0.1     0.7475022387594693                     10
                    260     -1.901718251064221     0.9636585231633514                    0.1                    0.1     0.5036859162569705                     10
                  262.5     -1.384969242901997     0.3043315658359649                    0.1                    0.1     0.7102020662000433                     10
                    265     -1.685163309760844     0.4139024984379328                    0.1                    0.1     0.6060607487472127                     10
                  267.5     -1.459803783947399      1.452548190160355                    0.1                    0.1     0.8575849144857056                     10
                    270      -1.91540656474867     0.8665486430254667                    0.1                    0.1     0.4581589365868766                     10
                  272.5     -1.976370998384377      1.104600501659925                    0.1                    0.1     0.5576848965291468                     10
                    275     -1.792173591792996     0.2346351913786485                    0.1                    0.1     0.6979912865147271                     10
                  277.5      -1.79603106369445     0.4496658288136132                    0.1                    0.1     0.5485027262913051                     10
                    280     -2.137777243420551     0.5835994026871749                    0.1                    0.1     0.5151203821757613                     10
                  282.5     -1.243831560353486     0.7912800545160986                    0.1                    0.1     0.6950414588015007                     10
                    285     -1.627458869085252       1.00881111112719                    0.1                    0.1     0.5419600652643576                     10
                  287.5      -1.54344797303614     0.6667614916281903                    0.1                    0.1     0.5755531502139267                     10
                    290     -1.005134252612834     0.7937071766544492                    0.1                    0.1     0.8693515693059976                     10
                  292.5     -1.564334883425625     0.7915945786169115                    0.1                    0.1     0.5316121898345949                     10
                    295     -1.227587446941436       0.30038011317789                    0.1                    0.1     0.8382991762756372                     10
                  297.5     -1.970479150312259     0.8634492469449266                    0.1                    0.1     0.4238956490908697                     10
                    300     -1.164923908640255      1.400942946815172                    0.1                    0.1     0.8339907357622661                     10
                  302.5     -2.511488970087771     0.7527477058439682                    0.1                    0.1     0.8744463544676029                     10
                    305     -1.025165459350338        1.1154509518308                    0.1                    0.1     0.8739092756886273                     10
                  307.5     -1.166450018320464      1.041983093281085                    0.1                    0.1     0.7215537571642802                     10
                    310     -2.075477329641433     0.7492902552499838                    0.1                    0.1     0.4457120295026619                     10
                  312.5     -1.253042137761645     0.7030902837759671                    0.1                    0.1     0.7300526084536881                     10
                    315    -0.9590817371375622      1.283936075129377                    0.1                    0.1     0.8576664991888344                     10
                  317.5     -1.950983490196327     0.9941817849013955                    0.1                    0.1      0.445571562945617                     10
                    320     -1.551791737758962     0.7047680462401008                    0.1                    0.1     0.5268682453687518                     10
                  322.5     -1.875371954146787     0.2333117720663007                    0.1                    0.1     0.6409382925884852                     10
                    325     -1.188929918340659     0.8805217296515369                    0.1                    0.1     0.6317798311675847                     10
                  327.5     -2.014076981017233      1.012862432586766                    0.1                    0.1     0.4626495299909825                     10
                    330      -1.73019351025557      0.645928119304933                    0.1                    0.1     0.5881086126677715                     10
                  332.5     -1.230297416820324     0.8707433733612203                    0.1                    0.1     0.5730521700022715                     10
                    335     -2.281590124851003     0.5053027313624474                    0.1                    0.1     0.7493940594757827                     10
                  337.5     -1.195844840019862      0.530533991696618                    0.1                    0.1     0.8535682556290066                     10
                    340     -2.239581064956507     0.2397791442289572                    0.1                    0.1     0.8768464519568139                     10
                  342.5     -1.161377963337716      1.104036323862052                    0.1                    0.1     0.7060315709239361                     10
                    345     -1.086212292887994      1.066784941360116                    0.1                    0.1     0.6999400280181878                     10
                  347.5     -1.740652741316874    -0.1491351482377821                    0.1                    0.1     0.8845171676606126                     10
                    350      -2.14927849361774     0.5595091046990941                    0.1                    0.1     0.5050548420992237                     10
                  352.5     -1.631795933352656      1.209200469034043                    0.1                    0.1     0.6390848325537132                     10
                    355     -1.262946396062676     0.5768302101846214                    0.1                    0.1     0.7458456345359061                     10
                  357.5     -1.739901769787162     0.9015099376199421                    0.1                    0.1     0.5184261361244746                     10
                    360     -1.472268049844627     0.6331900736001257                    0.1                    0.1     0.5175281011955845                     10
                  362.5    -0.9623396141341899     0.4259593494971198                    0.1                    0.1     0.8847775958113181                     10
                    365     -1.755229156380282     0.1243429275296555                    0.1                    0.1     0.7078390464254156                     10
                  367.5     -1.876682051895739     0.8943080536095024                    0.1                    0.1      0.426153518939654                     10
                    370     -2.043026531359039     0.5615205328811383                    0.1                    0.1     0.4396128217387986                     10
                  372.5     -1.287843756017482      0.637541056315445                    0.1                    0.1     0.6538476511644489                     10
                    375     -1.482316610623154     0.7762086544112604                    0.1                    0.1     0.4815150018663722                     10
                  377.5     -1.601921579923341     0.5980438928019495                    0.1                    0.1     0.5122808293756105                     10
                    380     -1.202860413590427     0.5709168946176121                    0.1                    0.1     0.6968927629276064                     10
                  382.5     -1.807583223790527    0.03527149264949635                    0.1                    0.1     0.7442348927626679                     10
                    385    -0.8509098720614273     0.3283724252995427                    0.1                    0.1     0.8629563944797911                     10
                  387.5     -2.390209447730293     0.9192320295782759                    0.1                    0.1     0.7230033344467786                     10
                    390     -2.069037835850611     0.9768123265677883                    0.1                    0.1     0.4722066651483759                     10
                  392.5     -2.029465446135656      1.178607938921737                    0.1                    0.1     0.6333766295059035                     10
                    395     -1.917311655377779     0.9467149395284949                    0.1                    0.1     0.3824428079088648                     10
                  397.5     -1.226621372795074     0.6559854799951708                    0.1                    0.1     0.6093805614486176                     10
                    400     -2.281796813782198     0.5186282803409139                    0.1                    0.1     0.6766095010117779                     10
                  402.5     -2.358600103557823     0.6554851081692843                    0.1                    0.1     0.7605161237524598                     10
                    405     -2.335521164759037      1.005958872502945                    0.1                    0.1     0.6879892341791001                     10
                  407.5     -1.984058591507622     0.6402420282550444                    0.1                    0.1     0.4146811223746867                     10
                    410     -2.147212127504481     0.9556022361293526                    0.1                    0.1     0.5250720153265275                     10
                  412.5     -1.449867819695725     0.7848023505719182                    0.1                    0.1     0.4832983732092807                     10
                    415     -2.184974345129506     0.6491445353250812                    0.1                    0.1     0.4813763326728913                     10
                  417.5     -1.545340649190943     0.6739090306396835                    0.1                    0.1     0.4450630473245474                     10
                    420     -1.978113109456928     0.7444845118093012                    0.1                    0.1     0.3968643591717838                     10
                  422.5     -1.393265967002785     0.9413855930799392                    0.1                    0.1      0.644154206084691                     10
                    425     -1.296626950450857     0.9697193012312468                    0.1                    0.1     0.5655383944661845                     10
                  427.5     -1.403001981035502      0.148714386727828                    0.1                    0.1     0.7592756124431367                     10
                    430     -1.539205942748133      1.300317467435867                    0.1                    0.1     0.6830506441337149                     10
                  432.5     -1.031251284847361    0.02342360436067425                    0.1                    0.1     0.8885807011541699                     10
                    435     -2.166883624817994      1.031578523121438                    0.1                    0.1     0.5495079807049327                     10
                  437.5     -1.461069358389937      0.542955713520431                    0.1                    0.1     0.5044169841445342                     10
                    440     -1.493511231018743      1.252391972286811                    0.1                    0.1     0.6354872069053491                     10
                  442.5     -1.688360475676866       1.31820772296325                    0.1                    0.1      0.714670756780846                     10
                    445     -1.492192472403713      0.886768344115652                    0.1                    0.1     0.4893046502504382                     10
                  447.5     -1.189475901108662     0.8503339573276839                    0.1                    0.1     0.5377278535059556                     10
                    450     -1.231273195278898     0.2483414560278028                    0.1                    0.1     0.7696942614768457                     10
                  452.5     -1.619260128520355      1.206727430006468                    0.1                    0.1     0.5463142019948736                     10
                    455      -1.05571581573099     0.8739215982619614                    0.1                    0.1     0.7158888165747318                     10
                  457.5     -1.039702915206913     0.7057020005329624                    0.1                    0.1     0.7685153068912433                     10
                    460     -2.312712945295531     0.7421264404466562                    0.1                    0.1     0.6343355602227911                     10
                  462.5     -2.175552471722896     0.2955309887890757                    0.1                    0.1      0.795872532477772                     10
                    465     -1.236226770149174      1.302328962392233                    0.1                    0.1     0.7783728989398415                     10
                  467.5     -1.413667333426429     0.9028162583590462                    0.1                    0.1     0.5314904695617222                     10
                    470    -0.7283228166290198      1.012681743324698                    0.1                    0.1     0.8880945910259429                     10
                  472.5      -1.79117934608772   0.001075687778395494                    0.1                    0.1     0.7230145999603644                     10
                    475    -0.5220659757767802     0.9474701241804793                    0.1                    0.1     0.8812978348053332                     10
                  477.5     -1.510147444491747       1.11661281763571                    0.1                    0.1     0.5638803704003291                     10
                    480     -1.666642283255183    0.05813918172067641                    0.1                    0.1     0.6851013415596963                     10
                  482.5    -0.7398385222865026      1.186243354885022                    0.1                    0.1     0.8660130943735327                     10
                    485    -0.6666895771916327      1.296925358527756                    0.1                    0.1     0.8553323637779814                     10
                  487.5    -0.8123103231168218     0.8753682831147388                    0.1                    0.1     0.8527437678505327                     10
                    490     -1.239718150990531     0.7990003312609533                    0.1                    0.1     0.4849111396156322                     10
                  492.5     -2.215646025521933     0.2481188428395047                    0.1                    0.1     0.7498968498199621                     10
                    495     -1.696209296463204     0.3910790397884711                    0.1                    0.1     0.5581290432389093                     10
                  497.5     -2.155705057082307     0.9987390955366504                    0.1                    0.1     0.4958553821984847                     10
                    500     -1.813674923108111     0.7290346125810739                    0.1                    0.1     0.5331432445086218                     10
