#! FIELDS time p.x p.y sigma_p.x sigma_p.y height biasf
#! SET multivariate false
#! SET kerneltype stretched-gaussian
                    2.5     -1.555221382165221      0.767140859081871                    0.1                    0.1     0.5555555555555556                     10
                      5      -1.48539226702712     0.3582794932011946                    0.1                    0.1     0.5555555555555556                     10
                    7.5     -1.650257781260904      1.197856179917671                    0.1                    0.1     0.5555555555555556                     10
                     10     -1.759740441041199     0.4878070510783288                    0.1                    0.1     0.5552870575141696                     10
                   12.5     -2.012753540244893      1.098515874824178                    0.1                    0.1     0.5555555555555556                     10
                     15     -2.036092062902624     0.3286599187452997                    0.1                    0.1     0.5554235099348638                     10
                   17.5      -2.08313017376049      1.104371010375772                    0.1                    0.1     0.5319767838958103                     10
                     20     -1.626339113305824     0.3834378518466788                    0.1                    0.1      0.537477927591737                     10
                   22.5     -2.000548911839115      1.061624861014123                    0.1                    0.1     0.5096769916124492                     10
                     25      -2.16048038980116     0.5176934251019939                    0.1                    0.1     0.5532255857730823                     10
                   27.5      -2.02865212021323     0.6541296379325822                    0.1                    0.1     0.5502924005930052                     10
                     30     -1.594030052634847      0.826200076127476                    0.1                    0.1     0.5319849070415706                     10
                   32.5     -1.655976174656703     0.9078846165845682                    0.1                    0.1     0.5313361039264146                     10
                     35     -1.933177611416396     0.5804950849256372                    0.1                    0.1     0.5342157771331932                     10
                   37.5     -1.893357566620812     0.6117708156594531                    0.1                    0.1     0.5134278075493465                     10
                     40     -2.203114448393385     0.9817569274390087                    0.1                    0.1     0.5438226268097197                     10
                   42.5     -2.256639724468904     0.6660404950293448                    0.1                    0.1     0.5468356468497089                     10
                     45      -2.20485173495376     0.8303245540284558                    0.1                    0.1     0.5374129807563095                     10
                   47.5     -2.084146553527774      0.592702337546984                    0.1                    0.1     0.4988435920156283                     10
                     50      -1.93312882228723     0.6520399650993951                    0.1                    0.1     0.4836445254853013                     10
                   52.5      -2.01578715863303     0.9748989358935602                    0.1                    0.1     0.5069671226364204                     10
                     55     -1.508961773384678     0.6946727930090578                    0.1                    0.1     0.5252288879542933                     10
                   57.5     -2.139434572709181     0.9036373881589195                    0.1                    0.1      0.501424582488993                     10
                     60     -1.811968576098139     0.4100798392638745                    0.1                    0.1     0.5229719882546782                     10
                   62.5     -1.485063912121994      1.084864727883834                    0.1                    0.1     0.5494703563390471                     10
                     65     -1.601285847375904     0.8939631455372642                    0.1                    0.1     0.4930132917141699                     10
                   67.5     -1.886562459944877     0.5983033902543743                    0.1                    0.1     0.4634383928450059                     10
                     70     -1.708705995102266      0.583345467637859                    0.1                    0.1     0.5143184199315333                     10
                   72.5     -1.955900824918867     0.7437774095268831                    0.1                    0.1     0.4932863469576512                     10
                     75     -2.109133743168862     0.7012712768774709                    0.1                    0.1     0.4807437567235554                     10
                   77.5      -1.78784614672466     0.8674018379481934                    0.1                    0.1     0.5278243558811346                     10
                     80     -1.938500234086459     0.9578179728285087                    0.1                    0.1     0.4980932848641254                     10
                   82.5     -1.639816865669643     0.8799526923380343                    0.1                    0.1     0.4629302833196311                     10
                     85     -1.651353507008192     0.6046264123798809                    0.1                    0.1     0.5022986224256264                     10
                   87.5     -1.631465457948046      1.047253624127622                    0.1                    0.1     0.5084906261746869                     10
                     90     -2.025588963408798     0.9836980709638858                    0.1                    0.1     0.4512716655824439                     10
                   92.5     -2.176501971125931     0.8635249077980801                    0.1                    0.1     0.4737586091840838                     10
                     95     -1.594331418326533     0.8418529740567421                    0.1                    0.1     0.4372185663241962                     10
                   97.5     -1.971386299493617     0.2993576265537389                    0.1                    0.1     0.5261630332494616                     10
                    100     -1.227133022739102     0.4116642342009699                    0.1                    0.1     0.5546587737899573                     10
                  102.5     -1.593924519433344     0.7640924184272336                    0.1                    0.1     0.4380739997810594                     10
                    105     -1.274174075342263      0.849332193085693                    0.1                    0.1     0.5542026541706023                     10
                  107.5      -1.61326520621967     0.7902738660525077                    0.1                    0.1     0.4119346840419485                     10
                    110     -1.904706358075989     0.7828360702370851                    0.1                    0.1     0.4795793142201715                     10
                  112.5     -1.429193321464892     0.4245764887624231                    0.1                    0.1     0.5262849604057498                     10
                    115     -2.125384443020637     0.4843153594206375                    0.1                    0.1     0.4948268198879531                     10
                  117.5     -1.490357463232151     0.5388736139850234                    0.1                    0.1     0.5134946987997354                     10
                    120     -1.906163779506053      1.180156028670542                    0.1                    0.1       0.52332951046689                     10
                  122.5     -1.835826609269061      1.165549199911008                    0.1                    0.1     0.5135485934137516                     10
                    125     -1.563972417106862     0.9930951848741688                    0.1                    0.1     0.4654251646962993                     10
                  127.5     -2.318779511259294     0.6220995332250141                    0.1                    0.1     0.5208585673383437                     10
                    130     -1.443641414907186     0.5819023022641431                    0.1                    0.1     0.5008517812462231                     10
                  132.5     -1.500546842417594      0.649645122576427                    0.1                    0.1     0.4572179201120739                     10
                    135     -1.978086664318668     0.9027078771262469                    0.1                    0.1     0.4526053697482024                     10
                  137.5      -1.53450394413761       1.06398682335599                    0.1                    0.1     0.4760671176052927                     10
                    140     -1.577640309953358     0.9447055400847219                    0.1                    0.1     0.4105405366018556                     10
                  142.5     -1.566844636960781      1.145094165186507                    0.1                    0.1     0.4772247070789175                     10
                    145     -2.233379258295015      0.956124124286602                    0.1                    0.1     0.4780012455457236                     10
                  147.5     -1.469800567014974      1.027504418251454                    0.1                    0.1     0.4616871729907419                     10
                    150     -1.364686962989683      1.071263207879568                    0.1                    0.1      0.513640532625906                     10
                  152.5     -1.702354240859383     0.4837674106346532                    0.1                    0.1     0.4692883665095996                     10
                    155     -2.218291554829033     0.4940061301684799                    0.1                    0.1     0.4905361749427221                     10
                  157.5       -1.9291625164301     0.3861633776945129                    0.1                    0.1     0.4915861094109308                     10
                    160     -1.715875846483737     0.5524180615317245                    0.1                    0.1      0.442450154384372                     10
                  162.5     -1.729517290513423     0.7828423098859952                    0.1                    0.1     0.4469166569324838                     10
                    165     -1.786276614613768      0.545147868893279                    0.1                    0.1     0.4228786182512682                     10
                  167.5     -1.874202294400503      0.738240753273912                    0.1                    0.1     0.4390077864969253                     10
                    170     -2.098897546552697     0.7584036792257282                    0.1                    0.1     0.4476909684443151                     10
                  172.5     -1.997144051566572     0.8345973227203635                    0.1                    0.1     0.4286019451215448                     10
                    175     -2.002973608255086     0.6659352083849545                    0.1                    0.1     0.3983290072755301                     10
                  177.5     -1.992304791224816      0.860172979330199                    0.1                    0.1     0.4083487848738854                     10
                    180     -1.376398721236142     0.7840717935341764                    0.1                    0.1     0.5080040643172413                     10
                  182.5     -1.968439708810371      1.003514950362481                    0.1                    0.1     0.4096091531946725                     10
                    185     -1.900200800505686     0.5967270584693514                    0.1                    0.1     0.3917828307076714                     10
                  187.5     -1.350871783043299     0.8360545805595327                    0.1                    0.1     0.4926888540688413                     10
                    190      -1.88166834462641      1.042604761033962                    0.1                    0.1     0.4497400619064416                     10
                  192.5     -1.620660445847178      0.627031277092698                    0.1                    0.1     0.4227884972395985                     10
                    195     -2.042009697346044     0.7227485883211826                    0.1                    0.1     0.3868013286934293                     10
                  197.5     -1.820975013127863     0.6601876519207093                    0.1                    0.1     0.3982493554691682                     10
                    200     -1.960948307159005     0.7270443412023165                    0.1                    0.1     0.3597523052474625                     10
                  202.5      -2.02866830866244     0.5712490146129906                    0.1                    0.1     0.3960572158355243                     10
                    205     -1.464755987338713     0.9435610994112171                    0.1                    0.1     0.4342144805870938                     10
                  207.5      -1.39397759393831     0.9931480545042727                    0.1                    0.1     0.4551080277058223                     10
                    210     -2.117725988894224      0.619257748606526                    0.1                    0.1     0.3983101701671358                     10
                  212.5     -1.192609284947493       1.18538317954513                    0.1                    0.1     0.5514226894849453                     10
                    215     -2.158418314223753     0.5793948213111082                    0.1                    0.1     0.4079201150552552                     10
                  217.5      -1.67841071683338     0.6719312135148557                    0.1                    0.1     0.4021452915606085                     10
                    220     -1.305480857290973     0.5247125173129104                    0.1                    0.1     0.5175904041511449                     10
                  222.5     -1.385233260905703      1.151818332473552                    0.1                    0.1     0.4885066513093729                     10
                    225      -1.87270294133435     0.9949800602756688                    0.1                    0.1     0.4301030870237489                     10
                  227.5     -2.125733390428675      0.898104895250714                    0.1                    0.1     0.3989624991473382                     10
                    230     -1.091270678120208     0.6968464802488459                    0.1                    0.1     0.5524681745684801                     10
                  232.5     -1.800034310150211     0.9050242310526041                    0.1                    0.1     0.4328605182851112                     10
                    235     -1.986000355186239     0.6568498019912016                    0.1                    0.1     0.3307468050962151                     10
                  237.5      -1.29381507468579     0.6690393534448351                    0.1                    0.1     0.5062122949295831                     10
                    240     -1.958424940084744     0.4240423815299018                    0.1                    0.1     0.4502895921374341                     10
                  242.5     -1.204930557419123     0.6885976459046114                    0.1                    0.1     0.5031498069634281                     10
                    245     -1.787151616444488      1.140258550876404                    0.1                    0.1     0.4761343734769733                     10
                  247.5      -1.63547097952673      1.096915984182038                    0.1                    0.1     0.4314572472810752                     10
                    250     -2.146754216585803     0.7567397999217053                    0.1                    0.1     0.3932166756267899                     10
                  252.5     -1.680648917456901      1.035564747140053                    0.1                    0.1     0.4158837098872519                     10
                    255     -1.740483583585878     0.3623457641825543                    0.1                    0.1     0.4778667376193527                     10
                  257.5     -1.310725245368117     0.7465028512766495                    0.1                    0.1     0.4570070142805644                     10
                    260     -1.768222571041652      1.004610497966697                    0.1                    0.1     0.4200961527781791                     10
                  262.5     -1.879075226222768     0.2835651827474344                    0.1                    0.1     0.4894132145320855                     10
                    265     -2.121902690331037     0.9879401067691573                    0.1                    0.1     0.3989096276788165                     10
                  267.5     -1.897420065579076      1.104624695233672                    0.1                    0.1     0.4070575510718684                     10
                    270     -1.124178066196738      1.302056616409185                    0.1                    0.1     0.5431368590146463                     10
                  272.5     -1.774602592000461      1.252733398508732                    0.1                    0.1      0.492888923017564                     10
                    275     -1.520389273752043     0.7447241267665846                    0.1                    0.1     0.3871927112317812                     10
                  277.5     -2.251106555454846      1.130446303925672                    0.1                    0.1     0.5251123140807473                     10
                    280     -2.185709057768601     0.4499955739686519                    0.1                    0.1     0.4572054399501654                     10
                  282.5     -2.148984432861436     0.6980526469946119                    0.1                    0.1     0.3735858641650977                     10
                    285     -1.528411887334553     0.8500673169533384                    0.1                    0.1     0.3645266306871667                     10
                  287.5     -1.350800348407858     0.8673228244021336                    0.1                    0.1     0.4371389887695889                     10
                    290     -1.889409545860605     0.6363520100642612                    0.1                    0.1     0.3367867435981703                     10
                  292.5     -1.464795702909822     0.5178296031895202                    0.1                    0.1     0.4466254431098921                     10
                    295     -2.315982557412771     0.7587985805028327                    0.1                    0.1     0.4874357543725502                     10
                  297.5     -1.758988652695474       1.04493882460223                    0.1                    0.1     0.4006866860499373                     10
                    300     -1.648821249862551     0.7123544737059579                    0.1                    0.1     0.3692951384414084                     10
                  302.5     -2.231305441375932     0.5498897431167461                    0.1                    0.1     0.4167626523004552                     10
                    305     -1.649742041710406     0.2510067372808077                    0.1                    0.1     0.5229436966119978                     10
                  307.5     -2.144676152103976     0.5647003339354733                    0.1                    0.1     0.3585491541452838                     10
                    310     -1.267037449914974      1.297351269524405                    0.1                    0.1     0.5267271767436184                     10
                  312.5     -2.116776736876394     0.6626421965370283                    0.1                    0.1     0.3286161302990779                     10
                    315     -1.475342489678896     0.6753474731860087                    0.1                    0.1     0.3909157454624111                     10
                  317.5     -2.224308479708367      0.800343343802031                    0.1                    0.1     0.4010352104319507                     10
                    320      -1.97354743744815     0.7922221219067908                    0.1                    0.1     0.3398801922646817                     10
                  322.5     -1.144039839441359      1.034661065517309                    0.1                    0.1      0.538351992005256                     10
                    325     -1.886675903672645     0.8325273669183737                    0.1                    0.1     0.3689040322315247                     10
                  327.5     -2.382428982462511     0.6635015286099247                    0.1                    0.1     0.4927647446542606                     10
                    330     -2.041610446504494       0.75063350514061                    0.1                    0.1     0.3094487939971374                     10
                  332.5     -1.657605294587269      1.069563492328055                    0.1                    0.1     0.3787915044166373                     10
                    335     -2.049924927598012      1.058918549714416                    0.1                    0.1     0.3796833084658968                     10
                  337.5     -1.683946967623946     0.7688432203060253                    0.1                    0.1     0.3580296221466681                     10
                    340     -1.702597482402973     0.7117226152422083                    0.1                    0.1     0.3586870328170434                     10
                  342.5     -1.794585221585364      1.199334693045034                    0.1                    0.1     0.4299925949086462                     10
                    345     -1.998589951473538     0.9292936677419059                    0.1                    0.1     0.3333381800538662                     10
                  347.5     -1.638021486277014     0.4304388058979851                    0.1                    0.1     0.4342944569948913                     10
                    350     -1.349519751783445      1.088809900045773                    0.1                    0.1     0.4508003991379252                     10
                  352.5     -1.779743649428728      1.031943461769129                    0.1                    0.1     0.3710407559563137                     10
                    355     -2.151360406270808     0.4971640186102034                    0.1                    0.1     0.3742351955559632                     10
                  357.5     -1.469082394625046     0.6378723103100027                    0.1                    0.1     0.3849833449839549                     10
                    360     -2.173187130250906     0.4676444440240081                    0.1                    0.1     0.3862237774906113                     10
                  362.5     -1.457156884045461     0.8252754042425673                    0.1                    0.1     0.3720976429123123                     10
                    365     -2.049797764602086     0.5491853956648974                    0.1                    0.1      0.330661421598239                     10
                  367.5      -1.82400470418246     0.9040078567303009                    0.1                    0.1     0.3662835427368682                     10
                    370     -2.089801741642038     0.9945535510280746                    0.1                    0.1     0.3499530432687206                     10
                  372.5     -1.160685848183801     0.4792952110840802                    0.1                    0.1     0.5198075251192823                     10
                    375      -1.64700781121813     0.6613799108681806                    0.1                    0.1     0.3409238035259182                     10
                  377.5     -1.783051895091999     0.3236297579420236                    0.1                    0.1     0.4522750611397529                     10
                    380     -1.708570618755751     0.7229123548261999                    0.1                    0.1     0.3368499711676537                     10
                  382.5     -1.647046386158002    0.08060211522413133                    0.1                    0.1     0.5475459211626054                     10
                    385     -1.796447010239333     0.7541701255342188                    0.1                    0.1     0.3474172888545295                     10
                  387.5     -1.396519900325214     0.9792528717116161                    0.1                    0.1     0.4007202865225001                     10
                    390     -2.319433379200466     0.7326755067763918                    0.1                    0.1     0.4347212045320436                     10
                  392.5     -1.799059071084012     0.7182671399959165                    0.1                    0.1     0.3318814119712236                     10
                    395      -1.16367617197207      1.018939096165081                    0.1                    0.1     0.5034949489904307                     10
                  397.5     -1.186258268794685     0.6761993950796221                    0.1                    0.1     0.4704031117581888                     10
                    400     -1.513103508292483      1.082949940116688                    0.1                    0.1      0.372354270108208                     10
                  402.5     -1.428998572066443      0.586905454210768                    0.1                    0.1     0.3961124722102305                     10
                    405     -1.266667297205122     0.8624113489619537                    0.1                    0.1      0.436622189425427                     10
                  407.5     -1.398074135156548     0.6949539514994598                    0.1                    0.1     0.3761467320188813                     10
                    410     -1.535791868042982     0.6000569282523771                    0.1                    0.1     0.3496495439999172                     10
                  412.5     -1.748850023989641     0.5858186800359771                    0.1                    0.1     0.3376973074464616                     10
                    415     -2.089215293978232     0.5829712720045523                    0.1                    0.1     0.3005050532756828                     10
                  417.5     -1.341945826037113     0.6156744510110412                    0.1                    0.1     0.4018390088395811                     10
                    420     -2.478413991297527     0.9466985788167094                    0.1                    0.1     0.5505391047238011                     10
                  422.5    -0.9295593114055812     0.9090445430903775                    0.1                    0.1     0.5524433436665523                     10
                    425     -2.346374566448829     0.8161863402579007                    0.1                    0.1     0.4570598979071322                     10
                  427.5     -1.319639842979337     0.7912783462163407                    0.1                    0.1     0.3799238743331804                     10
                    430     -1.471029241007437     0.8117601676526348                    0.1                    0.1     0.3327334809242361                     10
                  432.5      -1.07433694580735     0.4235941596149952                    0.1                    0.1     0.5270008609380196                     10
                    435     -1.886883125176198      0.769814067342072                    0.1                    0.1     0.3116634746818492                     10
                  437.5     -1.333618124885607     0.5935730638076062                    0.1                    0.1     0.3940179107879829                     10
                    440     -2.129048086009057      1.010020665745225                    0.1                    0.1     0.3629964196012924                     10
                  442.5     -1.472642808888568     0.3660351183173298                    0.1                    0.1     0.4660194886658064                     10
                    445     -2.060623479656986      0.866486571626211                    0.1                    0.1     0.3141515449385857                     10
                  447.5      -2.15588700284916      0.375602034139804                    0.1                    0.1     0.4463054635889583                     10
                    450    -0.8714804004107856      1.268780468062742                    0.1                    0.1     0.5543728346808402                     10
                  452.5     -2.279880667868204     0.5280004372349066                    0.1                    0.1     0.4057116137033077                     10
                    455     -1.609317445145443      1.000137929236847                    0.1                    0.1     0.3309151760292715                     10
                  457.5     -1.049030821866338     0.9871371496277378                    0.1                    0.1     0.5112068976490378                     10
                    460       -1.2813375488583      1.097692661464942                    0.1                    0.1     0.4454914980044978                     10
                  462.5     -1.335742682049962      0.360363261369536                    0.1                    0.1     0.4881521364100794                     10
                    465     -1.947993473772204      0.497514310443355                    0.1                    0.1      0.368734026244297                     10
                  467.5     -1.555803936714012     0.9667757222930253                    0.1                    0.1     0.3184994879308486                     10
                    470     -1.807630490317204     0.9816221920126753                    0.1                    0.1     0.3454730694092772                     10
                  472.5     -1.818425146722033     0.7883890079297735                    0.1                    0.1     0.3188307153184015                     10
                    475     -1.949988408291853     0.8264235566899368                    0.1                    0.1     0.2952090264085926                     10
                  477.5     -1.561782856083622     0.5324175760647878                    0.1                    0.1     0.3672251861682039                     10
                    480     -1.711468366239532      0.869480618472145                    0.1                    0.1     0.3156545485912678                     10
                  482.5      -2.19153509904939     0.6178534209669637                    0.1                    0.1     0.3155071882657582                     10
                    485     -1.459725277136474      1.120491477374217                    0.1                    0.1     0.3839562198213459                     10
                  487.5     -1.661490569894856      0.936355651785079                    0.1                    0.1     0.3040863678174237                     10
                    490     -2.184197166057689      1.047531518131552                    0.1                    0.1     0.4033264185794353                     10
                  492.5     -1.763329257287324     0.7491523169967631                    0.1                    0.1     0.2998938418590328                     10
                    495     -2.137807151293865     0.3460527087189349                    0.1                    0.1     0.4460200911127704                     10
                  497.5     -2.203465968628844     0.5822610634376116                    0.1                    0.1     0.3102975004365744                     10
                    500     -1.592786206624816     0.1577319523668761                    0.1                    0.1     0.5129355113439101                     10
                  502.5     -2.067838678919199     0.5636479444188408                    0.1                    0.1     0.2848688996722629                     10
                    505     -1.950062420546798     0.4751136892245303                    0.1                    0.1     0.3639161987713458                     10
                  507.5     -1.969935073593729     0.5014152259845132                    0.1                    0.1     0.3309352129001557                     10
                    510     -1.614041134112835     0.7106884882817018                    0.1                    0.1     0.2850536380168839                     10
                  512.5     -2.222721719718199     0.8588388271122698                    0.1                    0.1     0.3635480278444703                     10
                    515     -2.319359881495772     0.9226817170193025                    0.1                    0.1     0.4431004653349426                     10
                  517.5     -1.719061558242893       1.11348568350924                    0.1                    0.1     0.3576623704819614                     10
                    520     -1.831945642069337     0.4814942771394747                    0.1                    0.1     0.3551819284304678                     10
                  522.5     -1.972842191531654     0.8613151290169466                    0.1                    0.1      0.288928003456509                     10
                    525     -1.213174838923993      1.059773245278586                    0.1                    0.1     0.4422467377489256                     10
                  527.5     -2.077245105043509     0.9262669593689845                    0.1                    0.1     0.2939532082090068                     10
                    530     -2.207976472459122     0.8220799283090831                    0.1                    0.1     0.3304118439314669                     10
                  532.5     -1.711638742598933      1.045121832142614                    0.1                    0.1     0.3184872860241784                     10
                    535     -2.127475364793575      1.105063896922532                    0.1                    0.1     0.3961315873714096                     10
                  537.5     -1.006160243785535     0.7408860565953311                    0.1                    0.1     0.5211380823497864                     10
                    540     -1.836213827887231     0.9507440675268367                    0.1                    0.1     0.3118650114847204                     10
                  542.5     -1.901973240082458      1.291875644027888                    0.1                    0.1     0.4954342236275719                     10
                    545     -1.450697699082222     0.2128820729888247                    0.1                    0.1     0.5147031094023164                     10
                  547.5     -2.238677292784535     0.9016913443461072                    0.1                    0.1     0.3461708949960534                     10
                    550     -1.714603282802357     0.5089642483835193                    0.1                    0.1     0.3420073756473033                     10
                  552.5     -1.977028763755753      0.779824680758492                    0.1                    0.1     0.2661680079764422                     10
                    555     -1.776731326034951    0.08823249010323295                    0.1                    0.1     0.5305183092512865                     10
                  557.5     -1.383498796064825     0.5486328614650569                    0.1                    0.1      0.369897157388941                     10
                    560    -0.9143313017022823      1.269878331681799                    0.1                    0.1     0.5245528514872185                     10
                  562.5     -2.144134586680375     0.6832329346672288                    0.1                    0.1     0.2799415239708009                     10
                    565     -1.909086772219995     0.8487808749127348                    0.1                    0.1     0.2760081722524022                     10
                  567.5     -1.802344450991874     0.8137045499217282                    0.1                    0.1     0.2857078667364458                     10
                    570     -1.495502665661691   -0.06247840965239414                    0.1                    0.1     0.5499727745027624                     10
                  572.5     -1.141224594324346     0.8290804047187149                    0.1                    0.1     0.4689700551728362                     10
                    575     -2.019249127509525     0.7516616843529007                    0.1                    0.1      0.253521384970665                     10
                  577.5     -1.359963194392673     0.2556998368957865                    0.1                    0.1     0.4974802783574683                     10
                    580     -1.476976035889161     0.9902408215172871                    0.1                    0.1     0.3231742610748893                     10
                  582.5     -1.824910454481388      1.169375013853598                    0.1                    0.1     0.3704403179606429                     10
                    585     -1.927031010964843     0.3287955515297428                    0.1                    0.1     0.4140407447120026                     10
                  587.5     -1.661832948508669     0.3797354528160128                    0.1                    0.1     0.4031058515595191                     10
                    590      -2.42012808098946     0.6332870830524809                    0.1                    0.1     0.4760333058483413                     10
                  592.5     -1.605591449124909       1.37178076493191                    0.1                    0.1     0.5408437682809178                     10
                    595     -2.207056057036586     0.9411858699414991                    0.1                    0.1      0.324011833454158                     10
                  597.5     -1.292279051002341      0.290808684000222                    0.1                    0.1     0.4840089434267709                     10
                    600     -2.073429218504776     0.2627318651740442                    0.1                    0.1     0.4697792366908526                     10
                  602.5     -2.373714716237726     0.9272203932469217                    0.1                    0.1     0.4501852918896276                     10
                    605     -1.917407445292722     0.3957179087865966                    0.1                    0.1     0.3631796830673306                     10
                  607.5      -1.51957701044624     0.1964566297985534                    0.1                    0.1     0.4712436885094717                     10
                    610     -2.011053489261739      0.749059502588994                    0.1                    0.1     0.2457974681130314                     10
                  612.5     -2.116141812294712     0.7413256011174978                    0.1                    0.1     0.2639399311127751                     10
                    615     -1.341421658501105     0.2830400400374852                    0.1                    0.1     0.4462231239093951                     10
                  617.5     -1.231604303918997      1.067282397411419                    0.1                    0.1     0.4173251183040718                     10
                    620    -0.7513044113418725     0.4776757783847905                    0.1                    0.1     0.5554746214510341                     10
                  622.5     -2.302508689091991      1.118760169551553                    0.1                    0.1     0.4851485490051345                     10
                    625     -1.153985415971486    0.07144948202555065                    0.1                    0.1     0.5535948945158267                     10
                  627.5     -2.250882255961859     0.9231124669601535                    0.1                    0.1     0.3289780724455574                     10
                    630    -0.9641079952840783     0.2946698609772159                    0.1                    0.1     0.5465940564230496                     10
                  632.5      -2.31257353679514      1.016712366741065                    0.1                    0.1     0.4102325867036886                     10
                    635     -1.683620507480322     0.8317940829455504                    0.1                    0.1     0.2744964711230827                     10
                  637.5     -1.820045058491184     0.4978622561745634                    0.1                    0.1     0.3219005841787147                     10
                    640     -1.514861548033851     0.4098035836257074                    0.1                    0.1     0.3936777135200492                     10
                  642.5     -1.679680015469912      1.261440774857148                    0.1                    0.1     0.4460662512040295                     10
                    645     -1.163720319446838     0.5928200178924139                    0.1                    0.1     0.4529830941363456                     10
                  647.5     -1.393759924913517     0.2370151994360979                    0.1                    0.1     0.4337200321757745                     10
                    650     -2.229638050775303     0.9872067500100841                    0.1                    0.1     0.3219279888623237                     10
                  652.5     -1.444395317160948      1.259573895730756                    0.1                    0.1      0.489855157575991                     10
                    655     -1.320793286296534     0.4066999574213478                    0.1                    0.1     0.4103261612363665                     10
                  657.5      -1.80954208425359     0.9697163152956149                    0.1                    0.1      0.295849397218135                     10
                    660     -1.168979584308891     0.5033244045287961                    0.1                    0.1     0.4441611473436977                     10
                  662.5      -1.76493341798958     0.8617348539772166                    0.1                    0.1     0.2753910496389692                     10
                    665     -1.791132056232448     0.2604864904352908                    0.1                    0.1     0.4422653356932074                     10
                  667.5     -1.599221931857941     0.9410994193794047                    0.1                    0.1     0.2753438757738523                     10
                    670     -1.741140590647418      0.879231587486983                    0.1                    0.1     0.2665685515838449                     10
                  672.5     -1.611061298421391      1.112522449676545                    0.1                    0.1     0.3255436633825768                     10
                    675     -1.295034267271197     0.4290225525977558                    0.1                    0.1     0.3964512543667281                     10
                  677.5     -2.233467115534095      1.127196654781626                    0.1                    0.1     0.4199645509596078                     10
                    680    -0.2610516737974116      1.271703090407514                    0.1                    0.1     0.5555555555555556                     10
                  682.5    -0.9661616857180158     0.7752828915692564                    0.1                    0.1     0.5005597757105675                     10
                    685     -1.437012778085418     0.7729881041006926                    0.1                    0.1     0.3193382007850014                     10
                  687.5     -2.047576096335858     0.9173245340707048                    0.1                    0.1     0.2600732595829902                     10
                    690     -2.204786612682792       1.25592026040271                    0.1                    0.1     0.5103927488668583                     10
                  692.5     -1.239865286884796     0.2589859835852691                    0.1                    0.1     0.4617131640386337                     10
                    695    -0.9192598961729431     0.9080491021456817                    0.1                    0.1     0.4997781066168587                     10
                  697.5     -1.641329778885679      1.251517777735363                    0.1                    0.1     0.4216092294377476                     10
                    700     -1.501451592340433     0.2828297875006502                    0.1                    0.1     0.4036323659409724                     10
                  702.5     -2.185767008128091     0.7928040083617772                    0.1                    0.1     0.2808806368445006                     10
                    705      -1.52756734114288     0.5702615829657622                    0.1                    0.1     0.3196843122704507                     10
                  707.5     -1.032838081445623     0.5686903246496706                    0.1                    0.1     0.4912858844218905                     10
                    710     -1.277051932894836     0.8504997636668231                    0.1                    0.1      0.378233208683047                     10
                  712.5     -2.051516357053594     0.5630301476161723                    0.1                    0.1     0.2621371144927074                     10
                    715     -1.816519703412138     0.7212975417937615                    0.1                    0.1     0.2667817109057445                     10
                  717.5     -1.897773834692529     0.9052211279356775                    0.1                    0.1     0.2613728388336918                     10
                    720     -1.826694751959097     0.9068413559344468                    0.1                    0.1     0.2600396037061439                     10
                  722.5     -1.910304665852788      1.122213466849679                    0.1                    0.1     0.3438019069510827                     10
                    725     -1.860673322475234      1.107303011398773                    0.1                    0.1     0.3150583354929062                     10
                  727.5     -1.698201968670789     0.4112464164893931                    0.1                    0.1     0.3530045714113211                     10
                    730     -1.704068186371528     0.5099906845974976                    0.1                    0.1     0.3096095244766393                     10
                  732.5    -0.9151778558747453     0.9096847964850318                    0.1                    0.1     0.4767893095840732                     10
                    735     -1.171340672217246     0.8356258154200712                    0.1                    0.1     0.4196672648108146                     10
                  737.5      -1.44571143250326     0.9126902942043337                    0.1                    0.1     0.3194114003601898                     10
                    740     -1.752613737589064       1.32283654398125                    0.1                    0.1     0.4552877629360865                     10
                  742.5    -0.4730051644541413      1.152380661269989                    0.1                    0.1     0.5540083952115267                     10
                    745     -1.337327266741904       1.26660474657941                    0.1                    0.1     0.4744107212950474                     10
                  747.5     -1.457027798715971     0.4498331599424685                    0.1                    0.1     0.3495261536093912                     10
                    750    -0.9305540748123146   -0.00442249548822506                    0.1                    0.1     0.5534403019780489                     10
                  752.5    -0.9253692844382527     0.6564566632903314                    0.1                    0.1     0.5042186027780919                     10
                    755     -1.459604497743959    -0.2702124787579979                    0.1                    0.1     0.5522989092868722                     10
                  757.5     -1.638680373419628     0.9195314815958775                    0.1                    0.1     0.2543796864132567                     10
                    760     -1.752505599900397      1.112372898283587                    0.1                    0.1     0.3001855510562821                     10
                  762.5    -0.7273750819238208      0.650078922664943                    0.1                    0.1     0.5435897228487168                     10
                    765     -1.525142749599115      1.248241128020749                    0.1                    0.1     0.4313539304174094                     10
                  767.5     -1.281012916189608     0.2173339198503306                    0.1                    0.1     0.4410530079461986                     10
                    770     -1.847114995148756     0.7168470420241357                    0.1                    0.1     0.2526196913019342                     10
                  772.5     -1.669715667079691     0.4829798308608755                    0.1                    0.1      0.313447509950001                     10
                    775     -2.229972708385276     0.9550270330869521                    0.1                    0.1     0.2926742610760175                     10
                  777.5     -2.313880013194815     0.9643818934149321                    0.1                    0.1     0.3508670350708837                     10
                    780     -1.886260409841545      1.070993658664652                    0.1                    0.1     0.2900537911197211                     10
                  782.5     -1.725140605360354      0.674921169022534                    0.1                    0.1     0.2667649775590443                     10
                    785     -1.710309765466943     0.2688164717626732                    0.1                    0.1     0.4129803147203798                     10
                  787.5     -1.595096582570941     0.3223683668974672                    0.1                    0.1     0.3759331558076083                     10
                    790     -1.649276924130307     0.1923916036304465                    0.1                    0.1     0.4249660374058889                     10
                  792.5     -1.942704579534547      0.500173667848107                    0.1                    0.1     0.2983794875991851                     10
                    795    -0.7909034329302171      1.138078583587131                    0.1                    0.1     0.5378407909626366                     10
                  797.5     -1.252364845575822      0.796319927227217                    0.1                    0.1     0.3577529157066045                     10
                    800     -2.485393968631243     0.7909303419212664                    0.1                    0.1     0.5000134182870567                     10
                  802.5     -2.025248005062898      1.069146297671486                    0.1                    0.1      0.302740812105144                     10
                    805     -1.669879597646795     0.6928108872218356                    0.1                    0.1     0.2578278975189535                     10
                  807.5     -1.606805871846459     0.5967622673980837                    0.1                    0.1      0.282520751134302                     10
                    810     -1.983525790281821     0.3423365399198072                    0.1                    0.1     0.3690114547964662                     10
                  812.5     -1.683936730066222     0.3867980591664303                    0.1                    0.1     0.3242887325013718                     10
                    815     -2.047819844731871      1.129561412150192                    0.1                    0.1      0.351595710314275                     10
                  817.5      -1.61422282086618      1.024280637006547                    0.1                    0.1     0.2653008206715912                     10
                    820     -1.508191978685013  -0.005456171391975449                    0.1                    0.1     0.5089246079571234                     10
                  822.5     -1.260521724713274       1.11695276546178                    0.1                    0.1     0.3976576047306384                     10
                    825     -1.808654331706715     0.4092919277680785                    0.1                    0.1     0.3146245967380914                     10
                  827.5     -2.037188969508852     0.4076381273346981                    0.1                    0.1     0.3338165469805051                     10
                    830     -1.547287376004018     0.1480329258263836                    0.1                    0.1     0.4260246657566178                     10
                  832.5     -1.624926369463326      1.379866321700083                    0.1                    0.1     0.4777416335617806                     10
                    835     -1.030647020745391      1.240579373881546                    0.1                    0.1     0.5034373514243397                     10
                  837.5     -1.363794404212406     0.1480632607635929                    0.1                    0.1     0.4503270361198818                     10
                    840     -1.333122473999584     0.9542080576159415                    0.1                    0.1       0.35099755228695                     10
                  842.5     -2.062085966424822      1.024849468129283                    0.1                    0.1     0.2660758815194597                     10
                    845     -1.217568141319356     0.5250540145749566                    0.1                    0.1     0.3940986997695893                     10
                  847.5     -1.618055236076136     0.5627560879270572                    0.1                    0.1     0.2807499900642906                     10
                    850    -0.7388348212625463     0.8623840284850913                    0.1                    0.1      0.535695083429013                     10
                  852.5     -1.302943525631833      1.080745619330479                    0.1                    0.1     0.3586385171806208                     10
                    855     -1.299068830243897     0.6959212317590381                    0.1                    0.1     0.3391349691251264                     10
                  857.5     -1.266563472243658    0.01877008306552681                    0.1                    0.1     0.5236556284300732                     10
                    860     -2.011969038005881     0.9247666370020703                    0.1                    0.1     0.2392844657984251                     10
                  862.5     -2.094957689053373     0.7373837286444356                    0.1                    0.1     0.2411542648183631                     10
                    865     -2.502064558963705     0.7206225788876621                    0.1                    0.1     0.4902996127547978                     10
                  867.5      -1.23826220685908     0.2508468069137832                    0.1                    0.1      0.421311494611231                     10
                    870     -1.312110657849929     0.7692837009598406                    0.1                    0.1      0.315044144409913                     10
                  872.5     -2.160196100652356      1.262629641971571                    0.1                    0.1     0.4854083501162075                     10
                    875     -1.299439096417823    -0.2225548773130461                    0.1                    0.1     0.5451183957624306                     10
                  877.5    -0.8602910222613126      1.177303719988908                    0.1                    0.1     0.4925870613477176                     10
                    880     -1.973871887417259    0.09649570706806095                    0.1                    0.1     0.5346120771908563                     10
                  882.5     -1.864015730736568      1.341757333802392                    0.1                    0.1     0.4723501652895365                     10
                    885     -1.577111744485035   -0.07278435099197703                    0.1                    0.1     0.5025760012890772                     10
                  887.5     -1.917925111182494      1.218488327459962                    0.1                    0.1     0.3765854560542456                     10
                    890     -1.787586505531952     0.4645825458479741                    0.1                    0.1     0.2839628421391986                     10
                  892.5     -1.834282786662723      0.862037897436556                    0.1                    0.1     0.2400444669813184                     10
                    895     -1.486630461866875      0.810560910876407                    0.1                    0.1     0.2810845435072355                     10
                  897.5     -1.302445412069062      1.284309665360051                    0.1                    0.1     0.4535832341680913                     10
                    900     -1.516217037384319      1.110969861290389                    0.1                    0.1     0.3122009437910815                     10
                  902.5     -1.815123266776865     0.4168110558618154                    0.1                    0.1      0.294425255563166                     10
                    905     -1.629134631062614      1.136779704605231                    0.1                    0.1     0.3014876269458791                     10
                  907.5     -1.641968199318914      0.799560674155487                    0.1                    0.1     0.2362471138010487                     10
                    910     -1.799861419352914      1.032759993424399                    0.1                    0.1     0.2594131748386737                     10
                  912.5     -1.769485087104526     0.6955180549179167                    0.1                    0.1     0.2452681436850768                     10
                    915     -1.776406421439708     0.8174165460446875                    0.1                    0.1     0.2300384240711205                     10
                  917.5      -1.41420010739055      1.199443662147233                    0.1                    0.1     0.3801582413709278                     10
                    920     -1.691965338751914     0.2346535380952092                    0.1                    0.1      0.382622947606071                     10
                  922.5     -2.044302260014213     0.9484548924736446                    0.1                    0.1     0.2345946719851214                     10
                    925    -0.9649313969579356     0.7043871720179632                    0.1                    0.1     0.4519921022039662                     10
                  927.5     -1.811109407727232      1.166672738073125                    0.1                    0.1     0.2988576713639092                     10
                    930      -1.22095295115557      0.581347891501996                    0.1                    0.1     0.3693139403014979                     10
                  932.5    -0.7594162649143147     0.8528648785458941                    0.1                    0.1     0.5007343040009147                     10
                    935     -1.657392963749344      1.238645475507948                    0.1                    0.1     0.3523042761426376                     10
                  937.5      -1.82828425573836     0.8017781173386443                    0.1                    0.1     0.2239664539631191                     10
                    940       -1.9118712597197      1.173033772861819                    0.1                    0.1     0.3169247501908337                     10
                  942.5     -1.146208539469093     0.5052685709763021                    0.1                    0.1     0.3967298583270489                     10
                    945     -1.486745600097859    0.07251695094538771                    0.1                    0.1      0.443948893274621                     10
                  947.5     -1.415582670668071      1.202564817142642                    0.1                    0.1     0.3672938613758267                     10
                    950     -2.102613259161886      1.253964392747783                    0.1                    0.1     0.4539584384724785                     10
                  952.5     -1.539584027957174     0.3630055135732802                    0.1                    0.1      0.338604660247154                     10
                    955     -1.821881559394765     0.5807630016378723                    0.1                    0.1     0.2573629470239843                     10
                  957.5     -1.705812698147884     0.6271664440548426                    0.1                    0.1     0.2428432463481154                     10
                    960     -1.580107195654955     0.7319646473414163                    0.1                    0.1     0.2415902270631144                     10
                  962.5     -1.555703697352388     0.7278876730358823                    0.1                    0.1     0.2432002742657035                     10
                    965     -1.625271628976009      1.225476027748013                    0.1                    0.1     0.3366958883279362                     10
                  967.5     -1.962043679947039     0.6878530901420851                    0.1                    0.1     0.2222868923896677                     10
                    970     -1.934837548524976     0.3543156188412691                    0.1                    0.1     0.3265096130605079                     10
                  972.5     -1.909188186520278     0.6259849212590632                    0.1                    0.1      0.233570991841779                     10
                    975     -1.889128901835097     0.2449041990561698                    0.1                    0.1     0.4002471679116638                     10
                  977.5     -2.172632977810892     0.6203953550996132                    0.1                    0.1     0.2614995669345164                     10
                    980     -2.429184741414464     0.9631436507410849                    0.1                    0.1     0.4439155939948389                     10
                  982.5     -2.269359589168948     0.6783312490558899                    0.1                    0.1     0.3221713186468853                     10
                    985     -2.265434088038494     0.8165110148133832                    0.1                    0.1     0.2966050406419999                     10
                  987.5     -2.075733544925075     0.8622291159949849                    0.1                    0.1     0.2296064725717346                     10
                    990     -1.869670178974374     0.9274159436237557                    0.1                    0.1      0.230556922597987                     10
                  992.5     -1.405042389848601     0.7902341213759039                    0.1                    0.1     0.2855527320898857                     10
                    995     -1.973218674598068     0.4329542979592569                    0.1                    0.1     0.2899107515128876                     10
                  997.5    -0.8759035567029438     0.8826001883249148                    0.1                    0.1     0.4428645916869796                     10
                   1000    -0.7609225223940432      1.261349412403009                    0.1                    0.1     0.5062962756535914                     10
                 1002.5     -1.058454681317521     0.7943326931292773                    0.1                    0.1     0.4170720490917771                     10
                   1005     -2.109136643777646     0.8661798987526563                    0.1                    0.1     0.2284566183189842                     10
                 1007.5     -2.385920960904222     0.5743722813396581                    0.1                    0.1     0.4362241761882891                     10
                   1010     -2.219603822643813      0.731982281122788                    0.1                    0.1     0.2707498299077346                     10
                 1012.5     -1.529236398300808     0.5119045704358308                    0.1                    0.1      0.298351432190066                     10
                   1015      -1.19509608237474     0.7479334496417359                    0.1                    0.1     0.3492361761886669                     10
                 1017.5     -2.213320880113957      1.238640683692456                    0.1                    0.1     0.4401527463402662                     10
                   1020     -2.451071047991466     0.8721029096121052                    0.1                    0.1     0.4290249790068327                     10
                 1022.5     -2.193223530978086     0.3102443092548753                    0.1                    0.1     0.4563883657790596                     10
                   1025     -1.186863354034503     0.7946349061399436                    0.1                    0.1     0.3462985356832536                     10
                 1027.5     -2.359664185334053     0.6244091629514075                    0.1                    0.1     0.3732447780201353                     10
                   1030     -1.646030226672176     0.5729541726016627                    0.1                    0.1     0.2490217852730966                     10
                 1032.5     -1.981514029758618     0.4264401370844702                    0.1                    0.1     0.2845375083336852                     10
                   1035      -1.34238615501093     0.9270868623741166                    0.1                    0.1     0.3173090323184545                     10
                 1037.5     -1.177339005183206     0.9142577265447424                    0.1                    0.1     0.3784416850822929                     10
                   1040     -1.121435931440422      1.320423663635015                    0.1                    0.1      0.483156153592144                     10
                 1042.5     -1.451914548890362     0.6528261811414706                    0.1                    0.1     0.2727250112715454                     10
                   1045     -2.123208702529974     0.2335053749357354                    0.1                    0.1     0.4579613737742665                     10
                 1047.5     -1.483271871514688      1.251431937732307                    0.1                    0.1     0.3812062959011445                     10
                   1050     -2.000765005179614      1.248862577632881                    0.1                    0.1     0.4089678595381538                     10
                 1052.5     -1.771970906296921     0.9413947494203161                    0.1                    0.1     0.2320082862076419                     10
                   1055     -2.313013550618283     0.8086150170672535                    0.1                    0.1     0.3108095511344017                     10
                 1057.5     -1.044697257671164     0.3360162041682916                    0.1                    0.1     0.4922503681443349                     10
                   1060     -1.422642363540519     0.4027488964922699                    0.1                    0.1     0.3306275739799026                     10
                 1062.5     -1.730649678234116     0.9537048064680302                    0.1                    0.1     0.2303441099406149                     10
                   1065      -1.80287484132053     0.4412649267479584                    0.1                    0.1     0.2634520344186408                     10
                 1067.5     -2.403798335341196     0.8964458477513797                    0.1                    0.1     0.3718421994608891                     10
                   1070     -1.599286082976773     0.9744048434292623                    0.1                    0.1     0.2380939603199821                     10
                 1072.5     -1.887656216386155     0.3944644872913428                    0.1                    0.1     0.2739683579571926                     10
                   1075     -1.160602266092294      1.360194940204781                    0.1                    0.1     0.4752508750793677                     10
                 1077.5     -1.813329383931986     0.6793057284936707                    0.1                    0.1     0.2245589121161377                     10
                   1080     -1.938200844349175      1.118250380268315                    0.1                    0.1     0.2744654968938229                     10
                 1082.5       -1.7063837386051     0.2840815218025152                    0.1                    0.1     0.3353368378722009                     10
                   1085      -1.74659883517571     0.3140508063963282                    0.1                    0.1     0.3075906041321663                     10
                 1087.5     -1.643346725306219    0.07470669403750044                    0.1                    0.1     0.4321123850904954                     10
                   1090     -1.882284471599086     0.4252195158011328                    0.1                    0.1     0.2548479475859193                     10
                 1092.5     -2.295387055797135     0.7086480326712647                    0.1                    0.1     0.2983207008440958                     10
                   1095     -1.984632239685457     0.8044927882707181                    0.1                    0.1     0.2089826243468978                     10
                 1097.5     -1.433993533571247      1.417106219228627                    0.1                    0.1     0.5100614767180804                     10
                   1100    -0.8718629426193649     0.9649039302751813                    0.1                    0.1     0.4496639731023219                     10
                 1102.5     -2.161468347872637     0.6924168544243694                    0.1                    0.1     0.2325038562088106                     10
                   1105     -2.501963380343317     0.7892440313699608                    0.1                    0.1     0.4386280041688444                     10
                 1107.5      -2.16834193460721      0.321707498210203                    0.1                    0.1      0.399435593359193                     10
                   1110     -2.209077530249592     0.9417728396219079                    0.1                    0.1     0.2467363621465801                     10
                 1112.5     -1.981634575437556     0.4220165693284736                    0.1                    0.1     0.2653610054326204                     10
                   1115     -2.260061417763546     0.8934302564046196                    0.1                    0.1     0.2532949645221224                     10
                 1117.5     -1.951503163224675      0.107694268721464                    0.1                    0.1     0.4902407040267918                     10
                   1120     -1.801444635627441       1.34239513461629                    0.1                    0.1     0.4205746396068197                     10
                 1122.5     -1.466679168565322     0.7964155426892739                    0.1                    0.1     0.2585593321810704                     10
                   1125     -1.152137738469264     0.6959169594187263                    0.1                    0.1     0.3504668249606652                     10
                 1127.5    -0.7576421248037496      1.415296079671073                    0.1                    0.1     0.5373440352824228                     10
                   1130    -0.5901103276530879       1.38113792542967                    0.1                    0.1      0.544074566873235                     10
                 1132.5     -1.018977523940873     0.9995988670618131                    0.1                    0.1     0.4428695036489988                     10
                   1135     -1.502108907605562    0.08246014880206753                    0.1                    0.1      0.410849974826569                     10
                 1137.5     -1.739575861383939     0.8062581995789186                    0.1                    0.1     0.2102014390076288                     10
                   1140     -1.740770386872206     0.9368283052820185                    0.1                    0.1     0.2182175495539898                     10
                 1142.5     -1.780899490149674    0.08532714535522104                    0.1                    0.1      0.460925929286837                     10
                   1145     -1.287314061256725      0.598370194891544                    0.1                    0.1     0.3214000741086855                     10
                 1147.5     -1.559892584090357     0.4631644971789081                    0.1                    0.1     0.2899489718208001                     10
                   1150      -1.58465187633402    0.08689718607132253                    0.1                    0.1     0.3842493628950619                     10
                 1152.5     -1.837864408647155    0.08457447531077354                    0.1                    0.1     0.4553233451305729                     10
                   1155     -2.014165251554679      1.290373397419329                    0.1                    0.1     0.4290882176095895                     10
                 1157.5     -1.160979613251619  0.0007087524165606631                    0.1                    0.1     0.5102777310883829                     10
                   1160     -1.472056172186571      1.380904415677067                    0.1                    0.1     0.4579815243156577                     10
                 1162.5     -2.059904454817427     0.8076234237015649                    0.1                    0.1     0.2096723404038919                     10
                   1165     -1.413908746977414     0.3930723098190137                    0.1                    0.1      0.319098557125997                     10
                 1167.5     -1.508535392902834      1.361779404625979                    0.1                    0.1     0.4214718502021017                     10
                   1170     0.1089418337491528      1.083236875583994                    0.1                    0.1     0.5555555555555556                     10
                 1172.5    -0.5162754008562701      1.005661763515696                    0.1                    0.1     0.5446621517181287                     10
                   1175      0.444190004700832      1.735967315752449                    0.1                    0.1     0.5555555555555556                     10
                 1177.5     0.3550464788544089     0.9925844052778061                    0.1                    0.1     0.5546216514859047                     10
                   1180     -1.824403100754458     0.3864547685191996                    0.1                    0.1     0.2560649336404944                     10
                 1182.5     -2.418206258510517     0.9165196915089768                    0.1                    0.1     0.3634721779230387                     10
                   1185     -2.306677421440338     0.7461816133840595                    0.1                    0.1     0.2842211157938307                     10
                 1187.5     -1.961139288275565     0.1489903645126376                    0.1                    0.1     0.4342386954275895                     10
                   1190     -2.198444431176761     0.4456806354673926                    0.1                    0.1     0.3250065007179874                     10
                 1192.5     -1.462358069052147      1.298338725478219                    0.1                    0.1     0.3746202366609682                     10
                   1195     -1.519185060098667     0.9499079116045066                    0.1                    0.1     0.2524558668284185                     10
                 1197.5     -1.731116932429777     0.3967313926402285                    0.1                    0.1     0.2536656878698138                     10
                   1200     -1.692354761910777     0.9528058543412659                    0.1                    0.1      0.216094774828776                     10
                 1202.5     -1.054320957573445     0.7863051974473123                    0.1                    0.1     0.3778495259157305                     10
                   1205     -1.348735990081197     -0.454825224035624                    0.1                    0.1     0.5508470520228638                     10
                 1207.5    -0.4865351001897255       1.65150043225431                    0.1                    0.1     0.5551542861602795                     10
                   1210    -0.5240606209670411     0.6634883676677199                    0.1                    0.1     0.5508522533435449                     10
                 1212.5     -1.012722440281962      1.126714307738076                    0.1                    0.1     0.4673996734075941                     10
                   1215     -1.124162203307635    -0.3692270974883924                    0.1                    0.1     0.5517352849669871                     10
                 1217.5    -0.9044959512190783      1.450465968994405                    0.1                    0.1     0.5292354463899386                     10
                   1220    0.07345192232481854      1.101738061112188                    0.1                    0.1      0.527477900411022                     10
                 1222.5    -0.4292411360589358      1.525970191810939                    0.1                    0.1     0.5407523927589487                     10
                   1225     -1.043352145090051    -0.5434310521139268                    0.1                    0.1     0.5506308136510236                     10
                 1227.5     -0.495279223696487      1.074511336290151                    0.1                    0.1     0.5110313609341139                     10
                   1230      -2.03932875782549     0.2936471395506692                    0.1                    0.1     0.3385449211707018                     10
                 1232.5    -0.8967848942569352     0.8797517081756675                    0.1                    0.1      0.395850789522704                     10
                   1235    -0.3519631292146841      1.230146382335111                    0.1                    0.1     0.5226105476171898                     10
                 1237.5     -1.618601229819335      1.013908523705977                    0.1                    0.1     0.2263194908907952                     10
                   1240     -2.450703904914795      0.672681996510177                    0.1                    0.1     0.3995503939045258                     10
                 1242.5     -2.377190030089409      0.381055664499248                    0.1                    0.1     0.5172836021222262                     10
                   1245     -1.865375183947663     0.5561143387100257                    0.1                    0.1     0.2308575168053309                     10
                 1247.5    -0.6560802864355414        1.1503680335896                    0.1                    0.1      0.512858357323341                     10
                   1250     -1.307949825941639     0.7234629578143305                    0.1                    0.1     0.2802172878757249                     10
