#! FIELDS time p.x p.y
 0.000000 0.252208 -1.171211
 0.250000 0.153795 -1.167776
 0.500000 0.302406 -1.350084
 0.750000 0.590762 -1.581551
 1.000000 0.954467 -1.164638
 1.250000 1.581918 -0.730816
 1.500000 2.061039 -0.712810
 1.750000 1.817627 -0.945793
 2.000000 1.534658 -0.845522
 2.250000 1.726390 -0.867682
 2.500000 1.960079 -0.807253
 2.750000 2.187540 -0.525000
 3.000000 2.053949 -0.814356
 3.250000 2.170830 -1.061039
 3.500000 1.630119 -1.002133
 3.750000 1.199231 -0.967006
 4.000000 1.234736 -0.946766
 4.250000 1.581333 -0.940127
 4.500000 1.875398 -0.981186
 4.750000 1.691134 -0.918492
 5.000000 1.393383 -0.560962
 5.250000 1.397907 -0.059453
 5.500000 1.408538 -0.216728
 5.750000 1.745865 -0.639001
 6.000000 1.831036 -1.268160
 6.250000 1.637293 -0.836395
 6.500000 1.795381 -0.481374
 6.750000 2.024950 -0.637817
 7.000000 1.851259 -0.557211
 7.250000 1.579776 -0.704930
 7.500000 1.737636 -0.992509
 7.750000 2.133896 -1.064939
 8.000000 2.089519 -0.570509
 8.250000 1.664409 -0.524256
 8.500000 1.673138 -0.931251
 8.750000 1.338825 -0.749737
 9.000000 1.639899 -1.026773
 9.250000 1.408095 -1.150327
 9.500000 1.414730 -0.867341
 9.750000 1.628531 -0.812499
 10.000000 1.726751 -0.618339
 10.250000 2.103136 -0.271831
 10.500000 1.931979 -0.766732
 10.750000 1.292919 -0.970527
 11.000000 0.811600 -1.040966
 11.250000 0.920574 -1.258274
 11.500000 1.383092 -1.045881
 11.750000 2.002712 -0.603260
 12.000000 2.054102 -0.606790
 12.250000 1.540701 -0.838231
 12.500000 1.215900 -0.953240
 12.750000 0.940604 -1.388319
 13.000000 0.839123 -1.409733
 13.250000 0.865676 -1.010804
 13.500000 1.270739 -0.557780
 13.750000 1.116265 -0.855683
 14.000000 0.781921 -1.131490
 14.250000 0.669192 -1.286228
 14.500000 0.801590 -1.219925
 14.750000 1.249235 -1.061002
 15.000000 1.776856 -1.288850
 15.250000 2.337757 -0.596544
 15.500000 1.969328 -0.696048
 15.750000 1.313385 -0.958306
 16.000000 1.559742 -1.320276
 16.250000 1.387242 -1.040231
 16.500000 1.590585 -0.929723
 16.750000 1.466976 -0.767440
 17.000000 1.547317 -0.999409
 17.250000 1.493487 -0.974376
 17.500000 1.558561 -0.741674
 17.750000 1.671254 -0.881041
 18.000000 1.351771 -1.214156
 18.250000 1.096703 -1.115533
 18.500000 0.934005 -1.136854
 18.750000 1.120455 -1.050234
 19.000000 1.038733 -1.223204
 19.250000 0.914248 -0.977357
 19.500000 1.096800 -0.644144
 19.750000 1.287490 -0.790462
 20.000000 1.630572 -1.093613
 20.250000 1.075889 -1.341813
 20.500000 0.770846 -0.979398
 20.750000 1.115146 -0.594582
 21.000000 1.703466 -0.484507
 21.250000 2.196801 -0.414827
 21.500000 1.906329 -1.213027
 21.750000 2.049878 -1.131063
 22.000000 1.908965 -0.409972
 22.250000 1.734392 -0.353489
 22.500000 1.486982 -0.545641
 22.750000 2.067263 -0.225072
 23.000000 2.191651 -0.966471
 23.250000 1.693822 -1.400305
 23.500000 0.968059 -1.040461
 23.750000 0.477824 -0.871917
 24.000000 0.575409 -1.129663
 24.250000 1.041167 -1.459757
 24.500000 1.512074 -0.978848
 24.750000 1.702236 -0.457691
 25.000000 1.909765 -0.230082
 25.250000 1.828318 -1.023384
 25.500000 2.172351 -1.143157
 25.750000 1.997511 -0.356796
 26.000000 2.024754 -0.743637
 26.250000 2.251514 -1.004218
 26.500000 1.966540 -0.720009
 26.750000 1.945426 -0.529808
 27.000000 2.116848 -0.637249
 27.250000 2.069939 -0.681342
 27.500000 1.976154 -0.488381
 27.750000 2.011062 -0.940908
 28.000000 2.026393 -1.098376
 28.250000 2.210681 -0.881623
 28.500000 2.031349 -1.012917
 28.750000 1.963204 -0.994164
 29.000000 2.073283 -1.037762
 29.250000 1.890386 -0.985965
 29.500000 2.030190 -1.095753
 29.750000 2.074878 -0.893703
 30.000000 2.207713 -0.873952
 30.250000 1.793388 -0.592052
 30.500000 1.589041 -0.230019
 30.750000 1.602569 -0.447677
 31.000000 1.703033 -0.438910
 31.250000 1.701694 -0.355722
 31.500000 1.688792 -0.459354
 31.750000 1.458844 -0.275522
 32.000000 1.377115 -0.377458
 32.250000 1.622643 -0.265326
 32.500000 1.795342 -0.608133
 32.750000 2.225110 -1.165925
 33.000000 1.831532 -0.894306
 33.250000 1.429366 -0.215073
 33.500000 1.385211 0.141153
 33.750000 1.344975 -0.314899
 34.000000 1.149780 -1.054322
 34.250000 0.847721 -1.547915
 34.500000 0.674210 -1.253955
 34.750000 0.934983 -0.734461
 35.000000 1.390112 -0.424335
 35.250000 1.579342 0.145860
 35.500000 1.623736 -0.319676
 35.750000 1.478979 -0.889227
 36.000000 1.299220 -1.401429
 36.250000 1.393076 -0.979396
 36.500000 1.766388 -0.854015
 36.750000 1.980833 -0.631645
 37.000000 2.143651 -0.659125
 37.250000 2.047077 -0.696123
 37.500000 2.105165 -0.663636
 37.750000 2.037554 -0.449925
 38.000000 2.171658 -0.484057
 38.250000 1.760510 -0.996683
 38.500000 1.366826 -1.407125
 38.750000 0.885699 -0.992275
 39.000000 0.881239 -0.479192
 39.250000 1.433519 -0.248451
 39.500000 1.827257 -0.523930
 39.750000 1.743924 -0.326534
 40.000000 1.607778 -0.390583
 40.250000 2.002668 -0.388770
 40.500000 2.283783 -0.618603
 40.750000 2.438907 -0.974616
 41.000000 1.998811 -1.064734
 41.250000 1.921683 -0.924586
 41.500000 2.073050 -1.228591
 41.750000 1.918155 -0.856549
 42.000000 1.913243 -0.579165
 42.250000 1.864910 -0.904386
 42.500000 2.099527 -1.128883
 42.750000 1.935951 -0.658282
 43.000000 1.842374 -0.993366
 43.250000 1.897855 -1.128295
 43.500000 1.857412 -0.645638
 43.750000 1.850396 -0.736748
 44.000000 1.293258 -1.028099
 44.250000 1.270897 -1.414041
 44.500000 1.200983 -1.091679
 44.750000 1.525031 -1.277600
 45.000000 1.454676 -1.159655
 45.250000 1.212733 -0.582157
 45.500000 0.900525 -0.852573
 45.750000 1.029661 -1.138137
 46.000000 1.219977 -1.190234
 46.250000 1.317024 -1.062727
 46.500000 1.575099 -0.773175
 46.750000 1.957362 -0.918666
 47.000000 2.040874 -0.978446
 47.250000 1.591758 -0.750575
 47.500000 1.377159 -1.060805
 47.750000 1.000569 -0.554062
 48.000000 1.064048 -0.269088
 48.250000 1.448866 -0.210400
 48.500000 1.682487 -0.238177
 48.750000 1.645230 -0.254079
 49.000000 1.457351 -0.191128
 49.250000 1.349324 -0.231928
 49.500000 1.465523 -0.157331
 49.750000 1.839365 -0.372688
 50.000000 1.897128 -0.793393
 50.250000 1.924133 -1.202400
 50.500000 1.847026 -0.961112
 50.750000 1.857008 -1.057491
 51.000000 2.030020 -0.961413
 51.250000 1.832000 -1.126404
 51.500000 1.973729 -0.962094
 51.750000 1.867801 -1.019207
 52.000000 1.975579 -0.956215
 52.250000 1.908963 -1.102582
 52.500000 1.870427 -0.998249
 52.750000 1.995463 -1.266622
 53.000000 1.795837 -1.082981
 53.250000 1.975266 -1.234402
 53.500000 2.032907 -0.960855
 53.750000 2.347064 -0.880725
 54.000000 2.264381 -0.710772
 54.250000 2.098973 -0.341193
 54.500000 2.172283 -0.552728
 54.750000 2.343094 -0.799122
 55.000000 2.330381 -0.731846
 55.250000 2.010480 -0.285714
 55.500000 1.549496 -0.570939
 55.750000 1.529580 -1.057100
 56.000000 1.465431 -0.721467
 56.250000 1.011500 -0.799183
 56.500000 0.853368 -0.709085
 56.750000 1.037775 -1.086924
 57.000000 1.254904 -1.334757
 57.250000 1.088695 -1.203039
 57.500000 0.902499 -0.873197
 57.750000 1.405006 -0.566964
 58.000000 1.494831 -1.221874
 58.250000 1.546014 -1.281574
 58.500000 1.537486 -0.788352
 58.750000 1.922931 -0.318242
 59.000000 2.319336 -0.645135
 59.250000 2.136748 -0.451358
 59.500000 1.614072 -0.406697
 59.750000 1.803534 -0.437786
 60.000000 1.724309 -0.391313
 60.250000 1.209103 -0.042967
 60.500000 0.855052 0.296174
 60.750000 0.705010 0.383028
 61.000000 0.726162 0.325128
 61.250000 0.944543 0.196523
 61.500000 1.353871 -0.218748
 61.750000 1.784966 -0.155475
 62.000000 1.587340 -0.036496
 62.250000 1.345835 -0.282744
 62.500000 1.181640 0.106965
 62.750000 0.707336 0.333587
 63.000000 0.371017 0.532442
 63.250000 0.200931 0.819773
 63.500000 -0.257963 1.296306
 63.750000 -0.805846 1.543746
 64.000000 -1.337491 1.047586
 64.250000 -1.976383 0.380195
 64.500000 -2.189295 0.626265
 64.750000 -1.759939 1.050052
 65.000000 -1.652537 0.824950
 65.250000 -2.050972 0.431362
 65.500000 -1.994522 0.712513
 65.750000 -1.729435 1.148560
 66.000000 -1.515224 1.074396
 66.250000 -1.377475 0.836093
 66.500000 -1.206050 0.841166
 66.750000 -1.682780 1.017281
 67.000000 -2.093717 1.024363
 67.250000 -1.947719 0.559078
 67.500000 -1.566461 0.627706
 67.750000 -1.240647 0.959132
 68.000000 -1.319062 0.950171
 68.250000 -1.491634 0.926605
 68.500000 -1.409697 1.048787
 68.750000 -1.604450 0.932383
 69.000000 -1.710032 1.221131
 69.250000 -1.986053 0.760809
 69.500000 -2.157925 0.752925
 69.750000 -1.827060 0.915401
 70.000000 -1.970594 1.067221
 70.250000 -2.311333 0.624084
 70.500000 -1.903943 0.535826
 70.750000 -1.864781 0.695063
 71.000000 -2.188032 0.621819
 71.250000 -1.764566 0.825294
 71.500000 -2.086675 0.742771
 71.750000 -2.117210 0.665917
 72.000000 -1.754799 0.919351
 72.250000 -1.634668 1.113950
 72.500000 -1.403281 0.908861
 72.750000 -1.360048 0.378755
 73.000000 -1.747076 0.333052
 73.250000 -2.016944 0.891087
 73.500000 -1.999530 0.632691
 73.750000 -1.835348 0.410588
 74.000000 -1.772207 0.568909
 74.250000 -2.019529 0.794216
 74.500000 -2.043270 0.736332
 74.750000 -1.801915 0.494371
 75.000000 -1.866071 0.597526
 75.250000 -2.203244 1.011969
 75.500000 -2.138110 0.839741
 75.750000 -2.031872 0.455746
 76.000000 -2.058177 0.641464
 76.250000 -2.186117 0.907888
 76.500000 -2.113611 0.532602
 76.750000 -1.530639 0.300272
 77.000000 -1.314379 0.431758
 77.250000 -1.400841 0.837565
 77.500000 -1.337842 0.483660
 77.750000 -1.933787 0.284772
 78.000000 -2.161640 0.856466
 78.250000 -2.228239 0.960001
 78.500000 -1.984157 0.582905
 78.750000 -2.259604 0.600068
 79.000000 -2.016345 0.879137
 79.250000 -1.892884 0.800695
 79.500000 -2.091636 0.713447
 79.750000 -2.051944 0.592042
 80.000000 -2.069150 0.860990
 80.250000 -1.833760 0.732141
 80.500000 -1.928592 0.926655
 80.750000 -1.935483 0.748272
 81.000000 -2.136813 0.571652
 81.250000 -2.098205 0.693427
 81.500000 -2.065173 0.584384
 81.750000 -2.101187 0.642102
 82.000000 -2.047250 0.397464
 82.250000 -2.100230 0.834352
 82.500000 -2.365070 0.679722
 82.750000 -1.871214 0.444398
 83.000000 -1.497990 0.297140
 83.250000 -2.033167 0.464733
 83.500000 -2.116136 0.913525
 83.750000 -2.189459 1.117222
 84.000000 -2.277990 0.862120
 84.250000 -2.119538 0.770940
 84.500000 -1.945545 0.287123
 84.750000 -1.515589 0.457919
 85.000000 -1.721668 0.345583
 85.250000 -2.232493 0.362688
 85.500000 -1.745082 0.925664
 85.750000 -1.315312 1.334725
 86.000000 -1.312335 1.098420
 86.250000 -1.597545 1.235034
 86.500000 -1.695811 0.958281
 86.750000 -2.011107 0.873931
 87.000000 -2.062459 0.308214
 87.250000 -1.932808 0.578195
 87.500000 -1.820790 0.952544
 87.750000 -1.212109 1.259925
 88.000000 -0.886639 1.233695
 88.250000 -0.907950 1.063028
 88.500000 -1.314276 0.789046
 88.750000 -1.574359 0.496177
 89.000000 -1.829423 0.608328
 89.250000 -1.950583 0.839148
 89.500000 -2.181224 0.367752
 89.750000 -1.940222 0.511343
 90.000000 -2.203582 0.499448
 90.250000 -1.631601 0.863554
 90.500000 -1.130343 1.232710
 90.750000 -1.159543 1.137671
 91.000000 -1.228880 0.687431
 91.250000 -1.091764 0.506535
 91.500000 -1.330899 0.941675
 91.750000 -1.401244 1.382041
 92.000000 -1.787242 0.695284
 92.250000 -2.250792 0.255507
 92.500000 -1.776625 0.596838
 92.750000 -1.342315 1.245999
 93.000000 -1.134031 1.256833
 93.250000 -1.189394 0.588486
 93.500000 -1.377301 0.833008
 93.750000 -1.343123 0.549039
 94.000000 -1.333902 0.809898
 94.250000 -1.152019 0.630639
 94.500000 -1.221068 1.005304
 94.750000 -1.341233 1.233722
 95.000000 -1.644571 1.001923
 95.250000 -1.900426 1.323118
 95.500000 -1.563720 1.091187
 95.750000 -1.246501 1.126252
 96.000000 -1.531548 1.124234
 96.250000 -1.869285 1.146385
 96.500000 -1.886152 0.698105
 96.750000 -2.198466 0.762635
 97.000000 -2.069273 0.602077
 97.250000 -2.066418 0.681208
 97.500000 -2.054433 0.693430
 97.750000 -1.719560 0.811718
 98.000000 -1.917830 0.913804
 98.250000 -1.838972 0.858072
 98.500000 -2.094480 0.445025
 98.750000 -1.933446 0.425896
 99.000000 -2.089688 0.729737
 99.250000 -2.330323 1.094926
 99.500000 -2.113488 0.833720
 99.750000 -1.578256 0.746709
 100.000000 -1.065681 0.750500
 100.250000 -0.740838 1.024589
 100.500000 -0.901442 1.200106
 100.750000 -1.494584 1.062794
 101.000000 -2.104916 1.079717
 101.250000 -2.451668 0.792697
 101.500000 -2.051070 1.173028
 101.750000 -1.865114 1.161317
 102.000000 -1.194576 1.141543
 102.250000 -1.135654 0.974458
 102.500000 -1.485634 1.215974
 102.750000 -2.000093 1.165392
 103.000000 -2.245430 0.935807
 103.250000 -2.133668 0.773724
 103.500000 -2.289329 0.928198
 103.750000 -2.146377 1.099686
 104.000000 -2.220966 0.862204
 104.250000 -2.287813 0.927348
 104.500000 -2.190182 1.037279
 104.750000 -2.198764 0.845409
 105.000000 -2.198830 0.759974
 105.250000 -2.208808 1.131558
 105.500000 -1.831809 0.683804
 105.750000 -1.221263 0.760620
 106.000000 -1.545269 0.715255
 106.250000 -1.424289 0.769700
 106.500000 -1.273236 0.666163
 106.750000 -1.570492 0.801073
 107.000000 -1.320826 0.651223
 107.250000 -1.281245 0.791924
 107.500000 -1.384780 0.685220
 107.750000 -1.059981 1.204847
 108.000000 -0.631011 1.342946
 108.250000 -0.697989 0.891654
 108.500000 -1.010279 0.523739
 108.750000 -1.364367 0.113894
 109.000000 -1.948413 0.192796
 109.250000 -2.302212 0.626079
 109.500000 -2.124567 1.278736
 109.750000 -1.610467 1.045568
 110.000000 -1.036140 1.008455
 110.250000 -0.578021 1.059151
 110.500000 -0.502132 1.423198
 110.750000 -0.718005 1.404247
 111.000000 -0.818106 0.962502
 111.250000 -0.873830 0.662762
 111.500000 -1.022585 0.543746
 111.750000 -1.320885 0.248302
 112.000000 -1.577941 -0.074264
 112.250000 -1.821991 0.413840
 112.500000 -2.078385 0.576994
 112.750000 -1.698956 0.216167
 113.000000 -1.357908 0.145913
 113.250000 -1.108559 0.498370
 113.500000 -1.310600 0.573231
 113.750000 -1.166464 0.870885
 114.000000 -1.381787 1.139840
 114.250000 -1.197283 0.921267
 114.500000 -1.241724 1.041218
 114.750000 -1.259908 1.242371
 115.000000 -1.324752 1.018295
 115.250000 -1.229136 0.636602
 115.500000 -1.008799 0.597409
 115.750000 -0.986968 0.510043
 116.000000 -1.263609 0.611647
 116.250000 -1.258251 0.912001
 116.500000 -1.155110 0.850556
 116.750000 -1.542787 0.702085
 117.000000 -2.003690 0.822992
 117.250000 -1.816344 0.696025
 117.500000 -1.900451 0.850970
 117.750000 -1.816293 0.695371
 118.000000 -1.506417 0.775413
 118.250000 -1.647674 0.864633
 118.500000 -1.974588 0.683131
 118.750000 -1.744804 0.831481
 119.000000 -1.759859 0.743002
 119.250000 -1.879243 0.683673
 119.500000 -1.788572 0.770962
 119.750000 -1.761313 0.812066
 120.000000 -1.809508 0.764228
 120.250000 -1.876093 1.033463
 120.500000 -1.568680 1.335604
 120.750000 -1.978099 1.139979
 121.000000 -2.298900 0.865876
 121.250000 -2.241348 1.069817
 121.500000 -1.942842 1.176556
 121.750000 -1.588107 1.119721
 122.000000 -1.869590 1.256094
 122.250000 -1.703168 1.100700
 122.500000 -1.785332 1.240554
 122.750000 -1.815801 0.950096
 123.000000 -1.651611 1.079186
 123.250000 -1.618463 1.039904
 123.500000 -1.534540 1.066190
 123.750000 -1.805217 1.120535
 124.000000 -1.769349 1.038172
 124.250000 -1.436832 1.056135
 124.500000 -1.682416 1.055621
 124.750000 -1.655928 1.167991
 125.000000 -1.456919 0.994151
 125.250000 -1.788551 1.162252
 125.500000 -2.378583 0.969815
 125.750000 -2.195229 0.936384
 126.000000 -2.138005 1.263502
 126.250000 -2.309864 0.795297
 126.500000 -2.080849 1.195039
 126.750000 -1.460182 0.944105
 127.000000 -1.512990 0.413837
 127.250000 -1.688889 -0.042532
 127.500000 -1.833887 0.359723
 127.750000 -2.369150 0.797769
 128.000000 -2.130543 1.041550
 128.250000 -1.785626 0.707511
 128.500000 -1.480047 0.313075
 128.750000 -1.435108 -0.057278
 129.000000 -1.299708 0.143971
 129.250000 -1.296912 0.487687
 129.500000 -0.853661 0.614664
 129.750000 -0.891390 0.563920
 130.000000 -1.367785 0.551529
 130.250000 -2.072331 0.391049
 130.500000 -2.001155 0.353890
 130.750000 -1.672600 0.603621
 131.000000 -1.554182 0.119092
 131.250000 -1.737695 -0.008535
 131.500000 -1.497768 0.266267
 131.750000 -1.002792 0.290440
 132.000000 -1.161465 0.531539
 132.250000 -1.284862 0.774848
 132.500000 -1.113484 0.910657
 132.750000 -1.695495 0.622809
 133.000000 -2.143369 0.261758
 133.250000 -1.965328 0.438174
 133.500000 -1.238452 0.469262
 133.750000 -0.704323 0.437890
 134.000000 -0.741194 0.754554
 134.250000 -0.828308 1.239422
 134.500000 -1.018850 1.474058
 134.750000 -1.303090 1.087681
 135.000000 -1.198378 1.274969
 135.250000 -1.318122 0.718223
 135.500000 -0.983638 0.189304
 135.750000 -0.998836 -0.126928
 136.000000 -1.370558 -0.092742
 136.250000 -1.836477 0.385024
 136.500000 -2.283655 0.609519
 136.750000 -2.178186 0.954557
 137.000000 -2.118519 1.137019
 137.250000 -2.027949 0.745142
 137.500000 -1.556132 0.708673
 137.750000 -1.121634 0.889654
 138.000000 -1.698107 0.620076
 138.250000 -2.211320 0.231077
 138.500000 -1.866004 0.467548
 138.750000 -1.579877 0.543039
 139.000000 -1.492378 0.007062
 139.250000 -1.603044 0.327173
 139.500000 -1.649339 0.394661
 139.750000 -1.502493 0.329875
 140.000000 -1.803653 -0.004789
 140.250000 -2.075826 0.493650
 140.500000 -2.415048 1.114715
 140.750000 -1.959263 0.893140
 141.000000 -1.473139 0.263623
 141.250000 -1.318454 -0.297346
 141.500000 -1.256531 -0.262106
 141.750000 -1.230571 0.229625
 142.000000 -1.614478 0.136944
 142.250000 -1.428757 0.170356
 142.500000 -1.623252 0.502703
 142.750000 -2.271160 0.281879
 143.000000 -1.952264 0.370366
 143.250000 -2.090931 0.465960
 143.500000 -1.855710 0.184040
 143.750000 -1.998064 0.253734
 144.000000 -1.907386 0.436192
 144.250000 -1.979736 0.471656
 144.500000 -2.029221 0.257259
 144.750000 -1.968604 0.499199
 145.000000 -2.116561 0.242802
 145.250000 -1.871611 0.643663
 145.500000 -1.622809 1.363038
 145.750000 -1.116593 1.402869
 146.000000 -0.802716 1.025182
 146.250000 -0.786374 0.720141
 146.500000 -0.947528 0.570475
 146.750000 -1.143937 0.361670
 147.000000 -1.472131 0.076979
 147.250000 -1.593502 0.248074
 147.500000 -1.363983 0.244731
 147.750000 -1.666790 -0.014939
 148.000000 -1.548833 0.192641
 148.250000 -1.621719 0.076275
 148.500000 -1.491706 0.104730
 148.750000 -1.585222 0.241152
 149.000000 -1.538539 0.386429
 149.250000 -1.598020 0.212809
 149.500000 -1.592704 0.221235
 149.750000 -1.517126 0.457815
 150.000000 -1.584913 0.104566
 150.250000 -1.575012 -0.137906
 150.500000 -1.488332 -0.032475
 150.750000 -1.143884 0.115107
 151.000000 -1.024444 0.421943
 151.250000 -1.347778 0.784764
 151.500000 -1.222682 0.698386
 151.750000 -1.241414 0.799921
 152.000000 -1.314600 0.783550
 152.250000 -1.187281 0.634577
 152.500000 -1.093354 0.273208
 152.750000 -1.405626 -0.016334
 153.000000 -1.635311 -0.231600
 153.250000 -1.449899 -0.013129
 153.500000 -1.059583 0.124468
 153.750000 -0.812369 0.176617
 154.000000 -0.895709 0.527883
 154.250000 -0.786821 0.905653
 154.500000 -0.774410 1.211273
 154.750000 -1.193442 1.022056
 155.000000 -1.051382 0.472125
 155.250000 -0.250518 0.613821
 155.500000 -0.016915 0.982423
 155.750000 -0.267677 1.510055
 156.000000 -0.605821 1.613740
 156.250000 -0.878482 0.908687
 156.500000 -0.818681 0.427025
 156.750000 -0.852119 0.392868
 157.000000 -0.780371 0.544958
 157.250000 -0.911595 0.871579
 157.500000 -0.745565 1.099859
 157.750000 -0.811438 1.512088
 158.000000 -1.045347 1.190772
 158.250000 -1.540699 0.508680
 158.500000 -1.688741 0.009941
 158.750000 -1.238401 -0.115857
 159.000000 -0.815417 -0.222153
 159.250000 -0.719919 -0.102227
 159.500000 -0.965627 0.086153
 159.750000 -1.528758 -0.080808
 160.000000 -1.692849 -0.142516
 160.250000 -0.955508 0.025472
 160.500000 -0.668398 0.291003
 160.750000 -1.058838 0.734735
 161.000000 -1.537197 1.250792
 161.250000 -1.810584 1.389739
 161.500000 -2.209055 1.044413
 161.750000 -2.440161 0.755486
 162.000000 -2.080178 1.168720
 162.250000 -2.140066 1.160163
 162.500000 -2.292891 0.839306
 162.750000 -2.185803 1.162992
 163.000000 -2.270294 0.964624
 163.250000 -2.108899 1.057188
 163.500000 -2.318312 1.038890
 163.750000 -2.077929 1.022548
 164.000000 -2.386028 0.987431
 164.250000 -2.170932 1.067292
 164.500000 -2.061019 1.258185
 164.750000 -2.287899 0.915375
 165.000000 -2.129970 1.082573
 165.250000 -1.978747 0.823967
 165.500000 -1.978572 0.671220
 165.750000 -2.025626 1.124188
 166.000000 -1.926189 1.169752
 166.250000 -1.548059 1.119724
 166.500000 -1.827590 1.077197
 166.750000 -1.784320 1.148423
 167.000000 -1.581112 1.044962
 167.250000 -1.690820 1.191180
 167.500000 -1.522462 0.806108
 167.750000 -1.156681 0.748341
 168.000000 -1.305094 0.701456
 168.250000 -1.280162 0.844476
 168.500000 -1.149387 0.568793
 168.750000 -1.263987 0.804167
 169.000000 -1.259126 0.726390
 169.250000 -1.288157 0.791881
 169.500000 -1.283889 0.738734
 169.750000 -1.287920 0.798700
 170.000000 -1.247686 0.709140
 170.250000 -1.268596 0.858643
 170.500000 -1.168586 1.077309
 170.750000 -1.494625 1.140354
 171.000000 -1.944241 1.062880
 171.250000 -1.567574 1.151352
 171.500000 -1.845248 1.045359
 171.750000 -1.991945 0.849544
 172.000000 -1.914216 0.494740
 172.250000 -2.074041 0.488028
 172.500000 -1.650538 0.655196
 172.750000 -1.584342 1.237873
 173.000000 -1.731092 1.322503
 173.250000 -1.597452 0.977213
 173.500000 -1.676033 1.231646
 173.750000 -1.713089 1.158185
 174.000000 -1.783596 1.022513
 174.250000 -1.642863 1.169591
 174.500000 -1.690747 1.071614
 174.750000 -1.676422 1.116027
 175.000000 -1.845482 1.098832
 175.250000 -1.501017 1.149318
 175.500000 -1.739368 1.097169
 175.750000 -1.589643 1.095170
 176.000000 -1.608059 1.141347
 176.250000 -1.690906 1.076180
 176.500000 -1.622259 1.208479
 176.750000 -1.586413 1.032968
 177.000000 -1.688646 1.148708
 177.250000 -1.596726 1.053389
 177.500000 -1.610632 1.247783
 177.750000 -1.696335 1.046597
 178.000000 -1.831692 0.514162
 178.250000 -2.059989 0.485065
 178.500000 -1.817091 0.442639
 178.750000 -2.041573 0.397876
 179.000000 -2.086712 0.431102
 179.250000 -1.877848 0.486751
 179.500000 -2.045639 0.383180
 179.750000 -1.905630 0.687781
 180.000000 -2.157212 1.078359
 180.250000 -2.466543 0.752368
 180.500000 -1.857357 0.510933
 180.750000 -1.412283 0.288389
 181.000000 -1.888414 0.574156
 181.250000 -1.927243 0.326495
 181.500000 -1.981446 0.279224
 181.750000 -2.027240 0.550123
 182.000000 -1.933397 0.370004
 182.250000 -1.893122 0.437273
 182.500000 -2.068321 0.444846
 182.750000 -1.742731 0.556757
 183.000000 -1.686126 0.430364
 183.250000 -1.456757 0.302342
 183.500000 -1.506587 0.375388
 183.750000 -1.573895 0.368759
 184.000000 -1.551084 0.389073
 184.250000 -1.533593 0.366333
 184.500000 -1.513745 0.350035
 184.750000 -1.473886 0.368753
 185.000000 -1.527233 0.326345
 185.250000 -1.565593 0.466841
 185.500000 -1.519772 0.418806
 185.750000 -1.611962 0.432106
 186.000000 -1.478070 0.511911
 186.250000 -1.633956 0.437927
 186.500000 -1.871259 0.479921
 186.750000 -1.871738 0.245412
 187.000000 -1.812230 0.236659
 187.250000 -1.830884 0.336386
 187.500000 -2.024540 0.429544
 187.750000 -1.493784 0.368262
 188.000000 -1.030364 0.454124
 188.250000 -0.566525 0.828460
 188.500000 -0.469501 1.102605
 188.750000 -0.553366 1.282749
 189.000000 -0.747355 1.424348
 189.250000 -1.059203 1.155637
 189.500000 -1.322367 1.135254
 189.750000 -1.352608 1.187063
 190.000000 -1.306914 1.078222
 190.250000 -1.003759 1.199150
 190.500000 -0.889061 1.372570
 190.750000 -0.962798 1.113346
 191.000000 -1.034521 1.278735
 191.250000 -1.054970 1.511804
 191.500000 -0.926884 1.133025
 191.750000 -0.958657 1.367593
 192.000000 -0.925716 1.308300
 192.250000 -0.959490 1.211588
 192.500000 -0.965073 1.388440
 192.750000 -1.210894 0.915454
 193.000000 -1.203998 0.237843
 193.250000 -1.530233 -0.207542
 193.500000 -1.277913 -0.035729
 193.750000 -1.049018 0.052422
 194.000000 -1.133740 -0.343219
 194.250000 -1.162370 -0.331204
 194.500000 -1.272761 0.186140
 194.750000 -1.185033 0.518844
 195.000000 -1.153736 0.578191
 195.250000 -1.300798 0.236477
 195.500000 -1.242612 -0.223612
 195.750000 -1.336840 -0.151629
 196.000000 -1.527367 0.303431
 196.250000 -1.719081 0.679426
 196.500000 -2.171283 0.926870
 196.750000 -2.432875 0.950317
 197.000000 -2.311093 1.081069
 197.250000 -2.308239 0.953485
 197.500000 -2.530526 0.873000
 197.750000 -2.098008 1.208566
 198.000000 -1.572733 1.361780
 198.250000 -1.131971 1.473117
 198.500000 -1.303448 1.409343
 198.750000 -1.579918 1.462301
 199.000000 -1.442378 1.263421
 199.250000 -1.313757 1.160739
 199.500000 -1.386340 1.367409
 199.750000 -1.392176 1.305912
 200.000000 -1.316629 1.268011
 200.250000 -1.704492 1.488418
 200.500000 -2.108338 1.195424
 200.750000 -2.355475 0.919739
 201.000000 -1.929890 0.809048
 201.250000 -1.718302 0.883116
 201.500000 -1.938024 0.837344
 201.750000 -2.183521 0.718003
 202.000000 -2.225916 0.595157
 202.250000 -2.364404 0.531567
 202.500000 -2.276745 0.431452
 202.750000 -2.447128 0.838665
 203.000000 -2.053572 1.299154
 203.250000 -2.053261 1.257540
 203.500000 -1.941249 1.289256
 203.750000 -2.028037 1.232558
 204.000000 -1.971554 1.299281
 204.250000 -2.082870 1.303332
 204.500000 -1.789565 1.182830
 204.750000 -1.624941 0.814759
 205.000000 -1.809582 0.951945
 205.250000 -1.564077 0.897550
 205.500000 -1.730721 1.123221
 205.750000 -1.767348 0.792880
 206.000000 -1.944888 0.114464
 206.250000 -1.914525 0.243624
 206.500000 -1.733017 0.895319
 206.750000 -1.515647 1.065596
 207.000000 -1.693242 0.981490
 207.250000 -1.630248 1.117476
 207.500000 -1.752509 1.040439
 207.750000 -1.491888 1.044284
 208.000000 -1.633621 1.162335
 208.250000 -1.603459 0.900360
 208.500000 -1.542710 0.998951
 208.750000 -1.736021 1.063706
 209.000000 -1.543641 1.099248
 209.250000 -1.699546 0.858801
 209.500000 -1.876604 0.692002
 209.750000 -2.045604 0.853440
 210.000000 -2.029927 0.845665
 210.250000 -1.771091 0.235893
 210.500000 -1.562512 0.167406
 210.750000 -1.682030 0.733495
 211.000000 -2.115810 0.642520
 211.250000 -2.276481 0.962548
 211.500000 -2.187222 1.129500
 211.750000 -2.305843 0.543422
 212.000000 -2.427861 0.437270
 212.250000 -2.223162 0.766448
 212.500000 -2.121456 1.032475
 212.750000 -2.465864 0.833257
 213.000000 -2.180506 1.041786
 213.250000 -2.507329 1.051376
 213.500000 -2.223805 0.886411
 213.750000 -2.309455 0.723099
 214.000000 -1.917188 0.632674
 214.250000 -1.444494 1.033218
 214.500000 -1.724553 1.365803
 214.750000 -1.995762 1.232476
 215.000000 -2.283251 1.331751
 215.250000 -1.787431 0.766504
 215.500000 -1.457077 -0.069641
 215.750000 -1.069980 -0.519191
 216.000000 -0.850485 -0.581032
 216.250000 -0.732688 -0.524931
 216.500000 -0.751680 -0.594664
 216.750000 -0.905617 -0.571823
 217.000000 -1.184136 -0.470607
 217.250000 -1.469811 0.089651
 217.500000 -1.783072 0.927475
 217.750000 -2.073786 1.422249
 218.000000 -1.728884 1.099633
 218.250000 -1.212449 1.014633
 218.500000 -0.584478 1.027603
 218.750000 -0.318901 0.835570
 219.000000 -0.580488 0.647817
 219.250000 -1.151734 0.641713
 219.500000 -1.724353 1.097545
 219.750000 -1.965109 1.391836
 220.000000 -1.981284 0.896742
 220.250000 -1.844410 0.243010
 220.500000 -1.987245 0.337126
 220.750000 -1.653528 0.586148
 221.000000 -1.595752 0.249008
 221.250000 -1.954917 0.225131
 221.500000 -1.836310 0.314080
 221.750000 -2.082502 0.048799
 222.000000 -1.730102 0.375911
 222.250000 -1.502780 0.539557
 222.500000 -1.430459 -0.045240
 222.750000 -1.062068 -0.609663
 223.000000 -0.853908 -0.627556
 223.250000 -0.763345 -0.335059
 223.500000 -0.905909 0.171547
 223.750000 -0.723716 0.699538
 224.000000 -0.482197 1.146926
 224.250000 -0.436039 1.273652
 224.500000 -0.763927 1.344733
 224.750000 -0.912448 1.081840
 225.000000 -1.300885 1.115754
 225.250000 -1.559691 1.566196
 225.500000 -1.706737 1.081323
 225.750000 -1.525514 1.067430
 226.000000 -1.642118 1.106576
 226.250000 -1.679908 0.993066
 226.500000 -1.597655 1.221896
 226.750000 -1.552902 0.998332
 227.000000 -1.785745 1.090128
 227.250000 -2.023307 1.288052
 227.500000 -2.032423 1.328895
 227.750000 -2.053314 1.038406
 228.000000 -1.640694 0.423948
 228.250000 -1.431668 0.144854
 228.500000 -1.157174 0.133921
 228.750000 -0.952777 -0.019949
 229.000000 -1.302758 0.117018
 229.250000 -1.381688 0.163956
 229.500000 -1.171818 0.065004
 229.750000 -1.167970 -0.142376
 230.000000 -1.213055 0.199473
 230.250000 -1.346398 0.673992
 230.500000 -1.727218 1.157678
 230.750000 -2.221274 1.197957
 231.000000 -2.300936 0.896552
 231.250000 -2.307022 0.861632
 231.500000 -2.326064 1.126420
 231.750000 -2.330001 0.771745
 232.000000 -2.363667 1.193329
 232.250000 -2.158388 0.662323
 232.500000 -2.055946 0.742965
 232.750000 -1.685571 0.561595
 233.000000 -1.534165 0.173984
 233.250000 -1.657468 0.300120
 233.500000 -1.831721 0.560463
 233.750000 -1.951775 0.758775
 234.000000 -1.648532 0.743477
 234.250000 -2.000889 0.615203
 234.500000 -1.657677 0.399330
 234.750000 -1.524957 0.442075
 235.000000 -1.676466 0.505775
 235.250000 -2.172968 0.695296
 235.500000 -2.504508 0.466864
 235.750000 -2.197004 0.711583
 236.000000 -1.999568 0.602857
 236.250000 -1.818401 0.218524
 236.500000 -1.873721 0.275716
 236.750000 -1.781422 0.153136
 237.000000 -1.920198 0.284907
 237.250000 -1.882128 0.190929
 237.500000 -1.887025 0.217229
 237.750000 -1.613860 0.212289
 238.000000 -1.473156 0.487044
 238.250000 -1.533898 0.373094
 238.500000 -1.494586 0.420062
 238.750000 -1.625672 0.204270
 239.000000 -1.763388 0.210420
 239.250000 -1.423739 0.362904
 239.500000 -1.547151 0.449143
 239.750000 -1.559167 0.219097
 240.000000 -1.730126 0.162643
 240.250000 -1.376380 -0.058394
 240.500000 -0.744412 0.006813
 240.750000 -0.851588 0.322130
 241.000000 -0.835226 0.831005
 241.250000 -0.764692 0.815530
 241.500000 -0.834842 0.668835
 241.750000 -0.779603 0.692811
 242.000000 -0.840496 0.927259
 242.250000 -0.644766 0.716454
 242.500000 -0.950942 0.727028
 242.750000 -0.627207 1.014045
 243.000000 -0.218048 0.921345
 243.250000 -0.152839 1.110026
 243.500000 -0.547632 1.355829
 243.750000 -0.836681 1.321947
 244.000000 -0.805946 1.308883
 244.250000 -0.795460 1.278522
 244.500000 -0.863748 1.237178
 244.750000 -1.080174 1.214602
 245.000000 -0.855377 1.107626
 245.250000 -1.201248 1.300940
 245.500000 -1.204410 1.605294
 245.750000 -1.334120 1.370987
 246.000000 -1.711386 1.245246
 246.250000 -1.905405 1.164397
 246.500000 -2.158346 1.111605
 246.750000 -2.377250 0.893262
 247.000000 -1.576384 1.078364
 247.250000 -0.862579 1.223237
 247.500000 -0.166618 1.467277
 247.750000 0.379890 1.688770
 248.000000 0.538918 1.641653
 248.250000 0.283732 1.422315
 248.500000 -0.204094 1.244274
 248.750000 -0.603889 1.096715
 249.000000 -0.383436 0.873305
 249.250000 -0.675791 0.800076
 249.500000 -0.919374 0.957873
 249.750000 -0.503911 0.798743
 250.000000 -0.594878 0.912248
 250.250000 -1.157642 0.834358
 250.500000 -1.996745 0.699457
 250.750000 -2.336020 0.671423
 251.000000 -2.393600 0.641799
 251.250000 -2.393225 0.513444
 251.500000 -2.319393 0.604459
 251.750000 -2.233116 0.629407
 252.000000 -2.218940 0.838361
 252.250000 -2.405503 1.082191
 252.500000 -2.188354 0.968246
 252.750000 -2.468690 1.070140
 253.000000 -2.411375 0.801909
 253.250000 -2.442306 0.580347
 253.500000 -2.374871 0.310589
 253.750000 -2.252386 0.297142
 254.000000 -2.293763 0.347711
 254.250000 -2.309647 0.343745
 254.500000 -2.301035 0.230045
 254.750000 -2.247598 0.364684
 255.000000 -2.327757 0.234286
 255.250000 -1.633218 0.621716
 255.500000 -1.168733 0.936538
 255.750000 -1.241224 0.945325
 256.000000 -1.259260 0.689944
 256.250000 -1.194937 0.843623
 256.500000 -1.595924 0.846996
 256.750000 -1.957690 0.532573
 257.000000 -2.027209 0.233573
 257.250000 -1.929198 0.138018
 257.500000 -2.113124 0.086795
 257.750000 -1.659907 0.239096
 258.000000 -1.510636 0.599504
 258.250000 -1.494341 0.291278
 258.500000 -1.568367 0.324778
 258.750000 -1.498595 0.508594
 259.000000 -1.565850 0.261692
 259.250000 -1.607423 0.349773
 259.500000 -1.540076 0.461874
 259.750000 -1.502978 0.198578
 260.000000 -1.549113 0.549265
 260.250000 -1.475192 0.270309
 260.500000 -1.639301 0.425334
 260.750000 -1.263502 0.344618
 261.000000 -1.265977 0.460921
 261.250000 -1.269331 0.397751
 261.500000 -1.206098 0.577257
 261.750000 -1.271580 0.314341
 262.000000 -1.478180 0.475068
 262.250000 -1.470134 0.234495
 262.500000 -1.511660 -0.053361
 262.750000 -1.574916 -0.387556
 263.000000 -1.213331 -0.267319
 263.250000 -1.063293 0.080823
 263.500000 -0.926782 -0.164331
 263.750000 -1.197523 -0.031492
 264.000000 -1.379152 0.074922
 264.250000 -1.245994 0.053450
 264.500000 -1.047417 -0.090142
 264.750000 -0.948724 0.162703
 265.000000 -0.746530 0.657856
 265.250000 -1.190356 1.150857
 265.500000 -1.772491 1.493399
 265.750000 -1.866877 1.181589
 266.000000 -1.975235 1.235072
 266.250000 -1.498172 1.052068
 266.500000 -1.719502 1.108404
 266.750000 -1.556711 0.999358
 267.000000 -1.652396 0.881004
 267.250000 -1.472836 0.909107
 267.500000 -1.306992 0.693402
 267.750000 -1.184481 0.822522
 268.000000 -0.995044 1.183380
 268.250000 -0.415299 1.520771
 268.500000 -0.265008 1.728096
 268.750000 -0.368424 1.529133
 269.000000 -0.968854 1.197968
 269.250000 -1.683774 1.068075
 269.500000 -2.104120 1.274166
 269.750000 -2.463097 0.972284
 270.000000 -2.328082 1.088978
 270.250000 -2.444984 1.014162
 270.500000 -2.264122 0.606002
 270.750000 -2.508816 0.674759
 271.000000 -2.357731 0.820038
 271.250000 -2.422527 0.935362
 271.500000 -2.237288 0.851455
 271.750000 -2.427855 0.868451
 272.000000 -2.309267 0.925763
 272.250000 -2.396350 0.901066
 272.500000 -2.364483 0.888499
 272.750000 -2.514824 0.665723
 273.000000 -2.331484 0.542681
 273.250000 -2.218999 0.915392
 273.500000 -2.321105 0.894143
 273.750000 -2.328216 0.952968
 274.000000 -2.057296 0.586256
 274.250000 -1.568535 0.255846
 274.500000 -1.527575 0.315134
 274.750000 -1.492256 0.399232
 275.000000 -1.256743 0.392484
 275.250000 -1.154872 0.562664
 275.500000 -1.277072 0.913012
 275.750000 -0.915951 1.229808
 276.000000 -0.330728 1.520521
 276.250000 -0.456000 1.583640
 276.500000 -0.876861 1.234756
 276.750000 -1.163303 0.951027
 277.000000 -1.348673 0.930587
 277.250000 -1.196201 0.837474
 277.500000 -1.204794 0.858296
 277.750000 -1.506397 0.736190
 278.000000 -1.644640 1.210932
 278.250000 -1.674946 1.408884
 278.500000 -1.544578 0.840679
 278.750000 -1.356377 0.806503
 279.000000 -1.353710 0.867598
 279.250000 -1.587785 0.834430
 279.500000 -1.548528 1.161817
 279.750000 -1.554960 1.059160
 280.000000 -1.631569 1.029022
 280.250000 -1.481368 1.068465
 280.500000 -1.635656 0.826980
 280.750000 -2.029798 0.692592
 281.000000 -1.813169 0.384936
 281.250000 -2.036485 0.340406
 281.500000 -1.727774 0.681866
 281.750000 -1.705514 0.823294
 282.000000 -2.015264 0.435734
 282.250000 -1.910815 0.390327
 282.500000 -1.975212 0.616015
 282.750000 -1.700106 0.804496
 283.000000 -1.514632 1.100097
 283.250000 -1.823313 1.177856
 283.500000 -1.951717 1.173523
 283.750000 -1.894266 1.332418
 284.000000 -1.645841 1.336599
 284.250000 -1.097709 1.520709
 284.500000 -0.722680 1.485310
 284.750000 -0.255363 1.115642
 285.000000 -0.369787 0.982715
 285.250000 -0.637265 1.485922
 285.500000 -0.949542 1.558855
 285.750000 -1.218341 1.043267
 286.000000 -1.258867 0.589082
 286.250000 -1.124944 0.358784
 286.500000 -1.141636 0.432142
 286.750000 -1.325071 0.375986
 287.000000 -1.799608 0.341368
 287.250000 -1.951481 0.592788
 287.500000 -1.731005 0.402733
 287.750000 -2.059062 0.219741
 288.000000 -1.763889 0.586701
 288.250000 -1.768342 0.887436
 288.500000 -1.956706 0.397042
 288.750000 -2.061765 0.372704
 289.000000 -1.761684 0.660142
 289.250000 -1.725370 0.711113
 289.500000 -1.943237 0.744168
 289.750000 -1.655677 0.809565
 290.000000 -1.482970 0.947536
 290.250000 -1.713357 1.342741
 290.500000 -1.653608 1.332856
 290.750000 -1.624242 1.451247
 291.000000 -1.572212 1.162710
 291.250000 -1.567913 0.704982
 291.500000 -1.919962 0.789744
 291.750000 -1.915321 0.418804
 292.000000 -1.950320 0.152356
 292.250000 -1.913990 0.231596
 292.500000 -1.914179 0.672107
 292.750000 -1.486161 0.840382
 293.000000 -1.178665 0.744793
 293.250000 -1.297298 1.112932
 293.500000 -0.911734 1.178087
 293.750000 -0.787034 1.451124
 294.000000 -0.476229 1.479867
 294.250000 -0.380952 1.182169
 294.500000 -0.600389 1.321943
 294.750000 -0.684439 1.385028
 295.000000 -0.652960 1.273777
 295.250000 -0.438920 1.589918
 295.500000 -0.174704 1.781932
 295.750000 0.230937 1.359025
 296.000000 0.263573 0.978668
 296.250000 0.203014 0.953841
 296.500000 0.039628 1.272964
 296.750000 0.115521 1.407760
 297.000000 0.224137 1.269073
 297.250000 0.000415 1.339999
 297.500000 -0.061198 1.117766
 297.750000 -0.061403 0.553273
 298.000000 -0.364523 0.200594
 298.250000 -1.125556 0.073136
 298.500000 -1.919115 0.358067
 298.750000 -2.415534 0.900643
 299.000000 -2.421949 1.064409
 299.250000 -2.059064 0.712555
 299.500000 -1.798242 0.399041
 299.750000 -2.072517 0.533910
 300.000000 -1.783471 0.487481
 300.250000 -1.407405 0.368071
 300.500000 -1.602845 0.220121
 300.750000 -2.134793 0.296699
 301.000000 -2.067321 0.740121
 301.250000 -2.441528 1.010952
 301.500000 -2.386747 1.010144
 301.750000 -1.860696 0.724652
 302.000000 -1.350831 0.862174
 302.250000 -1.299878 0.923447
 302.500000 -1.430071 0.777328
 302.750000 -2.065610 0.991635
 303.000000 -2.588643 0.731337
 303.250000 -2.214944 0.385335
 303.500000 -1.721880 0.262337
 303.750000 -1.397745 0.348617
 304.000000 -1.548308 0.394515
 304.250000 -1.293102 -0.019502
 304.500000 -0.759761 -0.072537
 304.750000 -0.833025 0.076935
 305.000000 -1.217196 0.013206
 305.250000 -1.369434 -0.696829
 305.500000 -1.073278 -0.695334
 305.750000 -0.587966 -0.416188
 306.000000 -0.394477 -0.073091
 306.250000 -0.638966 0.203778
 306.500000 -1.151657 0.279412
 306.750000 -1.719329 0.485326
 307.000000 -2.435192 0.611755
 307.250000 -2.513561 0.852427
 307.500000 -1.763673 0.715437
 307.750000 -1.008509 0.916912
 308.000000 -0.403831 1.172530
 308.250000 -0.506726 1.782679
 308.500000 -0.330641 1.423658
 308.750000 -0.542328 1.092326
 309.000000 -0.366209 1.281423
 309.250000 -0.461325 1.317154
 309.500000 -0.365523 1.171270
 309.750000 -0.486564 1.341873
 310.000000 -0.726193 1.611119
 310.250000 -1.454866 1.384299
 310.500000 -1.996369 1.277833
 310.750000 -1.685554 1.201772
 311.000000 -1.399228 1.528885
 311.250000 -1.423555 1.361634
 311.500000 -1.742049 1.298664
 311.750000 -2.113824 1.244322
 312.000000 -1.930600 1.180149
 312.250000 -1.463473 1.472271
 312.500000 -1.176801 1.491292
 312.750000 -1.252754 1.564853
 313.000000 -1.926956 1.172123
 313.250000 -2.193206 1.249216
 313.500000 -1.693377 1.268967
 313.750000 -1.373972 1.531256
 314.000000 -1.558542 1.358580
 314.250000 -1.678070 1.333626
 314.500000 -1.649013 1.092685
 314.750000 -1.599790 1.114294
 315.000000 -1.668209 1.200392
 315.250000 -1.547597 0.921468
 315.500000 -1.695967 0.867308
 315.750000 -1.810972 0.725825
 316.000000 -1.853986 0.772838
 316.250000 -1.881796 0.833063
 316.500000 -1.737836 0.737760
 316.750000 -1.905933 0.714375
 317.000000 -1.859950 0.761026
 317.250000 -1.706885 0.778658
 317.500000 -1.998640 0.700860
 317.750000 -1.658328 0.844836
 318.000000 -1.587575 0.981872
 318.250000 -1.542074 0.893944
 318.500000 -1.615481 0.817511
 318.750000 -1.656917 1.012451
 319.000000 -1.291269 1.341653
 319.250000 -1.638601 1.389808
 319.500000 -1.939895 1.285007
 319.750000 -1.923062 1.159685
 320.000000 -1.815289 1.427278
 320.250000 -1.274292 1.458915
 320.500000 -1.741025 1.377906
 320.750000 -1.378077 1.409856
 321.000000 -1.565697 1.448237
 321.250000 -1.471569 1.400970
 321.500000 -1.435951 1.321541
 321.750000 -1.596009 1.469556
 322.000000 -1.347469 1.468465
 322.250000 -1.595136 1.409717
 322.500000 -1.442199 1.370417
 322.750000 -1.401250 1.558710
 323.000000 -1.569562 1.416311
 323.250000 -1.640478 1.297524
 323.500000 -1.524873 1.475989
 323.750000 -1.701310 1.373805
 324.000000 -1.474634 1.530584
 324.250000 -1.548667 1.413830
 324.500000 -1.567865 1.383772
 324.750000 -1.646074 1.390341
 325.000000 -1.621884 1.469610
 325.250000 -1.654758 1.046912
 325.500000 -1.517705 0.723979
 325.750000 -1.649337 0.949049
 326.000000 -1.487506 1.154207
 326.250000 -1.656377 1.011123
 326.500000 -1.786983 1.191693
 326.750000 -2.135938 1.207791
 327.000000 -2.078575 1.230817
 327.250000 -1.906013 1.155327
 327.500000 -1.936486 1.186441
 327.750000 -1.994706 1.158033
 328.000000 -2.112004 1.173342
 328.250000 -2.130791 1.158975
 328.500000 -1.847312 1.186360
 328.750000 -1.405776 1.094924
 329.000000 -1.617308 1.078589
 329.250000 -1.570564 0.903429
 329.500000 -1.733876 0.764494
 329.750000 -2.073695 0.475244
 330.000000 -1.965871 0.317052
 330.250000 -2.048194 0.634250
 330.500000 -2.599375 0.544000
 330.750000 -2.156011 0.670258
 331.000000 -2.318076 0.713312
 331.250000 -2.228537 0.674569
 331.500000 -2.252401 0.996282
 331.750000 -2.441153 1.046013
 332.000000 -2.362499 1.045023
 332.250000 -2.382848 1.001900
 332.500000 -2.484818 1.047726
 332.750000 -2.119677 0.597022
 333.000000 -1.816156 0.388878
 333.250000 -2.153970 0.589147
 333.500000 -2.609911 0.624535
 333.750000 -2.176519 0.579173
 334.000000 -2.249648 0.669965
 334.250000 -2.436216 0.484041
 334.500000 -2.435220 0.523470
 334.750000 -2.419536 0.550210
 335.000000 -2.466696 0.545520
 335.250000 -2.275324 0.488476
 335.500000 -2.283700 0.972133
 335.750000 -2.347210 1.253782
 336.000000 -2.171671 0.875591
 336.250000 -2.424322 0.327231
 336.500000 -2.302125 0.538157
 336.750000 -2.043993 0.965168
 337.000000 -1.922015 1.452011
 337.250000 -2.001676 1.193512
 337.500000 -1.730822 0.640782
 337.750000 -1.341837 0.175427
 338.000000 -1.340310 -0.476374
 338.250000 -1.198669 -0.467879
 338.500000 -1.351379 -0.104103
 338.750000 -1.156731 -0.323244
 339.000000 -0.985005 -0.226628
 339.250000 -0.987123 0.143365
 339.500000 -0.736736 0.373095
 339.750000 -0.930030 0.394871
 340.000000 -0.746128 0.272916
 340.250000 -1.178089 0.465096
 340.500000 -1.638842 0.594785
 340.750000 -2.094058 0.359168
 341.000000 -2.291019 0.462081
 341.250000 -2.148503 0.743248
 341.500000 -2.263456 0.576456
 341.750000 -2.228906 0.690185
 342.000000 -2.281063 0.753392
 342.250000 -2.255511 1.053184
 342.500000 -2.280917 0.924487
 342.750000 -2.019197 0.729267
 343.000000 -1.696934 0.684485
 343.250000 -1.500175 1.190546
 343.500000 -1.640490 1.082881
 343.750000 -1.973665 1.165811
 344.000000 -2.174773 1.160241
 344.250000 -2.057664 1.325942
 344.500000 -1.888160 0.899489
 344.750000 -1.768170 0.724842
 345.000000 -1.500565 1.106423
 345.250000 -1.192151 1.426926
 345.500000 -1.421143 1.561420
 345.750000 -1.738369 1.116585
 346.000000 -1.692072 0.417783
 346.250000 -1.230831 0.057963
 346.500000 -0.820003 0.025027
 346.750000 -0.689742 0.058901
 347.000000 -0.804109 -0.038883
 347.250000 -1.277542 -0.216080
 347.500000 -1.524730 -0.305083
 347.750000 -1.127325 0.195942
 348.000000 -0.546958 0.687684
 348.250000 -0.197442 0.722167
 348.500000 0.091353 0.645053
 348.750000 0.188978 0.961040
 349.000000 0.237183 1.240999
 349.250000 0.074631 1.652334
 349.500000 -0.006924 1.737023
 349.750000 0.039858 1.486126
 350.000000 0.234308 1.266809
 350.250000 0.097957 0.810632
 350.500000 -0.068697 0.603490
 350.750000 -0.457882 0.703474
 351.000000 -0.907128 0.941157
 351.250000 -1.373338 1.323526
 351.500000 -1.335641 1.569033
 351.750000 -1.375125 1.272145
 352.000000 -1.399345 1.127241
 352.250000 -1.743933 0.960684
 352.500000 -1.755203 0.677350
 352.750000 -1.692877 0.938445
 353.000000 -1.273380 0.729815
 353.250000 -0.846499 0.940024
 353.500000 -0.915527 0.814828
 353.750000 -0.766822 0.883100
 354.000000 -0.873122 0.952040
 354.250000 -0.794364 0.850829
 354.500000 -0.865603 0.848672
 354.750000 -0.883693 0.876451
 355.000000 -0.827194 0.886451
 355.250000 -0.984337 0.907856
 355.500000 -0.959433 1.329128
 355.750000 -1.173919 1.151724
 356.000000 -0.951322 1.201782
 356.250000 -0.677507 1.455631
 356.500000 -0.515400 1.542291
 356.750000 -0.494751 1.447053
 357.000000 -0.520015 1.487354
 357.250000 -0.369498 1.544522
 357.500000 -0.733998 1.397941
 357.750000 -1.114963 1.687840
 358.000000 -1.013425 1.442859
 358.250000 -0.974545 1.046859
 358.500000 -1.287967 1.239434
 358.750000 -0.980265 1.111926
 359.000000 -1.099140 1.158143
 359.250000 -1.114366 1.157982
 359.500000 -0.973739 1.242985
 359.750000 -1.258524 0.915221
 360.000000 -1.274280 0.848476
 360.250000 -1.007490 1.264882
 360.500000 -1.100358 1.174428
 360.750000 -1.070049 1.154885
 361.000000 -1.011478 1.135912
 361.250000 -1.061310 1.125494
 361.500000 -0.994934 1.179479
 361.750000 -1.042837 1.164281
 362.000000 -1.067861 1.103449
 362.250000 -1.069953 1.227710
 362.500000 -1.187531 1.114776
 362.750000 -0.972015 1.291803
 363.000000 -1.085710 1.081953
 363.250000 -0.816838 1.306368
 363.500000 -1.163831 1.132424
 363.750000 -0.946587 1.260550
 364.000000 -1.051427 1.079252
 364.250000 -0.923444 1.217709
 364.500000 -1.154026 1.202316
 364.750000 -0.969160 1.233991
 365.000000 -1.060698 1.122683
 365.250000 -0.871196 1.280149
 365.500000 -1.118389 1.293178
 365.750000 -0.942071 1.120489
 366.000000 -0.970338 1.362420
 366.250000 -0.857685 1.199376
 366.500000 -1.148217 1.338029
 366.750000 -0.922514 1.123403
 367.000000 -0.926556 1.105337
 367.250000 -1.051718 1.230832
 367.500000 -0.971019 1.273923
 367.750000 -1.185900 1.100402
 368.000000 -1.280593 0.813068
 368.250000 -1.916525 0.855940
 368.500000 -2.417690 0.966512
 368.750000 -2.241792 1.089025
 369.000000 -2.009380 1.257698
 369.250000 -1.937247 0.860955
 369.500000 -1.810586 0.615353
 369.750000 -2.087418 0.343604
 370.000000 -2.440176 0.521080
 370.250000 -2.392700 0.986710
 370.500000 -1.947843 1.196339
 370.750000 -1.190433 0.949092
 371.000000 -0.685564 0.785533
 371.250000 -0.380930 0.601312
 371.500000 -0.439448 0.705682
 371.750000 -0.548611 0.682915
 372.000000 -0.455374 0.617926
 372.250000 -0.505800 0.668634
 372.500000 -0.590879 0.545303
 372.750000 -0.860849 0.122323
 373.000000 -1.292743 -0.400858
 373.250000 -1.108629 -0.556229
 373.500000 -0.868801 -0.289045
 373.750000 -0.963964 0.235945
 374.000000 -0.826405 0.630036
 374.250000 -0.871434 0.296286
 374.500000 -0.949594 0.333715
 374.750000 -0.886371 0.514490
 375.000000 -0.934665 0.507634
 375.250000 -0.630252 0.429265
 375.500000 -0.473642 0.269398
 375.750000 -0.514353 0.044128
 376.000000 -1.165169 -0.053479
 376.250000 -1.261501 -0.468604
 376.500000 -0.959648 -0.667234
 376.750000 -0.755195 -0.783672
 377.000000 -0.690125 -0.855549
 377.250000 -0.559084 -1.298031
 377.500000 -0.126514 -1.619205
 377.750000 0.591949 -1.626000
 378.000000 1.489088 -0.936834
 378.250000 2.341181 -0.477447
 378.500000 1.943455 -0.616846
 378.750000 1.444203 -1.068666
 379.000000 1.318761 -0.702334
 379.250000 1.078273 -0.755809
 379.500000 1.193327 -0.554733
 379.750000 1.124172 -0.686334
 380.000000 1.384925 -0.741166
 380.250000 1.468710 -1.065982
 380.500000 1.651526 -0.686067
 380.750000 1.621962 -0.973628
 381.000000 1.245040 -0.849647
 381.250000 1.146876 -0.536906
 381.500000 1.261758 -0.169291
 381.750000 1.577153 -0.264694
 382.000000 1.615023 -0.053006
 382.250000 1.385868 -0.357062
 382.500000 1.308772 -0.149114
 382.750000 1.647024 -0.300618
 383.000000 1.670096 0.007597
 383.250000 1.641778 -0.281451
 383.500000 1.639602 -0.019769
 383.750000 1.535652 -0.293013
 384.000000 1.612549 -0.092167
 384.250000 1.720663 -0.185975
 384.500000 1.683396 -0.218801
 384.750000 1.652325 -0.174136
 385.000000 1.513250 -0.236153
 385.250000 1.543489 -0.486331
 385.500000 1.744442 -1.004135
 385.750000 1.904388 -1.205349
 386.000000 2.272823 -1.163843
 386.250000 2.458156 -0.725437
 386.500000 2.325525 -0.582636
 386.750000 1.738075 -0.373949
 387.000000 1.775027 -0.192943
 387.250000 1.628668 -0.090030
 387.500000 1.738573 -0.202511
 387.750000 1.699151 -0.668836
 388.000000 1.313415 -1.461124
 388.250000 0.771287 -1.410251
 388.500000 0.377305 -0.770804
 388.750000 0.492003 -0.734669
 389.000000 0.698939 -0.940941
 389.250000 0.761531 -1.286989
 389.500000 1.178740 -1.215038
 389.750000 1.130755 -1.200018
 390.000000 0.597260 -1.207737
 390.250000 0.034329 -1.544797
 390.500000 0.267825 -1.847118
 390.750000 0.671559 -1.294414
 391.000000 1.185154 -0.958064
 391.250000 1.197403 -0.594045
 391.500000 1.002646 -0.567834
 391.750000 1.216752 -0.775809
 392.000000 1.010588 -0.681510
 392.250000 1.078996 -0.615137
 392.500000 1.107022 -0.666933
 392.750000 1.069011 -1.159878
 393.000000 1.292657 -1.384270
 393.250000 1.058049 -1.123619
 393.500000 0.777084 -1.075420
 393.750000 0.975441 -1.200424
 394.000000 1.212370 -1.284424
 394.250000 1.184711 -1.258394
 394.500000 0.923437 -1.106419
 394.750000 0.950863 -1.186589
 395.000000 1.098351 -1.096167
 395.250000 1.280491 -1.421730
 395.500000 1.412295 -1.323593
 395.750000 1.259907 -1.277790
 396.000000 1.204552 -1.346383
 396.250000 1.134476 -1.332987
 396.500000 1.213753 -1.304853
 396.750000 1.453686 -1.374421
 397.000000 1.495370 -1.350739
 397.250000 1.469992 -1.290600
 397.500000 1.172006 -1.282643
 397.750000 0.483812 -0.980216
 398.000000 -0.163012 -0.684628
 398.250000 -0.580304 -0.622429
 398.500000 -1.041310 -0.726650
 398.750000 -1.331728 -0.582319
 399.000000 -1.126889 -0.065116
 399.250000 -0.692563 0.138952
 399.500000 -0.600590 -0.403302
 399.750000 -0.708363 -0.809344
 400.000000 -0.820047 -1.097613
 400.250000 -0.165716 -1.418159
 400.500000 0.652054 -1.666606
 400.750000 1.007959 -1.113296
 401.000000 0.981779 -0.308622
 401.250000 1.105319 -0.084681
 401.500000 0.856917 -0.780913
 401.750000 0.377579 -1.525383
 402.000000 -0.169957 -1.911950
 402.250000 -0.405010 -1.618873
 402.500000 -0.337089 -1.360617
 402.750000 -0.171401 -0.909384
 403.000000 0.204484 -0.790274
 403.250000 0.691690 -0.898254
 403.500000 0.965341 -1.347875
 403.750000 0.861590 -1.452673
 404.000000 0.822934 -1.010183
 404.250000 0.576158 -0.970465
 404.500000 0.727299 -0.951164
 404.750000 0.927400 -1.324980
 405.000000 1.047397 -1.417573
 405.250000 0.600671 -0.841166
 405.500000 0.077954 -0.635057
 405.750000 -0.242142 -0.655867
 406.000000 -0.326728 -0.988827
 406.250000 -0.211037 -1.209682
 406.500000 0.205863 -1.033014
 406.750000 0.852005 -0.984006
 407.000000 1.399039 -1.366210
 407.250000 1.907376 -1.280589
 407.500000 2.011359 -0.525214
 407.750000 2.097019 -0.215478
 408.000000 1.694998 -0.872911
 408.250000 1.353972 -0.770409
 408.500000 1.182826 -0.817863
 408.750000 1.340168 -0.784890
 409.000000 1.625416 -0.884352
 409.250000 1.698121 -0.825306
 409.500000 1.651810 -0.838014
 409.750000 1.602148 -0.861337
 410.000000 1.529494 -0.873949
 410.250000 1.746450 -0.860443
 410.500000 2.016585 -0.660811
 410.750000 2.162299 -0.724748
 411.000000 1.956342 -0.747451
 411.250000 1.831096 -0.661755
 411.500000 1.529541 -0.896680
 411.750000 1.337514 -0.837942
 412.000000 1.145225 -0.852988
 412.250000 1.115455 -0.953262
 412.500000 1.288173 -0.588589
 412.750000 0.777560 -0.063587
 413.000000 0.843591 0.063562
 413.250000 1.156281 -0.378995
 413.500000 1.195305 -0.935792
 413.750000 1.434262 -1.047924
 414.000000 2.050756 -0.576827
 414.250000 2.392396 -0.643769
 414.500000 1.885736 -1.070138
 414.750000 1.478874 -1.330476
 415.000000 1.275968 -1.373517
 415.250000 1.779942 -1.128052
 415.500000 2.461953 -0.918925
 415.750000 2.367926 -0.624085
 416.000000 2.031444 -0.193165
 416.250000 2.168748 -0.548511
 416.500000 2.243326 -0.457903
 416.750000 2.052959 -0.320258
 417.000000 2.227731 -0.474519
 417.250000 2.131778 -0.633779
 417.500000 2.289641 -0.514561
 417.750000 1.899292 -0.302806
 418.000000 1.832479 -0.840666
 418.250000 1.961473 -1.298046
 418.500000 2.383408 -0.977019
 418.750000 2.482808 -0.628759
 419.000000 2.396606 -0.702306
 419.250000 2.509331 -0.867934
 419.500000 1.926782 -1.074081
 419.750000 1.432294 -1.423299
 420.000000 1.571267 -1.340897
 420.250000 1.886486 -0.337719
 420.500000 1.848975 0.256734
 420.750000 0.979731 -0.334951
 421.000000 0.209036 -1.185491
 421.250000 -0.321576 -2.117725
 421.500000 -0.485073 -1.977353
 421.750000 -0.438768 -1.083677
 422.000000 -0.732494 -0.460259
 422.250000 -1.154850 0.102391
 422.500000 -1.144815 0.259143
 422.750000 -1.496576 0.606731
 423.000000 -2.006213 0.962246
 423.250000 -2.510529 1.233694
 423.500000 -2.396096 0.746268
 423.750000 -1.813251 0.482747
 424.000000 -1.349410 0.164994
 424.250000 -1.385984 0.123175
 424.500000 -1.544109 0.476429
 424.750000 -1.438192 0.109023
 425.000000 -1.446595 0.320594
 425.250000 -1.585606 0.562150
 425.500000 -1.467948 0.181071
 425.750000 -1.408978 0.246057
 426.000000 -1.622685 0.139769
 426.250000 -1.694830 0.173782
 426.500000 -1.409545 0.343798
 426.750000 -1.525269 0.720269
 427.000000 -1.723817 1.140505
 427.250000 -2.029909 1.242194
 427.500000 -2.041244 1.222762
 427.750000 -2.303741 1.187874
 428.000000 -2.367010 1.203754
 428.250000 -2.165049 1.243486
 428.500000 -2.245718 1.137815
 428.750000 -2.286159 1.176307
 429.000000 -2.178995 1.209708
 429.250000 -2.261682 1.192646
 429.500000 -2.324279 1.137915
 429.750000 -2.172892 1.210464
 430.000000 -2.188407 1.174773
 430.250000 -2.437393 1.166788
 430.500000 -2.512463 0.868018
 430.750000 -1.989063 0.556697
 431.000000 -1.603941 0.251278
 431.250000 -1.350558 0.055472
 431.500000 -1.571240 0.123058
 431.750000 -1.504082 0.446515
 432.000000 -1.655604 0.412181
 432.250000 -1.464675 0.093723
 432.500000 -1.095724 -0.014201
 432.750000 -0.529720 -0.561409
 433.000000 -0.199060 -1.147125
 433.250000 0.411685 -1.636721
 433.500000 0.875322 -1.533205
 433.750000 0.858167 -0.818500
 434.000000 0.810739 -0.296161
 434.250000 1.081593 -0.223770
 434.500000 1.076454 -0.553524
 434.750000 0.911059 -0.447911
 435.000000 1.219576 -0.372780
 435.250000 0.960269 -0.091711
 435.500000 0.880410 -0.565911
 435.750000 1.125676 -1.048478
 436.000000 1.438658 -1.177894
 436.250000 1.698445 -1.182728
 436.500000 1.991335 -1.236640
 436.750000 1.921276 -1.105535
 437.000000 2.029942 -1.094715
 437.250000 1.929839 -0.917537
 437.500000 1.970720 -1.043698
 437.750000 1.560416 -0.614367
 438.000000 1.771516 -0.811582
 438.250000 1.406004 -0.913655
 438.500000 0.930829 -0.699657
 438.750000 0.445834 -0.708690
 439.000000 0.423467 -1.091530
 439.250000 0.181813 -1.463298
 439.500000 0.112276 -1.669807
 439.750000 0.176260 -1.526609
 440.000000 0.175472 -1.151745
 440.250000 0.622284 -0.882624
 440.500000 0.934611 -0.620825
 440.750000 0.997246 -0.493033
 441.000000 1.028444 -0.481646
 441.250000 0.948845 -0.495760
 441.500000 0.933913 -0.533689
 441.750000 0.825724 -0.670527
 442.000000 0.644105 -0.773424
 442.250000 0.776428 -1.109720
 442.500000 0.923064 -1.247428
 442.750000 0.420971 -0.761729
 443.000000 0.366335 -0.435316
 443.250000 0.681414 -0.538613
 443.500000 1.024667 -0.650437
 443.750000 0.724129 -0.569273
 444.000000 0.714273 -0.768959
 444.250000 0.621920 -1.025138
 444.500000 0.642752 -0.860913
 444.750000 0.744941 -0.672918
 445.000000 0.926687 -0.641186
 445.250000 1.305084 -0.258167
 445.500000 1.766342 -0.016369
 445.750000 2.028536 -0.197446
 446.000000 2.137540 -0.542148
 446.250000 1.603633 -0.916716
 446.500000 1.341083 -0.776334
 446.750000 1.087171 -0.896194
 447.000000 1.218061 -0.795658
 447.250000 1.442512 -1.046701
 447.500000 1.881485 -0.934284
 447.750000 2.432037 -0.560379
 448.000000 2.353420 -0.955373
 448.250000 1.998674 -1.322417
 448.500000 1.792185 -0.921351
 448.750000 1.603127 -0.563867
 449.000000 1.674805 -0.437203
 449.250000 1.638957 -0.889111
 449.500000 1.477963 -1.090947
 449.750000 1.436438 -0.786448
 450.000000 1.383804 -0.966651
 450.250000 1.177732 -0.785731
 450.500000 0.860337 -1.088982
 450.750000 0.869464 -1.157836
 451.000000 1.167471 -0.881183
 451.250000 1.299818 -0.800664
 451.500000 1.152255 -0.771472
 451.750000 1.083051 -0.832826
 452.000000 1.192421 -0.792469
 452.250000 1.372677 -0.874783
 452.500000 1.491945 -0.866688
 452.750000 1.774962 -0.727396
 453.000000 1.764238 -0.960069
 453.250000 1.620657 -0.720530
 453.500000 1.705245 -0.850352
 453.750000 1.772574 -0.837605
 454.000000 1.779720 -0.780368
 454.250000 1.734028 -0.851447
 454.500000 1.762894 -0.863450
 454.750000 1.713315 -0.877077
 455.000000 1.784057 -0.747833
 455.250000 1.478879 -0.984788
 455.500000 1.829834 -1.200820
 455.750000 2.057304 -1.311980
 456.000000 1.804684 -1.096705
 456.250000 1.884116 -1.153239
 456.500000 1.960142 -1.201990
 456.750000 1.929930 -1.224077
 457.000000 1.795189 -1.174336
 457.250000 1.943299 -1.254790
 457.500000 1.879368 -1.178860
 457.750000 1.482806 -1.032958
 458.000000 1.650644 -0.950058
 458.250000 1.704739 -0.770205
 458.500000 1.512534 -1.048987
 458.750000 1.768424 -0.817022
 459.000000 1.560625 -1.027442
 459.250000 1.355747 -1.548261
 459.500000 1.147795 -1.540560
 459.750000 0.958802 -1.537632
 460.000000 0.293767 -1.376822
 460.250000 -0.735880 -1.523551
 460.500000 -1.123174 -1.585635
 460.750000 -0.287234 -1.072767
 461.000000 0.600457 -0.717102
 461.250000 1.354375 -0.926631
 461.500000 1.736652 -0.865409
 461.750000 1.580540 -0.490107
 462.000000 1.944570 -0.559365
 462.250000 2.147365 -0.988664
 462.500000 2.310677 -1.086232
 462.750000 1.703069 -0.549256
 463.000000 1.190132 -0.154250
 463.250000 0.587989 -0.371550
 463.500000 0.445678 -1.178332
 463.750000 0.548083 -1.865882
 464.000000 0.374596 -1.431145
 464.250000 0.505409 -0.764888
 464.500000 0.753797 -0.276677
 464.750000 1.300466 -0.240730
 465.000000 1.671708 -0.568179
 465.250000 1.583408 -1.297078
 465.500000 1.273257 -1.530683
 465.750000 0.865223 -1.623811
 466.000000 0.427231 -1.291349
 466.250000 0.427871 -1.089810
 466.500000 0.554350 -0.889819
 466.750000 0.800767 -1.141441
 467.000000 0.680928 -1.299189
 467.250000 0.786674 -1.559829
 467.500000 0.617884 -1.377154
 467.750000 1.130399 -1.597141
 468.000000 1.707619 -1.170218
 468.250000 1.618752 -0.376785
 468.500000 1.390060 0.130683
 468.750000 1.690491 -0.066331
 469.000000 1.911876 -0.606955
 469.250000 2.189453 -1.130060
 469.500000 1.793585 -1.408833
 469.750000 1.370298 -1.376901
 470.000000 1.274610 -1.126497
 470.250000 0.940833 -1.171365
 470.500000 0.347983 -0.735243
 470.750000 0.063991 -0.819232
 471.000000 -0.098034 -1.358280
 471.250000 0.212760 -1.484088
 471.500000 0.496262 -1.753962
 471.750000 0.467650 -1.401778
 472.000000 0.422375 -1.547453
 472.250000 0.413553 -1.687367
 472.500000 0.249416 -1.554385
 472.750000 -0.144928 -1.548790
 473.000000 -0.008388 -1.007014
 473.250000 0.236870 -0.556298
 473.500000 0.790550 -0.657057
 473.750000 1.163837 -1.011533
 474.000000 1.011600 -0.709878
 474.250000 1.295927 -0.862411
 474.500000 1.117314 -0.906438
 474.750000 0.735597 -1.096367
 475.000000 0.732008 -0.943175
 475.250000 0.313822 -0.772917
 475.500000 -0.003802 -0.928559
 475.750000 -0.169372 -1.470859
 476.000000 -0.004456 -1.215758
 476.250000 -0.170539 -0.944828
 476.500000 -0.237753 -1.193690
 476.750000 -0.008991 -1.212951
 477.000000 -0.051390 -1.478755
 477.250000 0.073064 -1.438062
 477.500000 -0.152971 -1.229281
 477.750000 0.044449 -0.730355
 478.000000 0.176341 -0.558339
 478.250000 0.289653 -0.922874
 478.500000 0.475147 -1.257124
 478.750000 0.041855 -1.341548
 479.000000 -0.207591 -1.446162
 479.250000 0.087117 -1.418407
 479.500000 -0.025812 -1.417540
 479.750000 0.078875 -1.447789
 480.000000 -0.036852 -1.382241
 480.250000 0.240100 -1.382127
 480.500000 -0.086367 -1.099184
 480.750000 -0.045534 -0.579395
 481.000000 0.036433 -0.284717
 481.250000 0.124581 -0.197602
 481.500000 0.343291 -0.330921
 481.750000 0.619155 -0.904286
 482.000000 0.426030 -0.991735
 482.250000 0.335197 -0.890941
 482.500000 0.619236 -1.086899
 482.750000 1.148292 -1.083438
 483.000000 1.367779 -0.736496
 483.250000 1.186322 -0.899635
 483.500000 1.136174 -0.893263
 483.750000 1.041480 -0.852223
 484.000000 1.273988 -0.769008
 484.250000 1.140000 -0.772690
 484.500000 1.276951 -0.805878
 484.750000 1.153943 -0.864081
 485.000000 1.127678 -0.845988
 485.250000 1.359031 -0.699727
 485.500000 1.229718 -0.804219
 485.750000 1.310106 -0.809184
 486.000000 1.476118 -0.861821
 486.250000 1.638200 -1.080857
 486.500000 1.500422 -1.283337
 486.750000 1.437791 -1.262934
 487.000000 1.700803 -1.145781
 487.250000 1.677922 -1.105749
 487.500000 1.583910 -1.192994
 487.750000 1.679604 -0.782652
 488.000000 1.595424 -0.526132
 488.250000 1.573671 -0.733973
 488.500000 1.881360 -0.804281
 488.750000 1.877660 -0.264228
 489.000000 1.866560 -0.646176
 489.250000 2.225334 -0.897732
 489.500000 2.028520 -0.933008
 489.750000 2.067754 -0.804195
 490.000000 2.197595 -1.010140
 490.250000 1.947889 -0.640448
 490.500000 1.811714 -0.316040
 490.750000 2.236011 -0.454346
 491.000000 1.982541 -0.306725
 491.250000 1.829557 -0.576705
 491.500000 2.149704 -0.832144
 491.750000 2.009567 -0.916572
 492.000000 2.134536 -0.656401
 492.250000 1.825332 -0.669720
 492.500000 2.147152 -0.675404
 492.750000 2.397990 -0.955693
 493.000000 2.405798 -0.837844
 493.250000 2.194026 -0.577360
 493.500000 2.093573 -0.227833
 493.750000 2.154835 -0.429650
 494.000000 2.036697 -0.324349
 494.250000 2.234586 -0.315269
 494.500000 1.884111 -0.375842
 494.750000 1.893513 -0.418180
 495.000000 1.819455 -0.520821
 495.250000 2.079569 -0.870018
 495.500000 1.992408 -0.918587
 495.750000 2.282748 -0.680053
 496.000000 2.131286 -0.514469
 496.250000 1.996826 -0.081891
 496.500000 1.451768 -0.022442
 496.750000 1.506220 0.162508
 497.000000 1.636461 -0.238908
 497.250000 1.438836 -0.421681
 497.500000 1.387194 -0.122329
 497.750000 1.859544 0.228298
 498.000000 1.701484 -0.283670
 498.250000 1.536971 -0.591882
 498.500000 1.819616 -1.104786
 498.750000 2.083750 -1.328726
 499.000000 1.927632 -1.242570
 499.250000 1.636362 -1.490754
 499.500000 1.346112 -1.333715
 499.750000 1.353295 -0.952800
 500.000000 1.132140 -0.745266
