#! FIELDS time p.x p.y
 0.000000 -0.800000 -0.800000
 0.250000 -0.902194 -0.771659
 0.500000 -0.755842 -0.701785
 0.750000 -0.611362 -0.831894
 1.000000 -0.579954 -1.072239
 1.250000 -0.605295 -1.224965
 1.500000 -0.637554 -1.082880
 1.750000 -0.712289 -0.799671
 2.000000 -0.839254 -0.583480
 2.250000 -0.929964 -0.598108
 2.500000 -0.890163 -0.699422
 2.750000 -0.632507 -0.888234
 3.000000 -0.407883 -1.203738
 3.250000 -0.411324 -1.341072
 3.500000 -0.642329 -1.060788
 3.750000 -0.850312 -0.649468
 4.000000 -0.953814 -0.359885
 4.250000 -1.119299 -0.341898
 4.500000 -1.089951 -0.498398
 4.750000 -0.776125 -0.632135
 5.000000 -0.586267 -0.824171
 5.250000 -0.608042 -1.143675
 5.500000 -0.664014 -1.231358
 5.750000 -0.577164 -0.872278
 6.000000 -0.577266 -0.672813
 6.250000 -0.801331 -0.697068
 6.500000 -0.886346 -0.927238
 6.750000 -0.606147 -1.008762
 7.000000 -0.429194 -1.007218
 7.250000 -0.617789 -1.023186
 7.500000 -0.856274 -0.915362
 7.750000 -0.826693 -0.636972
 8.000000 -0.710664 -0.456605
 8.250000 -0.865143 -0.614114
 8.500000 -0.965158 -0.847258
 8.750000 -0.796271 -0.958607
 9.000000 -0.330499 -1.019964
 9.250000 -0.230456 -1.103391
 9.500000 -0.617426 -1.160797
 9.750000 -0.994263 -0.944150
 10.000000 -0.904518 -0.458275
 10.250000 -0.786702 -0.067979
 10.500000 -1.066720 -0.240211
 10.750000 -1.266694 -0.686392
 11.000000 -0.698811 -0.849424
 11.250000 -0.085582 -1.082962
 11.500000 -0.142590 -1.284385
 11.750000 -0.714832 -1.177351
 12.000000 -1.067406 -0.728395
 12.250000 -0.943346 -0.201732
 12.500000 -0.937679 -0.063079
 12.750000 -1.263161 -0.470768
 13.000000 -0.986907 -0.805872
 13.250000 -0.287413 -0.981440
 13.500000 -0.045050 -1.188476
 13.750000 -0.539001 -1.321982
 14.000000 -0.989354 -1.028868
 14.250000 -0.897345 -0.367099
 14.500000 -0.879127 0.014843
 14.750000 -1.114325 -0.083261
 15.000000 -1.392434 -0.449348
 15.250000 -0.838906 -0.638663
 15.500000 -0.183628 -0.915644
 15.750000 -0.148982 -1.331954
 16.000000 -0.697755 -1.366511
 16.250000 -0.986771 -0.852507
 16.500000 -0.972501 -0.247653
 16.750000 -1.169469 -0.064484
 17.000000 -1.327434 -0.276356
 17.250000 -0.983439 -0.494984
 17.500000 -0.505502 -0.850343
 17.750000 -0.253456 -1.312620
 18.000000 -0.518440 -1.424584
 18.250000 -0.791152 -0.893429
 18.500000 -0.843352 -0.282638
 18.750000 -1.023102 -0.110349
 19.000000 -1.339428 -0.362464
 19.250000 -1.071553 -0.354499
 19.500000 -0.624806 -0.380929
 19.750000 -0.664424 -0.862482
 20.000000 -0.795872 -1.360096
 20.250000 -0.448425 -1.289170
 20.500000 -0.210932 -0.850574
 20.750000 -0.527364 -0.620995
 21.000000 -1.138561 -0.684980
 21.250000 -1.147176 -0.510972
 21.500000 -0.780911 -0.292164
 21.750000 -0.724560 -0.536120
 22.000000 -0.852199 -1.091923
 22.250000 -0.533270 -1.308508
 22.500000 -0.198959 -1.090905
 22.750000 -0.410660 -0.796601
 23.000000 -0.878802 -0.682318
 23.250000 -1.181770 -0.590809
 23.500000 -0.979996 -0.371656
 23.750000 -0.807581 -0.375330
 24.000000 -0.787829 -0.748938
 24.250000 -0.622580 -1.232156
 24.500000 -0.360920 -1.335039
 24.750000 -0.436663 -0.999532
 25.000000 -0.847113 -0.790308
 25.250000 -1.174300 -0.614894
 25.500000 -0.953596 -0.358279
 25.750000 -0.793225 -0.326864
 26.000000 -0.837365 -0.657535
 26.250000 -0.665721 -1.056950
 26.500000 -0.406130 -1.226367
 26.750000 -0.392520 -1.186862
 27.000000 -0.624389 -1.022298
 27.250000 -0.806590 -0.814016
 27.500000 -0.652361 -0.575184
 27.750000 -0.575693 -0.575201
 28.000000 -0.663161 -0.871862
 28.250000 -0.773760 -1.213126
 28.500000 -0.551698 -1.202768
 28.750000 -0.341767 -0.972716
 29.000000 -0.554775 -0.781492
 29.250000 -0.963976 -0.604655
 29.500000 -1.206130 -0.424460
 29.750000 -0.982014 -0.283773
 30.000000 -0.755399 -0.438542
 30.250000 -0.753322 -0.985143
 30.500000 -0.563605 -1.389846
 30.750000 -0.297043 -1.227351
 31.000000 -0.489142 -0.857660
 31.250000 -0.911632 -0.605693
 31.500000 -1.165998 -0.367683
 31.750000 -1.211589 -0.180944
 32.000000 -1.111116 -0.217913
 32.250000 -0.911120 -0.495082
 32.500000 -0.666347 -0.913618
 32.750000 -0.369431 -1.334799
 33.000000 -0.344642 -1.313883
 33.250000 -0.705109 -0.820471
 33.500000 -1.102555 -0.319893
 33.750000 -1.368949 -0.003513
 34.000000 -1.263826 -0.027628
 34.250000 -0.971664 -0.384994
 34.500000 -0.656639 -0.953484
 34.750000 -0.311493 -1.407108
 35.000000 -0.307014 -1.277149
 35.250000 -0.691256 -0.784735
 35.500000 -1.135995 -0.373600
 35.750000 -1.337977 -0.036144
 36.000000 -1.245826 0.048954
 36.250000 -1.023910 -0.277818
 36.500000 -0.866936 -0.894078
 36.750000 -0.562762 -1.327412
 37.000000 -0.309730 -1.315207
 37.250000 -0.586183 -1.145905
 37.500000 -0.958776 -0.851002
 37.750000 -1.058911 -0.367560
 38.000000 -1.034549 0.000101
 38.250000 -1.296299 -0.137421
 38.500000 -1.213771 -0.480194
 38.750000 -0.625063 -0.717363
 39.000000 -0.203289 -0.976101
 39.250000 -0.300940 -1.216487
 39.500000 -0.769099 -1.190741
 39.750000 -0.934160 -0.791172
 40.000000 -0.855501 -0.395946
 40.250000 -0.871382 -0.206105
 40.500000 -1.059420 -0.446806
 40.750000 -0.996005 -0.775948
 41.000000 -0.531320 -0.979794
 41.250000 -0.242529 -1.195005
 41.500000 -0.466466 -1.158651
 41.750000 -0.855323 -0.918378
 42.000000 -0.926389 -0.588470
 42.250000 -1.007094 -0.345905
 42.500000 -1.127575 -0.324981
 42.750000 -1.101133 -0.525319
 43.000000 -0.800393 -0.850090
 43.250000 -0.460129 -1.200250
 43.500000 -0.424979 -1.306888
 43.750000 -0.680146 -1.033674
 44.000000 -0.896724 -0.657517
 44.250000 -1.047064 -0.361746
 44.500000 -1.083112 -0.413317
 44.750000 -0.839246 -0.723337
 45.000000 -0.458247 -1.051323
 45.250000 -0.210382 -1.260776
 45.500000 -0.309151 -1.129131
 45.750000 -0.770216 -0.843333
 46.000000 -1.160378 -0.527538
 46.250000 -1.209887 -0.126149
 46.500000 -1.130063 0.059581
 46.750000 -1.122830 -0.241366
 47.000000 -0.932449 -0.718800
 47.250000 -0.551751 -1.146112
 47.500000 -0.315090 -1.377526
 47.750000 -0.604220 -1.224244
 48.000000 -0.894062 -0.736296
 48.250000 -1.069540 -0.199180
 48.500000 -1.287021 0.039251
 48.750000 -1.360372 -0.056488
 49.000000 -1.120271 -0.358522
 49.250000 -0.705650 -0.796964
 49.500000 -0.320011 -1.211822
 49.750000 -0.184075 -1.333502
 50.000000 -0.425072 -1.049983
 50.250000 -0.956805 -0.613982
 50.500000 -1.330043 -0.199406
 50.750000 -1.281783 0.089508
 51.000000 -1.156674 -0.107143
 51.250000 -0.963510 -0.629137
 51.500000 -0.647920 -1.129796
 51.750000 -0.284347 -1.367202
 52.000000 -0.227500 -1.154747
 52.250000 -0.630142 -0.855689
 52.500000 -1.168684 -0.623807
 52.750000 -1.247754 -0.170499
 53.000000 -1.068860 0.080307
 53.250000 -1.094787 -0.235295
 53.500000 -0.983813 -0.774045
 53.750000 -0.458316 -1.147645
 54.000000 -0.184295 -1.319139
 54.250000 -0.378699 -1.081606
 54.500000 -0.909755 -0.861518
 54.750000 -1.143361 -0.530794
 55.000000 -0.905685 -0.158095
 55.250000 -0.776448 -0.196945
 55.500000 -0.895761 -0.708647
 55.750000 -0.870782 -1.193488
 56.000000 -0.421068 -1.218157
 56.250000 -0.298151 -0.960741
 56.500000 -0.700057 -0.753093
 56.750000 -1.144644 -0.591050
 57.000000 -1.079815 -0.283421
 57.250000 -0.966136 -0.201876
 57.500000 -1.067174 -0.502817
 57.750000 -0.795726 -0.919931
 58.000000 -0.357484 -1.280775
 58.250000 -0.416699 -1.325788
 58.500000 -0.838701 -0.900585
 58.750000 -1.047515 -0.298802
 59.000000 -1.195647 0.059968
 59.250000 -1.333137 -0.079294
 59.500000 -1.163921 -0.457255
 59.750000 -0.654226 -0.838715
 60.000000 -0.258604 -1.211728
 60.250000 -0.241203 -1.318137
 60.500000 -0.638361 -1.049068
 60.750000 -1.069131 -0.634752
 61.000000 -1.159910 -0.166052
 61.250000 -1.172933 0.081179
 61.500000 -1.224189 -0.143222
 61.750000 -1.093483 -0.562633
 62.000000 -0.683044 -0.972052
 62.250000 -0.299304 -1.356895
 62.500000 -0.252525 -1.297820
 62.750000 -0.511496 -0.792427
 63.000000 -0.985955 -0.379191
 63.250000 -1.405722 -0.206746
 63.500000 -1.282425 -0.036096
 63.750000 -0.942992 -0.172674
 64.000000 -0.970010 -0.724144
 64.250000 -0.823872 -1.170020
 64.500000 -0.327971 -1.201406
 64.750000 -0.380977 -0.938618
 65.000000 -0.902303 -0.818761
 65.250000 -1.212433 -0.573718
 65.500000 -1.031308 -0.187836
 65.750000 -1.007001 -0.154568
 66.000000 -1.231460 -0.386252
 66.250000 -1.101722 -0.506749
 66.500000 -0.619287 -0.652375
 66.750000 -0.410009 -1.061876
 67.000000 -0.491101 -1.353107
 67.250000 -0.732514 -1.112976
 67.500000 -0.748767 -0.576118
 67.750000 -0.945202 -0.233917
 68.000000 -1.290152 -0.292333
 68.250000 -1.194281 -0.346938
 68.500000 -0.814172 -0.487625
 68.750000 -0.678802 -0.984579
 69.000000 -0.626447 -1.376499
 69.250000 -0.408238 -1.195813
 69.500000 -0.366104 -0.765144
 69.750000 -0.732531 -0.623150
 70.000000 -1.161844 -0.746554
 70.250000 -1.031241 -0.560623
 70.500000 -0.595635 -0.544787
 70.750000 -0.419452 -0.883140
 71.000000 -0.466533 -1.387364
 71.250000 -0.551698 -1.395610
 71.500000 -0.608319 -0.835605
 71.750000 -0.909674 -0.423411
 72.000000 -1.285148 -0.253929
 72.250000 -1.242400 -0.119197
 72.500000 -0.959951 -0.191514
 72.750000 -0.974760 -0.728989
 73.000000 -0.895208 -1.134215
 73.250000 -0.302931 -1.143625
 73.500000 -0.039039 -1.024555
 73.750000 -0.483102 -0.983577
 74.000000 -1.061949 -0.945429
 74.250000 -0.922834 -0.664676
 74.500000 -0.656477 -0.296108
 74.750000 -0.774434 -0.433492
 75.000000 -1.077709 -0.884145
 75.250000 -0.749737 -1.106612
 75.500000 -0.187901 -1.066017
 75.750000 -0.153590 -1.002406
 76.000000 -0.661018 -0.932600
 76.250000 -1.161840 -0.934216
 76.500000 -0.935302 -0.690617
 76.750000 -0.455021 -0.387158
 77.000000 -0.516095 -0.639537
 77.250000 -0.943652 -1.147347
 77.500000 -0.735491 -1.161682
 77.750000 -0.277775 -0.753870
 78.000000 -0.371891 -0.660873
 78.250000 -0.950982 -0.927286
 78.500000 -0.980924 -1.011227
 78.750000 -0.428886 -0.828874
 79.000000 -0.246599 -0.914397
 79.250000 -0.565650 -1.261162
 79.500000 -0.718572 -1.297486
 79.750000 -0.437863 -0.864191
 80.000000 -0.460051 -0.613011
 80.250000 -0.945406 -0.805803
 80.500000 -1.167774 -0.739590
 80.750000 -0.792503 -0.490604
 81.000000 -0.551113 -0.556264
 81.250000 -0.699422 -0.831959
 81.500000 -0.866858 -1.145252
 81.750000 -0.579905 -1.027826
 82.000000 -0.399575 -0.886027
 82.250000 -0.559402 -0.950487
 82.500000 -0.717858 -1.156494
 82.750000 -0.512714 -0.979287
 83.000000 -0.442011 -0.797262
 83.250000 -0.685701 -0.728314
 83.500000 -1.085420 -0.606496
 83.750000 -1.102975 -0.422184
 84.000000 -0.887983 -0.295820
 84.250000 -0.732120 -0.417415
 84.500000 -0.587082 -0.757507
 84.750000 -0.571775 -1.294805
 85.000000 -0.488818 -1.432440
 85.250000 -0.447814 -1.001363
 85.500000 -0.629731 -0.561443
 85.750000 -0.963782 -0.496067
 86.000000 -1.065474 -0.718546
 86.250000 -0.643329 -0.692170
 86.500000 -0.345632 -0.835355
 86.750000 -0.439724 -1.267722
 87.000000 -0.732658 -1.390119
 87.250000 -0.595206 -0.883394
 87.500000 -0.501382 -0.426566
 87.750000 -0.967424 -0.349020
 88.000000 -1.330651 -0.454884
 88.250000 -0.889850 -0.381704
 88.500000 -0.535199 -0.415237
 88.750000 -0.742720 -0.922906
 89.000000 -0.870637 -1.328894
 89.250000 -0.443945 -1.075755
 89.500000 -0.264290 -0.776265
 89.750000 -0.675966 -0.828495
 90.000000 -1.112143 -1.004446
 90.250000 -0.647199 -0.950516
 90.500000 -0.037302 -0.973190
 90.750000 -0.195536 -1.172063
 91.000000 -0.814467 -1.212970
 91.250000 -0.960866 -0.909530
 91.500000 -0.647955 -0.378921
 91.750000 -0.680655 -0.229738
 92.000000 -1.190661 -0.626463
 92.250000 -1.163472 -0.787842
 92.500000 -0.453750 -0.601526
 92.750000 -0.128010 -0.747148
 93.000000 -0.469387 -1.271533
 93.250000 -0.881415 -1.418944
 93.500000 -0.704153 -0.785059
 93.750000 -0.579932 -0.305650
 94.000000 -0.988809 -0.395896
 94.250000 -1.331152 -0.575763
 94.500000 -0.876986 -0.452563
 94.750000 -0.399024 -0.579652
 95.000000 -0.302817 -1.106650
 95.250000 -0.725225 -1.491444
 95.500000 -0.787191 -1.064018
 95.750000 -0.668456 -0.369545
 96.000000 -0.984927 -0.151126
 96.250000 -1.478506 -0.282405
 96.500000 -1.212459 -0.283672
 96.750000 -0.564967 -0.336654
 97.000000 -0.311874 -0.921378
 97.250000 -0.623646 -1.567604
 97.500000 -0.776996 -1.303042
 97.750000 -0.576785 -0.340319
 98.000000 -0.880575 0.139772
 98.250000 -1.544386 -0.084453
 98.500000 -1.384104 -0.347721
 98.750000 -0.508743 -0.389162
 99.000000 -0.244890 -0.743477
 99.250000 -0.572696 -1.381125
 99.500000 -0.819719 -1.389068
 99.750000 -0.435815 -0.764336
 100.000000 -0.321118 -0.423541
 100.250000 -0.909132 -0.627316
 100.500000 -1.306179 -0.850721
 100.750000 -0.655983 -0.603515
 101.000000 -0.207200 -0.664552
 101.250000 -0.425781 -1.192420
 101.500000 -0.841994 -1.443247
 101.750000 -0.744858 -1.007521
 102.000000 -0.607580 -0.338351
 102.250000 -0.945113 -0.149250
 102.500000 -1.500504 -0.298770
 102.750000 -1.200873 -0.381194
 103.000000 -0.448352 -0.480585
 103.250000 -0.196240 -1.044861
 103.500000 -0.378574 -1.623017
 103.750000 -0.647510 -1.287642
 104.000000 -0.721695 -0.441746
 104.250000 -0.990166 0.090280
 104.500000 -1.510815 0.028301
 104.750000 -1.412704 -0.190513
 105.000000 -0.639154 -0.411295
 105.250000 -0.157144 -0.963573
 105.500000 -0.223300 -1.627866
 105.750000 -0.710372 -1.326085
 106.000000 -0.996904 -0.444338
 106.250000 -1.246986 0.238017
 106.500000 -1.487666 0.248483
 106.750000 -1.323818 -0.239489
 107.000000 -0.717360 -0.765684
 107.250000 -0.209926 -1.279833
 107.500000 -0.150610 -1.438451
 107.750000 -0.666319 -1.012745
 108.000000 -1.123153 -0.486428
 108.250000 -1.329475 -0.097092
 108.500000 -1.183973 0.051396
 108.750000 -1.011920 -0.307672
 109.000000 -0.925866 -0.948658
 109.250000 -0.618633 -1.344230
 109.500000 -0.189270 -1.089678
 109.750000 -0.291479 -0.718400
 110.000000 -0.918607 -0.798177
 110.250000 -1.275364 -0.760722
 110.500000 -0.813674 -0.233555
 110.750000 -0.651913 -0.079589
 111.000000 -0.937052 -0.576869
 111.250000 -0.968402 -1.117436
 111.500000 -0.334379 -1.216276
 111.750000 -0.035591 -1.053316
 112.000000 -0.390245 -0.986159
 112.250000 -1.033635 -0.872478
 112.500000 -1.158483 -0.658006
 112.750000 -0.694829 -0.304127
 113.000000 -0.519071 -0.282878
 113.250000 -0.800948 -0.832716
 113.500000 -0.843919 -1.401444
 113.750000 -0.386378 -1.311316
 114.000000 -0.242521 -0.753691
 114.250000 -0.660239 -0.481993
 114.500000 -1.267493 -0.578505
 114.750000 -1.160988 -0.468135
 115.000000 -0.644703 -0.231769
 115.250000 -0.579458 -0.523365
 115.500000 -0.853890 -1.159231
 115.750000 -0.793620 -1.273685
 116.000000 -0.478904 -0.722581
 116.250000 -0.272804 -0.562175
 116.500000 -0.526602 -0.969661
 116.750000 -0.817767 -1.373957
 117.000000 -0.557038 -1.285635
 117.250000 -0.201387 -0.866210
 117.500000 -0.449554 -0.747503
 117.750000 -1.058030 -0.850293
 118.000000 -1.154386 -0.739149
 118.250000 -0.689072 -0.499772
 118.500000 -0.572698 -0.594039
 118.750000 -0.845589 -1.013776
 119.000000 -0.817368 -1.199597
 119.250000 -0.452946 -1.011407
 119.500000 -0.362076 -0.727157
 119.750000 -0.659770 -0.768174
 120.000000 -0.896683 -0.948160
 120.250000 -0.686211 -1.143409
 120.500000 -0.321584 -0.999393
 120.750000 -0.367244 -0.896816
 121.000000 -0.777713 -1.070971
 121.250000 -0.899992 -1.087516
 121.500000 -0.547100 -0.790908
 121.750000 -0.603496 -0.691964
 122.000000 -0.918285 -0.928170
 122.250000 -0.819325 -1.099220
 122.500000 -0.451667 -0.916212
 122.750000 -0.293002 -0.870120
 123.000000 -0.593696 -1.038223
 123.250000 -0.941865 -1.062304
 123.500000 -0.758181 -0.836271
 123.750000 -0.541427 -0.659328
 124.000000 -0.822817 -0.845827
 124.250000 -0.633947 -1.136204
 124.500000 -0.308573 -1.181828
 124.750000 -0.604146 -1.112083
 125.000000 -0.911886 -0.873333
 125.250000 -0.759626 -0.588814
 125.500000 -0.691125 -0.467690
 125.750000 -0.855151 -0.722549
 126.000000 -0.630727 -0.930692
 126.250000 -0.505730 -1.217541
 126.500000 -0.575840 -1.245662
 126.750000 -0.574896 -0.961586
 127.000000 -0.686857 -0.822889
 127.250000 -0.787273 -0.718514
 127.500000 -0.705661 -0.707054
 127.750000 -0.773628 -0.965161
 128.000000 -0.786887 -1.121820
 128.250000 -0.720904 -0.799798
 128.500000 -0.582745 -0.628898
 128.750000 -0.647049 -0.891564
 129.000000 -0.790333 -1.151802
 129.250000 -0.801789 -0.933173
 129.500000 -0.511958 -0.622915
 129.750000 -0.816126 -0.715293
 130.000000 -1.111920 -0.714105
 130.250000 -0.747380 -0.510174
 130.500000 -0.498952 -0.596896
 130.750000 -0.851590 -0.994817
 131.000000 -0.834521 -1.280725
 131.250000 -0.398183 -1.064581
 131.500000 -0.184721 -0.893582
 131.750000 -0.515050 -0.975080
 132.000000 -0.985467 -1.098550
 132.250000 -0.825001 -0.877584
 132.500000 -0.380251 -0.659925
 132.750000 -0.276407 -0.825950
 133.000000 -0.605011 -1.256436
 133.250000 -0.689611 -1.409644
 133.500000 -0.269014 -1.033486
 133.750000 -0.314137 -0.636263
 134.000000 -0.762283 -0.521310
 134.250000 -1.212280 -0.575454
 134.500000 -1.165265 -0.280468
 134.750000 -1.007965 -0.050267
 135.000000 -1.214481 -0.252500
 135.250000 -1.207834 -0.646029
 135.500000 -0.722635 -0.863989
 135.750000 -0.188331 -1.097784
 136.000000 -0.155701 -1.287316
 136.250000 -0.649238 -1.155869
 136.500000 -1.097528 -0.743472
 136.750000 -0.886324 -0.255882
 137.000000 -0.771586 -0.148594
 137.250000 -1.016046 -0.557741
 137.500000 -0.894663 -1.037940
 137.750000 -0.320999 -1.366031
 138.000000 -0.138374 -1.225417
 138.250000 -0.477140 -0.828726
 138.500000 -1.014619 -0.532746
 138.750000 -1.296917 -0.330954
 139.000000 -1.203698 -0.111311
 139.250000 -1.079438 -0.056356
 139.500000 -1.091513 -0.406146
 139.750000 -0.873326 -0.830179
 140.000000 -0.415219 -1.185888
 140.250000 -0.410947 -1.548541
 140.500000 -0.712911 -1.200594
 140.750000 -0.778633 -0.482218
 141.000000 -0.885144 -0.040395
 141.250000 -1.251128 -0.107552
 141.500000 -1.341559 -0.390239
 141.750000 -0.715724 -0.537854
 142.000000 -0.319634 -1.075781
 142.250000 -0.344801 -1.590719
 142.500000 -0.679243 -1.189092
 142.750000 -0.842140 -0.384860
 143.000000 -1.160198 0.137791
 143.250000 -1.525137 0.104360
 143.500000 -1.280534 -0.245025
 143.750000 -0.675268 -0.697827
 144.000000 -0.276194 -1.308356
 144.250000 -0.264362 -1.576667
 144.500000 -0.668594 -1.015967
 144.750000 -1.071607 -0.222174
 145.000000 -1.380271 0.244051
 145.250000 -1.523993 0.072018
 145.500000 -1.095549 -0.263361
 145.750000 -0.479832 -0.661660
 146.000000 -0.347615 -1.392456
 146.250000 -0.603979 -1.570586
 146.500000 -0.611720 -0.835940
 146.750000 -0.605910 -0.193011
 147.000000 -0.983788 -0.168122
 147.250000 -1.372204 -0.496159
 147.500000 -0.871148 -0.658621
 147.750000 -0.216442 -0.817367
 148.000000 -0.167228 -1.337243
 148.250000 -0.620632 -1.511203
 148.500000 -0.840469 -0.970911
 148.750000 -0.573491 -0.354952
 149.000000 -0.619875 -0.296717
 149.250000 -0.991758 -0.766194
 149.500000 -1.156374 -0.940909
 149.750000 -0.716801 -0.439280
 150.000000 -0.584742 -0.117253
 150.250000 -1.131561 -0.393072
 150.500000 -1.355629 -0.723165
 150.750000 -0.580017 -0.592841
 151.000000 -0.028145 -0.687641
 151.250000 -0.241458 -1.223920
 151.500000 -0.842824 -1.529763
 151.750000 -0.791137 -0.867004
 152.000000 -0.388837 -0.273121
 152.250000 -0.705136 -0.394524
 152.500000 -1.219113 -0.973021
 152.750000 -0.711251 -1.121887
 153.000000 0.029634 -0.900826
 153.250000 -0.051939 -0.948473
 153.500000 -0.807890 -1.123848
 153.750000 -1.102774 -0.871068
 154.000000 -0.684871 -0.313592
 154.250000 -0.485434 -0.294758
 154.500000 -0.824029 -0.862463
 154.750000 -0.826227 -1.509436
 155.000000 -0.194745 -1.397104
 155.250000 0.058338 -0.716000
 155.500000 -0.558024 -0.504431
 155.750000 -1.500336 -0.632077
 156.000000 -1.213930 -0.182957
 156.250000 -0.627416 0.156323
 156.500000 -0.759922 -0.290885
 156.750000 -1.169842 -1.073410
 157.000000 -0.583476 -1.278657
 157.250000 0.139207 -1.023600
 157.500000 -0.095604 -0.880920
 157.750000 -1.027019 -1.060181
 158.000000 -1.129791 -0.973498
 158.250000 -0.323464 -0.679322
 158.500000 0.068073 -0.822016
 158.750000 -0.298434 -1.289898
 159.000000 -0.906204 -1.447027
 159.250000 -0.705644 -0.785203
 159.500000 -0.360127 -0.281961
 159.750000 -0.736214 -0.462460
 160.000000 -1.245525 -0.934299
 160.250000 -0.695971 -0.949927
 160.500000 0.027053 -1.026566
 160.750000 -0.119314 -1.210919
 161.000000 -0.819773 -1.088207
 161.250000 -1.114378 -0.655500
 161.500000 -0.800367 -0.162111
 161.750000 -0.831773 -0.144391
 162.000000 -1.089961 -0.654566
 162.250000 -0.810953 -1.150801
 162.500000 -0.342025 -1.360947
 162.750000 -0.135762 -1.155407
 163.000000 -0.374909 -0.875351
 163.250000 -0.892897 -0.748023
 163.500000 -1.097093 -0.470439
 163.750000 -0.987091 -0.151809
 164.000000 -1.241583 -0.230043
 164.250000 -1.316449 -0.290427
 164.500000 -0.981086 -0.280425
 164.750000 -0.731751 -0.441390
 165.000000 -0.675214 -0.887151
 165.250000 -0.556502 -1.392552
 165.500000 -0.391825 -1.314593
 165.750000 -0.792045 -0.799709
 166.000000 -1.215875 -0.304640
 166.250000 -1.381273 0.050178
 166.500000 -1.237950 0.080085
 166.750000 -1.070892 -0.293381
 167.000000 -0.836825 -0.800464
 167.250000 -0.451435 -1.260555
 167.500000 -0.432946 -1.492261
 167.750000 -0.564779 -1.046843
 168.000000 -0.868092 -0.527773
 168.250000 -1.304809 -0.311586
 168.500000 -1.275707 -0.186414
 168.750000 -0.890539 -0.159394
 169.000000 -0.695648 -0.583736
 169.250000 -0.730073 -1.213014
 169.500000 -0.499554 -1.450443
 169.750000 -0.371316 -0.984851
 170.000000 -0.516708 -0.562046
 170.250000 -1.066828 -0.543314
 170.500000 -1.278302 -0.519693
 170.750000 -0.867130 -0.320748
 171.000000 -0.701701 -0.378919
 171.250000 -0.870503 -0.792447
 171.500000 -0.576484 -1.109520
 171.750000 -0.376779 -1.285804
 172.000000 -0.689715 -1.149464
 172.250000 -0.803628 -0.647653
 172.500000 -0.891043 -0.241249
 172.750000 -1.149248 -0.184601
 173.000000 -1.377485 -0.310267
 173.250000 -1.103838 -0.357941
 173.500000 -0.701966 -0.589330
 173.750000 -0.508741 -1.019603
 174.000000 -0.654615 -1.393145
 174.250000 -0.561371 -1.172628
 174.500000 -0.579482 -0.730309
 174.750000 -0.852925 -0.581335
 175.000000 -1.229824 -0.518411
 175.250000 -1.126373 -0.145020
 175.500000 -0.996534 0.020053
 175.750000 -1.174511 -0.267474
 176.000000 -1.091007 -0.621412
 176.250000 -0.484807 -0.723362
 176.500000 -0.159878 -1.047939
 176.750000 -0.261581 -1.337111
 177.000000 -0.503276 -1.392555
 177.250000 -0.774142 -0.891071
 177.500000 -0.833775 -0.278381
 177.750000 -0.885170 0.032811
 178.000000 -1.192212 -0.178937
 178.250000 -1.329234 -0.418933
 178.500000 -0.773581 -0.395934
 178.750000 -0.462370 -0.623862
 179.000000 -0.688642 -1.234172
 179.250000 -0.549792 -1.508329
 179.500000 -0.429042 -1.026415
 179.750000 -0.570035 -0.554525
 180.000000 -1.156540 -0.436598
 180.250000 -1.396603 -0.238140
 180.500000 -0.880476 0.024903
 180.750000 -0.763036 -0.264041
 181.000000 -1.059759 -0.941629
 181.250000 -0.733540 -1.239130
 181.500000 -0.074005 -1.152290
 181.750000 -0.060570 -0.942859
 182.000000 -0.738893 -0.995926
 182.250000 -1.141184 -0.985755
 182.500000 -0.717708 -0.591413
 182.750000 -0.471143 -0.295173
 183.000000 -0.807665 -0.512572
 183.250000 -1.212699 -0.899919
 183.500000 -0.702431 -0.779566
 183.750000 -0.095741 -0.752637
 184.000000 -0.089770 -1.062475
 184.250000 -0.693272 -1.349708
 184.500000 -0.986255 -1.054994
 184.750000 -0.820657 -0.326651
 185.000000 -0.798833 0.002079
 185.250000 -1.264739 -0.295196
 185.500000 -1.343989 -0.583730
 185.750000 -0.594440 -0.547047
 186.000000 -0.102398 -0.602391
 186.250000 -0.361290 -1.083598
 186.500000 -0.946718 -1.396110
 186.750000 -0.718222 -1.002605
 187.000000 -0.354146 -0.417958
 187.250000 -0.676256 -0.317177
 187.500000 -1.337227 -0.626105
 187.750000 -1.145723 -0.678792
 188.000000 -0.282863 -0.574636
 188.250000 0.089996 -0.920504
 188.500000 -0.367522 -1.520157
 188.750000 -0.930019 -1.394750
 189.000000 -0.689933 -0.460571
 189.250000 -0.597984 0.134579
 189.500000 -1.156020 -0.118654
 189.750000 -1.539349 -0.581420
 190.000000 -0.762874 -0.514045
 190.250000 -0.097031 -0.640462
 190.500000 -0.187156 -1.183935
 190.750000 -0.570156 -1.670649
 191.000000 -0.659377 -1.176474
 191.250000 -0.548697 -0.330532
 191.500000 -0.993956 0.018625
 191.750000 -1.645000 -0.074870
 192.000000 -1.319626 -0.073479
 192.250000 -0.595630 -0.232623
 192.500000 -0.284792 -0.885512
 192.750000 -0.556977 -1.634925
 193.000000 -0.724582 -1.402898
 193.250000 -0.482152 -0.491755
 193.500000 -0.734366 0.031668
 193.750000 -1.412174 -0.063965
 194.000000 -1.493187 -0.334024
 194.250000 -0.647428 -0.431908
 194.500000 -0.073889 -0.834840
 194.750000 -0.159852 -1.477912
 195.000000 -0.726117 -1.510488
 195.250000 -1.022453 -0.645301
 195.500000 -1.120118 0.253954
 195.750000 -1.379527 0.368601
 196.000000 -1.533414 -0.220937
 196.250000 -0.824835 -0.627134
 196.500000 -0.025005 -1.105922
 196.750000 0.003270 -1.514636
 197.000000 -0.769233 -1.257313
 197.250000 -1.304588 -0.421888
 197.500000 -1.356549 0.390508
 197.750000 -1.239969 0.366963
 198.000000 -1.133339 -0.465565
 198.250000 -0.695544 -1.295179
 198.500000 -0.194293 -1.618492
 198.750000 -0.185352 -1.042830
 199.000000 -0.568952 -0.374944
 199.250000 -1.360205 -0.149187
 199.500000 -1.648486 -0.018194
 199.750000 -1.023626 0.066701
 200.000000 -0.679486 -0.409508
 200.250000 -0.723492 -1.286187
 200.500000 -0.427442 -1.599037
 200.750000 -0.165567 -1.134196
 201.000000 -0.281769 -0.673538
 201.250000 -0.935816 -0.489051
 201.500000 -1.463731 -0.460383
 201.750000 -1.172949 -0.102627
 202.000000 -0.794232 0.079696
 202.250000 -0.908397 -0.359035
 202.500000 -1.047051 -1.075312
 202.750000 -0.380408 -1.297351
 203.000000 0.034223 -1.085131
 203.250000 -0.396302 -0.946138
 203.500000 -1.062189 -1.035256
 203.750000 -0.971718 -0.630240
 204.000000 -0.566279 -0.178920
 204.250000 -0.620250 -0.410345
 204.500000 -0.780041 -1.051113
 204.750000 -0.846370 -1.416574
 205.000000 -0.409772 -1.160746
 205.250000 -0.163428 -0.761444
 205.500000 -0.643671 -0.725865
 205.750000 -1.173995 -1.085453
 206.000000 -0.696845 -1.100427
 206.250000 -0.013975 -0.784447
 206.500000 -0.065862 -0.757835
 206.750000 -0.767250 -1.117743
 207.000000 -1.116881 -1.074762
 207.250000 -0.531185 -0.630306
 207.500000 -0.253634 -0.551044
 207.750000 -0.599611 -1.140736
 208.000000 -0.777748 -1.541178
 208.250000 -0.498985 -1.048084
 208.500000 -0.400866 -0.497171
 208.750000 -0.684591 -0.341887
 209.000000 -1.334842 -0.384716
 209.250000 -1.379332 -0.267527
 209.500000 -0.805123 -0.010629
 209.750000 -0.716314 -0.285216
 210.000000 -1.111268 -0.901312
 210.250000 -0.824902 -1.256700
 210.500000 -0.052416 -1.151604
 210.750000 -0.027878 -0.922198
 211.000000 -0.728006 -1.032040
 211.250000 -1.158814 -1.049467
 211.500000 -0.587129 -0.696940
 211.750000 -0.118324 -0.792550
 212.000000 -0.337296 -1.263656
 212.250000 -0.935862 -1.365895
 212.500000 -0.823004 -0.778358
 212.750000 -0.421654 -0.281290
 213.000000 -0.676517 -0.392095
 213.250000 -1.243396 -0.817467
 213.500000 -0.966274 -0.729482
 213.750000 -0.356109 -0.373617
 214.000000 -0.300888 -0.504693
 214.250000 -0.644687 -1.135560
 214.500000 -0.635382 -1.556938
 214.750000 -0.343784 -1.174600
 215.000000 -0.504185 -0.612506
 215.250000 -1.112518 -0.441986
 215.500000 -1.388800 -0.260308
 215.750000 -1.034660 -0.036568
 216.000000 -0.898887 -0.139233
 216.250000 -0.878203 -0.577636
 216.500000 -0.884523 -1.157656
 216.750000 -0.484502 -1.291613
 217.000000 -0.240741 -1.029456
 217.250000 -0.593848 -0.756482
 217.500000 -1.156700 -0.487951
 217.750000 -1.326021 -0.190706
 218.000000 -1.096297 0.029816
 218.250000 -1.002165 -0.231402
 218.500000 -0.985992 -0.811289
 218.750000 -0.768478 -1.293215
 219.000000 -0.284935 -1.284211
 219.250000 -0.218068 -0.886744
 219.500000 -0.697627 -0.681498
 219.750000 -1.238841 -0.692081
 220.000000 -1.067447 -0.485395
 220.250000 -0.578390 -0.305697
 220.500000 -0.594862 -0.500541
 220.750000 -0.844499 -1.064368
 221.000000 -0.491258 -1.463020
 221.250000 -0.186465 -1.305758
 221.500000 -0.256023 -0.889474
 221.750000 -0.872324 -0.695272
 222.000000 -1.326022 -0.462363
 222.250000 -1.129272 0.010655
 222.500000 -0.946219 0.014935
 222.750000 -1.112085 -0.523561
 223.000000 -0.897984 -0.987905
 223.250000 -0.271711 -1.126109
 223.500000 -0.029068 -1.122496
 223.750000 -0.439302 -1.103822
 224.000000 -1.001855 -0.958920
 224.250000 -0.924193 -0.571269
 224.500000 -0.745046 -0.254875
 224.750000 -0.818180 -0.447179
 225.000000 -1.089812 -0.901371
 225.250000 -0.661819 -1.041963
 225.500000 -0.127553 -0.963104
 225.750000 -0.287796 -1.030117
 226.000000 -0.861100 -1.063036
 226.250000 -0.968060 -0.833485
 226.500000 -0.978592 -0.349257
 226.750000 -1.227911 -0.060663
 227.000000 -1.333559 -0.114170
 227.250000 -1.170492 -0.358990
 227.500000 -0.787724 -0.605638
 227.750000 -0.536516 -1.090606
 228.000000 -0.422204 -1.419799
 228.250000 -0.589055 -1.049566
 228.500000 -0.947079 -0.710755
 228.750000 -1.022194 -0.287292
 229.000000 -1.147286 -0.065525
 229.250000 -1.357736 -0.254277
 229.500000 -1.106886 -0.421495
 229.750000 -0.659437 -0.363394
 230.000000 -0.603426 -0.364192
 230.250000 -0.750421 -0.782226
 230.500000 -0.794982 -1.324150
 230.750000 -0.473127 -1.315897
 231.000000 -0.239601 -0.919150
 231.250000 -0.401302 -0.651200
 231.500000 -0.889558 -0.918318
 231.750000 -1.026564 -1.160371
 232.000000 -0.412310 -0.907878
 232.250000 -0.066890 -0.700834
 232.500000 -0.487165 -0.917094
 232.750000 -1.094455 -1.223505
 233.000000 -0.681783 -0.980361
 233.250000 -0.105582 -0.843762
 233.500000 -0.190377 -0.892181
 233.750000 -0.836926 -1.074156
 234.000000 -0.983815 -0.899570
 234.250000 -0.381066 -0.711249
 234.500000 -0.170671 -0.956331
 234.750000 -0.604146 -1.327003
 235.000000 -0.813749 -1.340678
 235.250000 -0.732972 -0.743221
 235.500000 -0.524532 -0.361044
 235.750000 -0.600332 -0.410465
 236.000000 -0.725190 -0.954528
 236.250000 -0.885184 -1.311026
 236.500000 -0.678431 -0.856573
 236.750000 -0.567897 -0.396242
 237.000000 -0.991787 -0.331692
 237.250000 -1.388878 -0.451929
 237.500000 -0.960194 -0.328162
 237.750000 -0.482901 -0.384779
 238.000000 -0.369151 -0.839296
 238.250000 -0.466043 -1.525173
 238.500000 -0.653904 -1.447815
 238.750000 -0.534430 -0.714613
 239.000000 -0.803472 -0.257660
 239.250000 -1.259703 -0.136270
 239.500000 -1.434094 -0.155995
 239.750000 -1.001238 -0.188290
 240.000000 -0.690766 -0.499714
 240.250000 -0.493667 -1.191195
 240.500000 -0.617298 -1.607865
 240.750000 -0.557364 -1.050146
 241.000000 -0.696063 -0.393868
 241.250000 -1.181783 -0.156148
 241.500000 -1.525351 -0.091023
 241.750000 -1.103154 -0.087389
 242.000000 -0.714232 -0.353267
 242.250000 -0.563050 -0.945247
 242.500000 -0.595922 -1.547017
 242.750000 -0.415019 -1.339181
 243.000000 -0.367620 -0.705712
 243.250000 -0.542595 -0.390698
 243.500000 -1.100491 -0.443930
 243.750000 -1.395076 -0.268899
 244.000000 -1.054381 0.041396
 244.250000 -1.095474 -0.090260
 244.500000 -1.377396 -0.445509
 244.750000 -0.902486 -0.615882
 245.000000 -0.293109 -0.926718
 245.250000 -0.059901 -1.367369
 245.500000 -0.409782 -1.374713
 245.750000 -1.017062 -0.993992
 246.000000 -0.893901 -0.371575
 246.250000 -0.763160 -0.057070
 246.500000 -1.013162 -0.446576
 246.750000 -0.888953 -1.020718
 247.000000 -0.144412 -1.243911
 247.250000 0.130596 -1.155496
 247.500000 -0.451327 -0.957953
 247.750000 -1.263547 -0.962681
 248.000000 -1.075789 -0.493252
 248.250000 -0.542257 0.008875
 248.500000 -0.732711 -0.144860
 248.750000 -1.273839 -0.699159
 249.000000 -0.980948 -0.882810
 249.250000 -0.197885 -0.788153
 249.500000 -0.026450 -0.919137
 249.750000 -0.414760 -1.222035
 250.000000 -0.896697 -1.295326
