#! FIELDS time p.x p.y
 0.000000 0.400000 0.400000
 0.250000 0.235328 0.561032
 0.500000 0.174318 0.822633
 0.750000 0.172370 0.907981
 1.000000 0.242636 1.007065
 1.250000 0.215225 0.904677
 1.500000 -0.093369 0.715047
 1.750000 -0.577306 0.625446
 2.000000 -0.953252 0.795287
 2.250000 -0.993241 0.789980
 2.500000 -0.894431 0.769108
 2.750000 -0.615091 0.782424
 3.000000 -0.147307 0.646962
 3.250000 0.363314 0.496112
 3.500000 0.741668 0.366704
 3.750000 0.981803 0.085151
 4.000000 1.120797 -0.435359
 4.250000 1.223472 -0.850070
 4.500000 1.277529 -0.786161
 4.750000 1.299101 -0.213759
 5.000000 0.996248 0.247234
 5.250000 0.495476 0.619703
 5.500000 -0.195470 0.913208
 5.750000 -0.701740 1.313100
 6.000000 -0.763271 0.882035
 6.250000 -0.513036 0.466178
 6.500000 -0.224896 0.327644
 6.750000 0.109635 0.523719
 7.000000 0.212780 0.865719
 7.250000 0.057812 1.174852
 7.500000 -0.186136 1.315327
 7.750000 -0.365017 0.981113
 8.000000 -0.485505 0.710594
 8.250000 -0.557365 0.697386
 8.500000 -0.413738 0.783681
 8.750000 -0.271833 0.898257
 9.000000 0.204204 1.048914
 9.250000 0.591334 1.109009
 9.500000 0.586420 0.852253
 9.750000 0.122310 0.536228
 10.000000 -0.387631 0.412939
 10.250000 -0.694670 0.847667
 10.500000 -0.752372 1.211370
 10.750000 -0.646595 0.891276
 11.000000 -0.578397 0.462606
 11.250000 -0.517280 0.218902
 11.500000 -0.415147 0.337372
 11.750000 -0.076915 0.509387
 12.000000 0.215283 0.767505
 12.250000 0.397151 0.846850
 12.500000 0.496581 0.872628
 12.750000 0.122358 0.704364
 13.000000 -0.204239 0.521250
 13.250000 -0.368382 0.614022
 13.500000 -0.356647 1.133137
 13.750000 -0.367085 1.024810
 14.000000 -0.332598 0.621404
 14.250000 -0.341325 0.613760
 14.500000 -0.292718 0.933531
 14.750000 -0.126842 1.200142
 15.000000 -0.044634 0.949362
 15.250000 0.021295 0.586450
 15.500000 0.170052 0.307536
 15.750000 0.434972 0.315574
 16.000000 0.680850 0.253452
 16.250000 0.761801 -0.159069
 16.500000 0.716906 -0.830391
 16.750000 0.812870 -1.127502
 17.000000 1.016461 -0.713386
 17.250000 1.316605 -0.106062
 17.500000 1.384278 0.017337
 17.750000 1.085534 -0.364610
 18.000000 0.744460 -0.859414
 18.250000 0.775339 -0.815860
 18.500000 1.003583 -0.428382
 18.750000 1.433403 -0.081137
 19.000000 1.440907 -0.223916
 19.250000 0.927358 -0.483834
 19.500000 0.665281 -0.447892
 19.750000 0.581466 -0.366888
 20.000000 0.819154 -0.316337
 20.250000 1.170696 -0.385519
 20.500000 1.579843 -0.475624
 20.750000 1.685656 -0.439338
 21.000000 1.353319 -0.506594
 21.250000 1.093467 -0.485827
 21.500000 0.913351 -0.523069
 21.750000 1.057351 -0.670472
 22.000000 1.246526 -0.660188
 22.250000 1.462603 -0.457594
 22.500000 1.452938 -0.449710
 22.750000 1.229420 -0.540557
 23.000000 1.320884 -0.646582
 23.250000 1.356230 -0.688701
 23.500000 1.208256 -0.516646
 23.750000 0.988443 -0.459600
 24.000000 1.163491 -0.508968
 24.250000 1.494483 -0.658915
 24.500000 1.580369 -0.635955
 24.750000 1.252215 -0.476134
 25.000000 0.980384 -0.413933
 25.250000 1.064580 -0.234710
 25.500000 1.333983 -0.270119
 25.750000 1.261972 -0.444839
 26.000000 1.189867 -0.485552
 26.250000 1.251442 -0.503322
 26.500000 1.208062 -0.323898
 26.750000 1.261070 -0.434718
 27.000000 1.366453 -0.739101
 27.250000 1.417276 -0.736968
 27.500000 1.366378 -0.264911
 27.750000 1.162472 -0.048911
 28.000000 0.883486 -0.104131
 28.250000 1.126857 -0.292169
 28.500000 1.333748 -0.731923
 28.750000 1.425875 -0.892918
 29.000000 1.174357 -0.284983
 29.250000 0.810444 0.104086
 29.500000 0.442498 0.177602
 29.750000 0.436949 0.133414
 30.000000 0.722443 0.098385
 30.250000 1.135837 -0.110802
 30.500000 1.358038 -0.527382
 30.750000 1.357070 -0.902158
 31.000000 1.225844 -0.634959
 31.250000 1.234107 -0.244797
 31.500000 1.138846 -0.076657
 31.750000 0.662741 -0.131160
 32.000000 0.273534 -0.309513
 32.250000 0.384209 -0.346376
 32.500000 0.830555 -0.212690
 32.750000 1.405317 -0.035997
 33.000000 1.602268 -0.349456
 33.250000 1.285993 -0.641000
 33.500000 0.977243 -0.651473
 33.750000 0.858438 -0.533786
 34.000000 0.983935 -0.716479
 34.250000 1.273726 -0.662428
 34.500000 1.539169 -0.536143
 34.750000 1.688885 -0.470042
 35.000000 1.535359 -0.436512
 35.250000 1.498242 -0.577390
 35.500000 1.350739 -0.795653
 35.750000 1.069297 -0.505939
 36.000000 1.106298 -0.188377
 36.250000 1.294174 -0.067113
 36.500000 1.067326 -0.439735
 36.750000 1.102957 -0.628161
 37.000000 1.139062 -0.690375
 37.250000 1.125873 -0.677392
 37.500000 1.122613 -0.649201
 37.750000 1.220888 -0.295420
 38.000000 1.259714 0.067460
 38.250000 0.862373 -0.104450
 38.500000 0.550921 -0.348056
 38.750000 0.435430 -0.449996
 39.000000 0.657377 -0.252178
 39.250000 0.999872 0.146470
 39.500000 1.358822 0.082149
 39.750000 1.170011 -0.313681
 40.000000 1.063207 -0.917239
 40.250000 1.075026 -1.016020
 40.500000 1.442528 -0.609018
 40.750000 1.827808 -0.292775
 41.000000 1.541394 -0.618554
 41.250000 1.137747 -0.786694
 41.500000 0.883911 -0.555623
 41.750000 0.846031 -0.567019
 42.000000 1.222403 -0.534123
 42.250000 1.692250 -0.488073
 42.500000 1.715445 -0.656555
 42.750000 1.121080 -0.666772
 43.000000 0.719197 -0.685661
 43.250000 0.556526 -0.526029
 43.500000 0.645412 -0.219723
 43.750000 0.768535 0.067232
 44.000000 0.915927 0.037123
 44.250000 1.155754 -0.288879
 44.500000 1.327258 -0.747848
 44.750000 1.531490 -0.803945
 45.000000 1.381658 -0.573797
 45.250000 1.119045 -0.217135
 45.500000 1.061563 -0.024671
 45.750000 1.072485 -0.010281
 46.000000 1.064914 -0.206126
 46.250000 1.131398 -0.281129
 46.500000 1.240402 -0.280184
 46.750000 1.153856 -0.408694
 47.000000 1.260605 -0.432198
 47.250000 1.139803 -0.328607
 47.500000 1.097532 -0.235448
 47.750000 1.137901 -0.043280
 48.000000 1.078330 -0.003303
 48.250000 0.950506 -0.011670
 48.500000 0.872898 -0.110635
 48.750000 0.957003 0.054887
 49.000000 0.964071 -0.101257
 49.250000 1.071105 -0.245333
 49.500000 1.343541 -0.299826
 49.750000 1.415011 -0.519524
 50.000000 1.200488 -0.795565
 50.250000 0.988908 -0.661019
 50.500000 0.701037 -0.454646
 50.750000 0.597288 -0.406506
 51.000000 0.502672 -0.547729
 51.250000 0.617759 -0.623430
 51.500000 0.866247 -0.457517
 51.750000 1.306071 -0.476389
 52.000000 1.397012 -0.417603
 52.250000 1.047155 -0.469359
 52.500000 0.790556 -0.629858
 52.750000 0.505687 -0.560511
 53.000000 0.385244 -0.457917
 53.250000 0.590643 -0.310024
 53.500000 0.881935 -0.109364
 53.750000 1.281356 0.178263
 54.000000 1.129352 0.105026
 54.250000 0.818260 -0.174043
 54.500000 0.489808 -0.451014
 54.750000 0.362001 -0.642051
 55.000000 0.554231 -0.576991
 55.250000 0.971398 -0.219583
 55.500000 1.401568 -0.012035
 55.750000 1.364917 -0.279939
 56.000000 0.955138 -0.697801
 56.250000 0.622673 -0.873439
 56.500000 0.570593 -0.711225
 56.750000 0.699243 -0.751020
 57.000000 1.036183 -0.784607
 57.250000 1.276688 -0.324059
 57.500000 1.245350 0.237103
 57.750000 0.981183 0.387635
 58.000000 0.613286 0.379256
 58.250000 0.217617 0.334743
 58.500000 -0.165768 0.600065
 58.750000 -0.446803 1.171534
 59.000000 -0.683146 1.184139
 59.250000 -0.705516 0.638952
 59.500000 -0.781494 0.228730
 59.750000 -0.759201 0.263396
 60.000000 -0.811075 0.685262
 60.250000 -0.895115 1.332204
 60.500000 -0.707925 1.203465
 60.750000 -0.388799 0.621212
 61.000000 -0.055326 0.423202
 61.250000 0.332076 0.585675
 61.500000 0.588964 0.769175
 61.750000 0.776394 0.718882
 62.000000 0.750500 0.484485
 62.250000 0.709635 0.146838
 62.500000 0.651208 0.215275
 62.750000 0.351721 0.703429
 63.000000 0.057503 1.211226
 63.250000 -0.012443 1.389463
 63.500000 -0.016443 1.110240
 63.750000 0.163045 0.707390
 64.000000 0.335698 0.546760
 64.250000 0.535578 0.527726
 64.500000 0.559716 0.519294
 64.750000 0.486293 0.364928
 65.000000 0.245471 0.227115
 65.250000 -0.015699 0.355044
 65.500000 -0.194255 0.642168
 65.750000 -0.280053 1.003672
 66.000000 -0.288640 1.403869
 66.250000 -0.393893 1.307274
 66.500000 -0.202562 0.838602
 66.750000 -0.279161 0.530300
 67.000000 -0.322207 0.642578
 67.250000 -0.275794 1.057009
 67.500000 -0.137205 1.229516
 67.750000 0.001247 0.857143
 68.000000 0.090121 0.225621
 68.250000 0.170020 -0.191133
 68.500000 0.426235 -0.412189
 68.750000 0.770520 -0.480213
 69.000000 1.048697 -0.415216
 69.250000 1.391582 -0.498091
 69.500000 1.171874 -0.358777
 69.750000 1.028610 -0.340528
 70.000000 1.265549 -0.405295
 70.250000 1.236941 -0.465807
 70.500000 0.942279 -0.609842
 70.750000 1.018026 -0.679322
 71.000000 1.339699 -0.630000
 71.250000 1.703742 -0.627004
 71.500000 1.514551 -0.523000
 71.750000 1.130886 -0.630086
 72.000000 0.936586 -0.505229
 72.250000 1.096625 -0.479046
 72.500000 1.365090 -0.483886
 72.750000 1.190659 -0.705252
 73.000000 0.874926 -0.661743
 73.250000 1.029264 -0.480342
 73.500000 1.453985 -0.239309
 73.750000 1.553417 -0.209664
 74.000000 1.601115 -0.466937
 74.250000 1.831054 -0.555172
 74.500000 1.523808 -0.368240
 74.750000 1.244926 -0.167191
 75.000000 0.943044 -0.050752
 75.250000 1.001326 -0.107844
 75.500000 1.251019 -0.119801
 75.750000 1.282094 -0.242604
 76.000000 1.145201 -0.249630
 76.250000 0.976434 -0.362759
 76.500000 0.795374 -0.707066
 76.750000 1.054650 -0.930121
 77.000000 1.409863 -0.768904
 77.250000 1.722496 -0.387455
 77.500000 1.504547 -0.248196
 77.750000 0.889630 -0.187620
 78.000000 0.530595 -0.040968
 78.250000 0.356123 0.000821
 78.500000 0.501591 0.049904
 78.750000 0.554544 -0.055778
 79.000000 0.508941 -0.330739
 79.250000 0.692694 -0.479146
 79.500000 1.079486 -0.509619
 79.750000 1.517797 -0.753632
 80.000000 1.665072 -0.815395
 80.250000 1.165952 -0.553750
 80.500000 0.602154 -0.283204
 80.750000 -0.008371 -0.082700
 81.000000 -0.608818 0.286586
 81.250000 -1.006911 1.038212
 81.500000 -0.969024 1.180702
 81.750000 -0.515793 0.756007
 82.000000 -0.128529 0.158001
 82.250000 0.063667 0.121612
 82.500000 0.414670 0.261490
 82.750000 0.760841 0.543853
 83.000000 0.748374 0.708488
 83.250000 0.077619 0.571083
 83.500000 -0.759734 0.659884
 83.750000 -1.264882 0.715873
 84.000000 -1.279622 0.795118
 84.250000 -0.797165 0.830430
 84.500000 -0.045109 0.924851
 84.750000 0.669315 0.862791
 85.000000 1.111271 0.510996
 85.250000 1.094877 -0.450092
 85.500000 1.206681 -1.108481
 85.750000 1.344256 -0.841622
 86.000000 1.352148 -0.136864
 86.250000 0.885591 0.430089
 86.500000 0.422963 0.785671
 86.750000 -0.049886 0.776775
 87.000000 -0.563316 0.559452
 87.250000 -1.038464 0.584714
 87.500000 -1.261578 0.752546
 87.750000 -1.168405 0.961106
 88.000000 -0.633637 0.952868
 88.250000 -0.032671 1.044424
 88.500000 0.449541 1.046264
 88.750000 0.599854 0.952647
 89.000000 0.525369 0.853714
 89.250000 0.323732 0.486077
 89.500000 -0.202447 0.342113
 89.750000 -0.680710 0.225052
 90.000000 -1.149374 0.221046
 90.250000 -1.305689 0.704131
 90.500000 -0.956965 1.078548
 90.750000 -0.561832 0.928405
 91.000000 -0.128571 0.648234
 91.250000 0.332318 0.456280
 91.500000 0.603397 0.647615
 91.750000 0.695827 0.820609
 92.000000 0.453515 0.446928
 92.250000 0.086474 0.089820
 92.500000 -0.286064 0.153762
 92.750000 -0.649520 0.707826
 93.000000 -0.727094 1.162652
 93.250000 -0.500154 1.011643
 93.500000 -0.396054 0.756061
 93.750000 -0.301027 0.481204
 94.000000 -0.014901 0.394891
 94.250000 0.278317 0.419347
 94.500000 0.541647 0.721182
 94.750000 0.807276 0.822485
 95.000000 0.792071 0.586309
 95.250000 0.576891 0.138380
 95.500000 0.523240 -0.257485
 95.750000 0.708909 -0.533504
 96.000000 0.688574 -0.600568
 96.250000 0.726534 -0.462896
 96.500000 0.701255 -0.385904
 96.750000 0.787464 -0.378843
 97.000000 0.960406 -0.693708
 97.250000 0.925385 -0.758280
 97.500000 0.789768 -0.665346
 97.750000 0.899114 -0.214112
 98.000000 1.206599 0.118792
 98.250000 1.311991 -0.092554
 98.500000 1.016953 -0.710161
 98.750000 0.725369 -0.824171
 99.000000 0.260041 -0.549200
 99.250000 0.159835 -0.064002
 99.500000 0.076646 0.485569
 99.750000 0.222804 0.993093
 100.000000 0.190374 1.345866
 100.250000 -0.075461 1.420267
 100.500000 -0.336061 0.943625
 100.750000 -0.655644 0.475844
 101.000000 -1.016605 0.171289
 101.250000 -1.010782 0.128428
 101.500000 -0.699722 0.595976
 101.750000 -0.313511 1.011810
 102.000000 0.198947 1.152584
 102.250000 0.383916 1.035651
 102.500000 0.058026 0.910831
 102.750000 -0.189903 0.465001
 103.000000 -0.147464 0.211648
 103.250000 0.130111 0.276699
 103.500000 0.315860 0.542284
 103.750000 0.605049 0.825566
 104.000000 0.812815 0.850193
 104.250000 0.609363 0.715929
 104.500000 0.163943 0.487423
 104.750000 -0.234538 0.512321
 105.000000 -0.258897 0.697751
 105.250000 -0.304122 1.048683
 105.500000 -0.252814 0.978251
 105.750000 -0.222783 0.830215
 106.000000 -0.379464 0.915624
 106.250000 -0.550835 0.967509
 106.500000 -0.613199 0.926579
 106.750000 -0.657541 0.902374
 107.000000 -0.636897 0.900646
 107.250000 -0.621409 0.907863
 107.500000 -0.513441 0.818082
 107.750000 -0.169388 0.880273
 108.000000 0.274178 1.084612
 108.250000 0.397972 0.938370
 108.500000 0.191791 0.753515
 108.750000 0.123009 0.459433
 109.000000 0.042851 0.298251
 109.250000 -0.261901 0.341308
 109.500000 -0.205203 0.703629
 109.750000 -0.064265 1.123140
 110.000000 0.078578 1.268398
 110.250000 0.137521 0.844594
 110.500000 0.351785 0.700934
 110.750000 0.356939 0.583309
 111.000000 0.608495 0.503264
 111.250000 0.874504 0.328185
 111.500000 0.879320 0.146250
 111.750000 0.802609 -0.120606
 112.000000 0.750243 -0.510418
 112.250000 0.732717 -0.454840
 112.500000 0.757508 -0.293314
 112.750000 0.541636 -0.258630
 113.000000 0.614847 0.032919
 113.250000 0.969059 0.016156
 113.500000 1.248533 -0.142643
 113.750000 1.226336 -0.465795
 114.000000 1.070606 -0.742556
 114.250000 0.964387 -0.681465
 114.500000 1.151074 -0.372264
 114.750000 1.322007 -0.194857
 115.000000 1.123116 -0.061822
 115.250000 0.842090 -0.240729
 115.500000 0.677117 -0.148349
 115.750000 0.406779 0.162287
 116.000000 0.470372 0.459928
 116.250000 0.765262 0.761060
 116.500000 0.872783 0.828785
 116.750000 0.498339 0.684658
 117.000000 0.194305 0.487777
 117.250000 0.038634 0.497908
 117.500000 0.014602 0.464078
 117.750000 0.038755 0.661494
 118.000000 0.103754 0.764575
 118.250000 -0.026983 0.676818
 118.500000 -0.259297 0.791864
 118.750000 -0.452241 1.225317
 119.000000 -0.629122 1.158361
 119.250000 -0.705201 0.599290
 119.500000 -0.573508 0.263939
 119.750000 -0.487388 0.252087
 120.000000 -0.245549 0.465441
 120.250000 0.225489 0.939991
 120.500000 0.641186 1.235639
 120.750000 0.394940 1.085938
 121.000000 0.008048 0.710546
 121.250000 -0.204871 0.235820
 121.500000 -0.130516 0.148762
 121.750000 0.217253 0.199595
 122.000000 0.400905 0.321862
 122.250000 0.597283 0.770388
 122.500000 0.625979 0.946744
 122.750000 0.553916 0.980746
 123.000000 0.139952 1.096970
 123.250000 -0.271332 0.893305
 123.500000 -0.503638 0.815250
 123.750000 -0.817847 0.783810
 124.000000 -1.120844 0.912853
 124.250000 -1.051447 0.724681
 124.500000 -0.939302 0.510566
 124.750000 -0.799777 0.491770
 125.000000 -0.635313 0.600371
 125.250000 -0.174500 0.644907
 125.500000 0.217436 0.793313
 125.750000 0.443639 1.032312
 126.000000 0.353626 1.187638
 126.250000 -0.009344 0.948296
 126.500000 -0.287655 0.889843
 126.750000 -0.329722 0.867742
 127.000000 -0.227181 0.993471
 127.250000 -0.238313 1.022228
 127.500000 -0.523854 0.974116
 127.750000 -0.814651 1.121627
 128.000000 -1.085265 0.794742
 128.250000 -1.114949 0.462135
 128.500000 -0.918164 0.543491
 128.750000 -0.704405 0.482653
 129.000000 -0.355209 0.210850
 129.250000 0.067260 0.303544
 129.500000 0.709157 0.748950
 129.750000 0.874747 0.817622
 130.000000 0.459975 0.584599
 130.250000 -0.067079 0.258706
 130.500000 -0.112018 0.140943
 130.750000 0.206385 0.129181
 131.000000 0.442116 -0.177715
 131.250000 0.645395 -0.541576
 131.500000 1.100324 -0.510261
 131.750000 1.645383 -0.615229
 132.000000 1.767514 -0.776260
 132.250000 1.516199 -0.614870
 132.500000 1.099115 -0.484560
 132.750000 0.730328 -0.457326
 133.000000 0.598233 -0.430977
 133.250000 0.652182 -0.280681
 133.500000 0.829605 -0.063529
 133.750000 0.981491 0.257495
 134.000000 1.019065 0.332844
 134.250000 1.061307 0.280952
 134.500000 0.847416 0.225326
 134.750000 0.694793 0.106813
 135.000000 0.620026 -0.307094
 135.250000 0.358577 -0.789011
 135.500000 0.267408 -1.146238
 135.750000 0.363199 -1.025874
 136.000000 0.717158 -0.568961
 136.250000 1.104686 -0.138680
 136.500000 1.427869 -0.097874
 136.750000 1.606916 -0.369712
 137.000000 1.618338 -0.585723
 137.250000 1.415645 -0.754027
 137.500000 1.403732 -0.818330
 137.750000 1.558562 -0.547121
 138.000000 1.621841 -0.383511
 138.250000 1.692818 -0.416406
 138.500000 1.566413 -0.648758
 138.750000 1.409392 -0.671378
 139.000000 1.193648 -0.684562
 139.250000 0.981981 -0.371924
 139.500000 0.943375 -0.186469
 139.750000 1.180172 -0.180909
 140.000000 1.309135 -0.466388
 140.250000 1.156097 -1.000303
 140.500000 0.941403 -0.945206
 140.750000 0.656094 -0.550539
 141.000000 0.644686 -0.252442
 141.250000 0.477333 -0.110982
 141.500000 0.511412 -0.026350
 141.750000 0.776997 -0.118752
 142.000000 1.053983 -0.338605
 142.250000 1.365921 -0.719392
 142.500000 1.452784 -0.616776
 142.750000 1.723335 -0.620666
 143.000000 1.573696 -0.290688
 143.250000 1.437052 -0.101972
 143.500000 1.146494 -0.260357
 143.750000 1.019740 -0.338960
 144.000000 1.208997 -0.268311
 144.250000 1.630781 -0.244146
 144.500000 1.643069 -0.477980
 144.750000 1.394371 -0.768811
 145.000000 1.302034 -0.960736
 145.250000 1.102932 -0.897437
 145.500000 0.951647 -0.244653
 145.750000 1.131044 0.289442
 146.000000 0.899085 0.235818
 146.250000 0.600957 0.002770
 146.500000 0.412205 -0.263111
 146.750000 0.545272 -0.379052
 147.000000 0.858079 -0.627144
 147.250000 1.520770 -0.737915
 147.500000 1.900002 -0.651602
 147.750000 1.551622 -0.317204
 148.000000 1.016488 -0.151709
 148.250000 0.667992 -0.128193
 148.500000 0.493784 0.009975
 148.750000 0.604891 -0.078145
 149.000000 0.814145 -0.136632
 149.250000 1.093066 0.087393
 149.500000 1.152200 0.006807
 149.750000 1.116613 0.098735
 150.000000 0.953228 0.118503
 150.250000 0.467470 -0.067934
 150.500000 -0.066307 -0.151108
 150.750000 -0.324039 -0.026132
 151.000000 -0.384406 0.162265
 151.250000 -0.626304 0.485703
 151.500000 -1.000382 0.588173
 151.750000 -1.343704 0.676172
 152.000000 -1.431773 0.546328
 152.250000 -1.342553 0.511682
 152.500000 -0.914789 0.499046
 152.750000 -0.421248 0.641920
 153.000000 0.000485 0.772043
 153.250000 0.287186 0.661724
 153.500000 0.338820 0.627357
 153.750000 0.260920 0.809029
 154.000000 0.251751 0.992843
 154.250000 0.425823 1.078630
 154.500000 0.230431 1.063025
 154.750000 -0.195030 0.757296
 155.000000 -0.527387 0.213400
 155.250000 -0.661041 0.035039
 155.500000 -0.778704 0.146464
 155.750000 -0.981304 0.579767
 156.000000 -1.209951 1.040386
 156.250000 -1.033556 0.845202
 156.500000 -0.928321 0.594371
 156.750000 -1.059098 0.559362
 157.000000 -1.218021 0.628291
 157.250000 -1.100020 0.563361
 157.500000 -1.154307 0.628882
 157.750000 -1.166011 0.549431
 158.000000 -1.088238 0.278028
 158.250000 -0.787621 0.219777
 158.500000 -0.395568 0.599069
 158.750000 -0.080744 1.216066
 159.000000 0.325051 0.997677
 159.250000 0.517290 0.608418
 159.500000 0.716299 0.190109
 159.750000 0.984269 -0.295027
 160.000000 1.282658 -0.735783
 160.250000 1.652140 -0.925020
 160.500000 1.551986 -0.722006
 160.750000 0.967409 -0.494108
 161.000000 0.540763 -0.385370
 161.250000 0.371624 -0.520250
 161.500000 0.342657 -0.508634
 161.750000 0.456837 -0.293320
 162.000000 0.575271 0.047906
 162.250000 0.419808 0.023136
 162.500000 0.259346 0.008255
 162.750000 0.169793 -0.051067
 163.000000 -0.122244 -0.162524
 163.250000 -0.066260 -0.270917
 163.500000 0.258339 -0.224604
 163.750000 0.674080 -0.089810
 164.000000 1.108221 -0.177030
 164.250000 1.312521 -0.250848
 164.500000 1.164955 -0.063416
 164.750000 0.921272 -0.077930
 165.000000 0.771565 -0.226910
 165.250000 0.628060 0.038420
 165.500000 0.349936 0.180250
 165.750000 0.054088 0.587111
 166.000000 -0.346585 1.054717
 166.250000 -0.535144 1.280487
 166.500000 -0.574385 1.045442
 166.750000 -0.847592 0.944525
 167.000000 -1.119076 0.870600
 167.250000 -1.057293 0.875252
 167.500000 -0.871067 0.837557
 167.750000 -0.583247 1.175607
 168.000000 -0.398141 1.051531
 168.250000 -0.265254 0.816203
 168.500000 -0.101389 0.820899
 168.750000 0.182672 0.604345
 169.000000 0.490699 0.327320
 169.250000 0.782059 0.357397
 169.500000 0.967702 0.384451
 169.750000 0.856793 0.372889
 170.000000 0.602600 0.347214
 170.250000 0.507355 0.428881
 170.500000 0.415535 0.574870
 170.750000 0.148480 0.554571
 171.000000 -0.082672 0.782135
 171.250000 -0.218078 0.922206
 171.500000 -0.561992 1.169822
 171.750000 -0.688198 1.108711
 172.000000 -0.735179 0.796293
 172.250000 -0.688578 0.898482
 172.500000 -0.653720 1.164332
 172.750000 -0.236654 1.234879
 173.000000 0.125484 0.689185
 173.250000 0.215779 0.270997
 173.500000 0.090873 0.346866
 173.750000 0.122849 0.763963
 174.000000 0.293740 1.163360
 174.250000 0.394605 1.241178
 174.500000 0.292223 0.979627
 174.750000 0.152580 0.585861
 175.000000 -0.269146 0.555485
 175.250000 -0.739387 0.935241
 175.500000 -1.097308 1.168468
 175.750000 -1.007705 0.735143
 176.000000 -0.969173 0.447170
 176.250000 -0.799578 0.313288
 176.500000 -0.427387 0.573346
 176.750000 -0.303214 1.221021
 177.000000 -0.275044 1.416494
 177.250000 -0.375461 1.212630
 177.500000 -0.674554 0.858554
 177.750000 -0.776049 0.654756
 178.000000 -0.553194 0.308016
 178.250000 -0.544717 0.524856
 178.500000 -0.431908 0.921635
 178.750000 -0.089736 1.119978
 179.000000 0.136172 0.950914
 179.250000 0.450824 0.844798
 179.500000 0.171987 0.627905
 179.750000 -0.002513 0.688584
 180.000000 -0.113479 1.037162
 180.250000 -0.540337 1.139450
 180.500000 -0.301699 1.069833
 180.750000 -0.283713 0.808444
 181.000000 -0.672129 0.669923
 181.250000 -0.774555 0.524358
 181.500000 -0.703322 0.343299
 181.750000 -0.648943 0.507368
 182.000000 -0.608588 0.573603
 182.250000 -0.417755 0.687903
 182.500000 -0.320519 0.944501
 182.750000 -0.392836 1.325042
 183.000000 -0.408464 1.119189
 183.250000 -0.443388 0.891776
 183.500000 -0.416816 0.598346
 183.750000 -0.427407 0.596901
 184.000000 -0.427567 0.965208
 184.250000 -0.389606 1.280935
 184.500000 -0.326777 1.074717
 184.750000 -0.320671 1.003021
 185.000000 -0.238393 0.964296
 185.250000 -0.190179 0.709268
 185.500000 0.077256 0.560487
 185.750000 0.484646 0.778353
 186.000000 0.783341 0.861708
 186.250000 0.837525 0.753324
 186.500000 0.467234 0.686683
 186.750000 0.060099 0.462726
 187.000000 -0.157245 0.545734
 187.250000 -0.072946 0.945825
 187.500000 0.078656 1.197285
 187.750000 0.288496 0.828604
 188.000000 0.614180 0.346117
 188.250000 1.156827 -0.050912
 188.500000 1.709012 -0.638812
 188.750000 1.795934 -0.895126
 189.000000 1.341936 -0.484275
 189.250000 0.853666 -0.097122
 189.500000 0.693717 0.005234
 189.750000 0.491946 -0.187759
 190.000000 0.116859 -0.215122
 190.250000 -0.240681 -0.309665
 190.500000 -0.472693 -0.049387
 190.750000 -0.475757 0.222574
 191.000000 -0.153101 0.441192
 191.250000 0.261389 0.828323
 191.500000 0.482842 1.322954
 191.750000 0.255248 1.490128
 192.000000 -0.083567 1.402177
 192.250000 -0.293647 1.238508
 192.500000 -0.517928 0.997423
 192.750000 -0.868071 0.939514
 193.000000 -1.221241 0.837196
 193.250000 -1.496585 0.888697
 193.500000 -1.378858 0.747217
 193.750000 -0.985255 0.416716
 194.000000 -0.484553 0.033910
 194.250000 0.154404 -0.167778
 194.500000 0.902350 -0.060285
 194.750000 1.540289 -0.039106
 195.000000 1.709387 -0.590946
 195.250000 1.336807 -0.825546
 195.500000 0.936733 -0.622967
 195.750000 0.807212 -0.353958
 196.000000 0.766320 -0.604029
 196.250000 1.012865 -0.452845
 196.500000 1.388187 -0.209291
 196.750000 1.386177 -0.135938
 197.000000 1.035539 -0.372529
 197.250000 0.730084 -0.500938
 197.500000 0.514225 -0.906310
 197.750000 0.606326 -1.152058
 198.000000 0.926013 -0.721887
 198.250000 1.332632 -0.140021
 198.500000 1.299376 0.228885
 198.750000 0.990285 0.034877
 199.000000 0.937391 -0.287844
 199.250000 1.004550 -0.741022
 199.500000 0.907494 -0.884100
 199.750000 0.761646 -0.759641
 200.000000 0.695467 -0.837701
 200.250000 0.832732 -0.772350
 200.500000 1.222543 -0.567589
 200.750000 1.107751 -0.583624
 201.000000 0.964218 -0.654506
 201.250000 0.941735 -0.508353
 201.500000 1.014419 -0.556335
 201.750000 0.810324 -0.458222
 202.000000 0.741212 -0.516896
 202.250000 0.852820 -0.626327
 202.500000 1.169649 -0.543836
 202.750000 1.241237 -0.213958
 203.000000 1.130126 0.049073
 203.250000 0.928409 -0.026845
 203.500000 0.937599 -0.130219
 203.750000 0.947748 -0.001813
 204.000000 1.218999 0.015762
 204.250000 1.301502 -0.144713
 204.500000 1.316128 -0.184652
 204.750000 1.082145 -0.296397
 205.000000 1.035533 -0.408007
 205.250000 1.252754 -0.544435
 205.500000 1.233876 -0.714527
 205.750000 0.929905 -0.849040
 206.000000 0.707232 -0.991435
 206.250000 0.978262 -0.830036
 206.500000 1.253101 -0.235427
 206.750000 1.481350 -0.011489
 207.000000 1.472754 -0.303158
 207.250000 1.535650 -0.558203
 207.500000 1.431437 -0.744540
 207.750000 1.100281 -0.876784
 208.000000 0.822378 -0.634383
 208.250000 0.902872 -0.323780
 208.500000 1.237409 -0.241833
 208.750000 1.483273 -0.088354
 209.000000 1.249611 -0.131491
 209.250000 0.869228 -0.279980
 209.500000 1.130016 -0.055638
 209.750000 1.306235 0.055220
 210.000000 1.058970 -0.112641
 210.250000 0.965251 -0.673414
 210.500000 0.900101 -1.052749
 210.750000 0.677587 -0.704646
 211.000000 0.640816 -0.337351
 211.250000 0.475890 -0.058589
 211.500000 0.508408 0.193338
 211.750000 0.550105 -0.132461
 212.000000 0.538496 -0.500993
 212.250000 0.383958 -0.709497
 212.500000 0.322755 -0.624277
 212.750000 0.479134 -0.358220
 213.000000 0.562372 0.024779
 213.250000 0.492222 0.150468
 213.500000 0.531410 -0.139405
 213.750000 0.786971 -0.393681
 214.000000 1.125888 -0.819231
 214.250000 1.701581 -0.859017
 214.500000 1.951343 -0.648281
 214.750000 1.486158 -0.342480
 215.000000 0.888600 -0.144226
 215.250000 0.473483 0.087973
 215.500000 0.373597 -0.004792
 215.750000 0.614413 -0.221385
 216.000000 0.526921 -0.079890
 216.250000 0.500836 0.123114
 216.500000 0.560187 -0.098234
 216.750000 0.590354 -0.119857
 217.000000 0.516294 -0.029778
 217.250000 0.516913 0.038624
 217.500000 0.506418 0.180123
 217.750000 0.754291 -0.171606
 218.000000 0.695222 -0.085345
 218.250000 0.586906 -0.032075
 218.500000 0.670853 -0.162017
 218.750000 0.399967 -0.015267
 219.000000 0.474359 -0.310144
 219.250000 0.652775 -0.622094
 219.500000 0.686976 -0.467278
 219.750000 0.679478 -0.209092
 220.000000 0.489038 0.119067
 220.250000 0.338133 -0.071331
 220.500000 0.452251 -0.405820
 220.750000 0.667336 -0.501228
 221.000000 1.131140 -0.578911
 221.250000 1.348547 -0.775979
 221.500000 1.244165 -0.680260
 221.750000 0.722398 -0.596534
 222.000000 0.427536 -0.334322
 222.250000 0.482926 0.046835
 222.500000 0.820134 -0.203107
 222.750000 1.402668 -0.350848
 223.000000 1.674107 -0.203048
 223.250000 1.509218 -0.231703
 223.500000 1.234912 -0.178806
 223.750000 1.170098 -0.270187
 224.000000 1.332823 -0.414016
 224.250000 1.207122 -0.289970
 224.500000 1.039958 -0.085448
 224.750000 1.135242 -0.030819
 225.000000 1.373661 -0.242506
 225.250000 1.352402 -0.387114
 225.500000 1.057431 -0.211996
 225.750000 0.894970 0.016006
 226.000000 0.813085 0.215063
 226.250000 0.745922 0.370224
 226.500000 0.526135 0.580923
 226.750000 0.197606 0.875495
 227.000000 0.105241 1.035063
 227.250000 0.202045 1.007774
 227.500000 0.266014 0.841692
 227.750000 0.038370 0.697003
 228.000000 0.051328 0.660265
 228.250000 0.137772 0.868579
 228.500000 0.178085 0.763493
 228.750000 0.160986 0.596651
 229.000000 0.085899 0.724647
 229.250000 -0.081439 0.609610
 229.500000 -0.108930 0.760021
 229.750000 0.090966 0.771361
 230.000000 0.165727 0.643336
 230.250000 0.308700 0.614922
 230.500000 0.321120 0.620094
 230.750000 0.233484 0.416861
 231.000000 0.213311 0.432490
 231.250000 0.446094 0.680625
 231.500000 0.504347 0.783362
 231.750000 0.202229 0.446846
 232.000000 -0.002656 0.326427
 232.250000 0.106043 0.191100
 232.500000 0.046674 0.204305
 232.750000 -0.151908 0.292954
 233.000000 -0.251018 0.299615
 233.250000 -0.151394 0.242576
 233.500000 -0.052357 0.326567
 233.750000 -0.116944 0.642365
 234.000000 0.014924 1.168536
 234.250000 0.360602 1.328281
 234.500000 0.614447 1.001445
 234.750000 0.598372 0.568933
 235.000000 0.798234 0.202810
 235.250000 0.884128 -0.005794
 235.500000 0.758252 -0.013368
 235.750000 0.536312 -0.077609
 236.000000 0.538220 -0.324386
 236.250000 0.601713 -0.500176
 236.500000 1.002349 -0.411094
 236.750000 1.493808 -0.301353
 237.000000 1.734967 -0.394300
 237.250000 1.479222 -0.607877
 237.500000 1.426731 -0.927477
 237.750000 1.614498 -0.834696
 238.000000 1.522715 -0.485760
 238.250000 1.672731 -0.413041
 238.500000 1.600540 -0.400824
 238.750000 1.417871 -0.632875
 239.000000 1.524055 -0.723045
 239.250000 1.843753 -0.362953
 239.500000 1.459201 -0.200653
 239.750000 1.007756 -0.179931
 240.000000 1.079450 -0.326962
 240.250000 1.620115 -0.532482
 240.500000 1.909456 -0.470721
 240.750000 1.321406 -0.295820
 241.000000 0.810661 -0.138689
 241.250000 0.412697 0.046276
 241.500000 0.169078 0.022430
 241.750000 0.073086 -0.006570
 242.000000 -0.122662 0.095079
 242.250000 -0.101091 0.182144
 242.500000 -0.069063 0.387375
 242.750000 -0.008983 0.845644
 243.000000 0.207591 1.057681
 243.250000 0.515940 1.140683
 243.500000 0.237327 1.017884
 243.750000 0.069186 1.004972
 244.000000 0.196270 1.066158
 244.250000 0.248871 0.967369
 244.500000 0.083480 1.103512
 244.750000 0.195720 1.010342
 245.000000 0.412795 1.008119
 245.250000 0.464493 1.129399
 245.500000 0.271352 1.259142
 245.750000 0.157691 0.939388
 246.000000 0.097145 0.545903
 246.250000 0.050342 0.311063
 246.500000 -0.090858 0.224543
 246.750000 -0.202485 0.226679
 247.000000 0.320550 0.434988
 247.250000 0.963818 0.640420
 247.500000 1.141428 0.585331
 247.750000 0.536020 0.275634
 248.000000 0.049568 0.371371
 248.250000 -0.068332 0.847209
 248.500000 -0.301055 1.207936
 248.750000 -0.473739 1.334527
 249.000000 -0.288404 0.887534
 249.250000 -0.146157 0.508941
 249.500000 -0.003861 0.579713
 249.750000 0.209832 1.175099
 250.000000 0.478053 1.418433
 250.250000 0.404302 0.971670
 250.500000 0.025018 0.226591
 250.750000 0.023595 -0.447233
 251.000000 0.282915 -0.980373
 251.250000 0.901166 -1.019977
 251.500000 1.737342 -0.577652
 251.750000 1.725540 -0.218061
 252.000000 1.325858 -0.224304
 252.250000 1.170967 -0.062572
 252.500000 1.315052 -0.084463
 252.750000 1.326741 -0.233495
 253.000000 0.982391 -0.529973
 253.250000 0.902933 -0.915771
 253.500000 1.176545 -0.916881
 253.750000 1.128545 -0.741388
 254.000000 0.847279 -0.453217
 254.250000 0.646481 -0.515572
 254.500000 0.762069 -0.466794
 254.750000 1.028829 -0.585094
 255.000000 1.012284 -0.830668
 255.250000 0.785943 -0.807568
 255.500000 0.842552 -0.622501
 255.750000 1.050629 -0.203840
 256.000000 1.304471 0.207233
 256.250000 1.105729 0.091238
 256.500000 0.852591 -0.260724
 256.750000 0.939993 -0.801977
 257.000000 1.278459 -1.069839
 257.250000 1.063308 -0.819670
 257.500000 0.698995 -0.340436
 257.750000 0.227005 -0.215689
 258.000000 -0.148655 0.042933
 258.250000 -0.361463 0.443032
 258.500000 -0.669222 0.909375
 258.750000 -0.977895 1.149701
 259.000000 -1.021848 0.757987
 259.250000 -1.208805 0.347209
 259.500000 -1.345089 0.512617
 259.750000 -1.336992 0.717061
 260.000000 -1.249030 1.005869
 260.250000 -0.881266 0.866610
 260.500000 -0.679402 1.100428
 260.750000 -0.452362 1.164225
 261.000000 -0.135387 1.062092
 261.250000 0.051551 0.804061
 261.500000 0.232018 0.436879
 261.750000 0.223205 0.093136
 262.000000 0.091464 -0.138488
 262.250000 0.232191 -0.056058
 262.500000 0.489445 -0.316609
 262.750000 0.796754 -0.666837
 263.000000 1.166070 -0.746172
 263.250000 1.281156 -0.596628
 263.500000 1.361993 -0.675584
 263.750000 1.202411 -0.605873
 264.000000 1.073000 -0.606101
 264.250000 0.862647 -0.649769
 264.500000 1.145376 -0.406893
 264.750000 1.630205 -0.127782
 265.000000 1.555419 -0.085344
 265.250000 0.735283 -0.540595
 265.500000 -0.010837 -0.991978
 265.750000 -0.128301 -0.866782
 266.000000 0.036276 -0.303274
 266.250000 0.563826 0.114248
 266.500000 1.100697 0.000004
 266.750000 1.422358 -0.345198
 267.000000 1.537065 -0.808349
 267.250000 1.590392 -0.866532
 267.500000 1.585427 -0.433822
 267.750000 1.348829 -0.181154
 268.000000 1.003175 -0.068555
 268.250000 0.994373 0.244683
 268.500000 0.851650 0.545836
 268.750000 0.486783 0.419366
 269.000000 0.049029 0.395887
 269.250000 -0.295935 0.575561
 269.500000 -0.649707 0.942347
 269.750000 -0.990602 1.016796
 270.000000 -1.035763 0.856111
 270.250000 -1.106428 0.920395
 270.500000 -1.074290 0.928914
 270.750000 -0.969016 1.048768
 271.000000 -0.729591 1.097319
 271.250000 -0.796596 0.876893
 271.500000 -0.914398 1.013389
 271.750000 -0.840885 1.096859
 272.000000 -0.770429 0.799236
 272.250000 -0.480253 0.663798
 272.500000 -0.348953 0.741486
 272.750000 -0.679590 0.760863
 273.000000 -0.923135 0.622758
 273.250000 -1.120758 0.599531
 273.500000 -1.138773 0.662756
 273.750000 -0.835606 0.787358
 274.000000 -0.205523 0.595207
 274.250000 0.418658 0.437017
 274.500000 0.675654 0.487903
 274.750000 0.812685 0.377137
 275.000000 1.028848 -0.039445
 275.250000 1.279190 -0.546238
 275.500000 1.289800 -0.848366
 275.750000 0.956501 -0.590198
 276.000000 0.851822 -0.406975
 276.250000 1.091673 -0.877739
 276.500000 1.202040 -1.063750
 276.750000 1.077652 -0.650866
 277.000000 0.942402 -0.279228
 277.250000 1.110518 -0.100517
 277.500000 1.544442 -0.001803
 277.750000 1.565413 -0.077429
 278.000000 1.368546 -0.507350
 278.250000 0.941270 -0.769872
 278.500000 0.760398 -0.762685
 278.750000 1.131002 -0.729302
 279.000000 1.457279 -0.508333
 279.250000 1.680535 -0.339907
 279.500000 1.651932 -0.402070
 279.750000 1.433496 -0.557361
 280.000000 1.548895 -0.865797
 280.250000 1.687183 -0.898627
 280.500000 1.543512 -0.777421
 280.750000 1.059954 -0.297548
 281.000000 0.753546 0.172321
 281.250000 0.646466 0.121399
 281.500000 0.623622 -0.174364
 281.750000 0.466914 0.020163
 282.000000 0.486920 -0.175911
 282.250000 0.484125 -0.068271
 282.500000 0.489987 -0.124662
 282.750000 0.658830 -0.157448
 283.000000 0.862266 0.286329
 283.250000 0.869359 0.522485
 283.500000 0.859367 0.294870
 283.750000 0.918733 0.132462
 284.000000 0.768509 -0.057872
 284.250000 0.637975 -0.027955
 284.500000 0.704335 -0.063393
 284.750000 0.766946 0.077043
 285.000000 0.604538 0.132184
 285.250000 0.809051 -0.189938
 285.500000 0.979756 0.043001
 285.750000 1.115136 0.177347
 286.000000 1.238517 -0.054346
 286.250000 1.213000 -0.368404
 286.500000 1.214549 -0.671345
 286.750000 1.251751 -1.027571
 287.000000 1.044534 -0.945710
 287.250000 0.884861 -0.584313
 287.500000 1.001163 -0.576083
 287.750000 0.859562 -0.818965
 288.000000 0.917600 -0.861084
 288.250000 0.965341 -0.638248
 288.500000 0.826110 -0.419767
 288.750000 0.730141 -0.589469
 289.000000 0.754506 -0.439294
 289.250000 1.051400 -0.568753
 289.500000 1.300860 -0.759116
 289.750000 1.321788 -0.653625
 290.000000 1.231846 -0.533656
 290.250000 1.151218 -0.471469
 290.500000 1.234691 -0.084014
 290.750000 1.176964 0.243755
 291.000000 0.893545 0.127444
 291.250000 0.660304 -0.145963
 291.500000 0.332212 0.005202
 291.750000 0.160705 0.148461
 292.000000 -0.054957 -0.040767
 292.250000 -0.228891 -0.185586
 292.500000 -0.247948 0.036950
 292.750000 -0.251752 0.507406
 293.000000 0.032611 0.850238
 293.250000 0.350982 1.161944
 293.500000 0.369788 1.184376
 293.750000 0.153898 0.860018
 294.000000 -0.165859 0.620174
 294.250000 0.030198 0.722042
 294.500000 0.275080 0.891026
 294.750000 0.478908 0.999911
 295.000000 0.469847 1.113021
 295.250000 0.117197 1.099887
 295.500000 -0.092205 1.136773
 295.750000 -0.091171 1.029187
 296.000000 -0.216978 0.851081
 296.250000 0.049594 0.688451
 296.500000 0.374131 0.767988
 296.750000 0.582025 0.625736
 297.000000 0.666012 0.323175
 297.250000 0.884569 0.487541
 297.500000 0.892491 0.491239
 297.750000 0.817835 0.161208
 298.000000 0.731760 -0.181240
 298.250000 0.264664 0.023374
 298.500000 -0.263095 0.409413
 298.750000 -0.788489 0.675341
 299.000000 -1.290657 0.854061
 299.250000 -1.460982 0.817201
 299.500000 -1.200791 0.754493
 299.750000 -0.854346 0.637462
 300.000000 -0.657845 0.340317
 300.250000 -0.429871 0.533833
 300.500000 -0.628109 0.691565
 300.750000 -1.004312 0.647209
 301.000000 -1.230267 0.498788
 301.250000 -1.386775 0.525681
 301.500000 -1.383475 0.753364
 301.750000 -1.234426 0.874025
 302.000000 -0.860405 1.007960
 302.250000 -0.707518 1.118552
 302.500000 -1.028369 0.905209
 302.750000 -1.547087 0.798922
 303.000000 -1.515320 0.624152
 303.250000 -0.985861 0.397900
 303.500000 -0.561663 0.225197
 303.750000 -0.363596 0.291558
 304.000000 -0.028112 0.505567
 304.250000 0.413404 0.719466
 304.500000 0.761889 0.668913
 304.750000 0.576297 0.642589
 305.000000 0.013197 0.745769
 305.250000 -0.560370 0.855003
 305.500000 -1.021717 0.969888
 305.750000 -1.026818 1.177914
 306.000000 -0.713029 0.974496
 306.250000 -0.687401 0.703089
 306.500000 -0.894550 0.235937
 306.750000 -1.124991 0.323070
 307.000000 -1.192138 0.932587
 307.250000 -1.275613 1.131527
 307.500000 -0.916456 0.712224
 307.750000 -0.454632 0.132121
 308.000000 0.062264 -0.202392
 308.250000 0.452528 -0.210049
 308.500000 0.995441 0.096361
 308.750000 1.301280 0.538481
 309.000000 1.180829 0.218133
 309.250000 1.143349 -0.355452
 309.500000 1.398955 -0.817867
 309.750000 1.547605 -0.960690
 310.000000 1.449488 -0.665747
 310.250000 1.258606 -0.158072
 310.500000 1.192603 0.197708
 310.750000 1.133775 0.366962
 311.000000 0.718409 0.333903
 311.250000 0.319423 0.509373
 311.500000 -0.014095 0.617007
 311.750000 -0.398917 0.873240
 312.000000 -0.574983 1.355897
 312.250000 -0.288089 1.297421
 312.500000 -0.127343 0.651841
 312.750000 -0.072838 0.176180
 313.000000 -0.129459 -0.266422
 313.250000 0.006390 -0.434579
 313.500000 0.303442 -0.444682
 313.750000 0.719610 -0.509874
 314.000000 1.083521 -0.481839
 314.250000 1.277049 -0.340869
 314.500000 1.167548 -0.021657
 314.750000 1.101476 0.159070
 315.000000 1.096717 0.110285
 315.250000 1.288627 -0.133301
 315.500000 1.162812 -0.319249
 315.750000 1.292824 -0.137957
 316.000000 1.221398 -0.163770
 316.250000 1.186948 -0.400114
 316.500000 1.299695 -0.199963
 316.750000 1.061339 -0.176116
 317.000000 0.870303 -0.535368
 317.250000 0.579889 -0.566741
 317.500000 0.279012 -0.425675
 317.750000 0.358841 -0.148611
 318.000000 0.422315 0.027893
 318.250000 0.400486 -0.170069
 318.500000 0.460876 -0.415059
 318.750000 0.553873 -0.509547
 319.000000 0.918499 -0.506513
 319.250000 1.306183 -0.862172
 319.500000 1.257279 -0.896084
 319.750000 0.997403 -0.795947
 320.000000 0.823553 -0.434002
 320.250000 0.577130 -0.496998
 320.500000 0.338138 -0.899255
 320.750000 0.302631 -0.831299
 321.000000 0.402773 -0.808737
 321.250000 0.736854 -0.528031
 321.500000 1.187855 -0.274664
 321.750000 1.539586 -0.228849
 322.000000 1.777820 -0.420427
 322.250000 1.699760 -0.679646
 322.500000 1.341429 -0.627192
 322.750000 0.807682 -0.627730
 323.000000 0.496873 -0.450663
 323.250000 0.487188 -0.540562
 323.500000 0.654347 -0.542721
 323.750000 0.928212 -0.564530
 324.000000 1.138915 -0.718658
 324.250000 1.109507 -0.754141
 324.500000 1.007515 -0.622414
 324.750000 0.565710 -0.441492
 325.000000 0.350062 -0.429148
 325.250000 0.598681 -0.560576
 325.500000 1.117986 -0.543967
 325.750000 1.268888 -0.777719
 326.000000 1.041056 -0.969360
 326.250000 0.735370 -0.841382
 326.500000 0.568055 -0.626778
 326.750000 0.656654 -0.413421
 327.000000 0.735890 -0.618656
 327.250000 0.469848 -0.772000
 327.500000 0.285833 -0.844872
 327.750000 0.170729 -0.660809
 328.000000 -0.005368 -0.320066
 328.250000 -0.264804 -0.019467
 328.500000 -0.402384 0.337585
 328.750000 -0.501493 0.772827
 329.000000 -0.775063 0.993325
 329.250000 -0.902889 1.148220
 329.500000 -0.872599 0.958913
 329.750000 -0.790326 0.990281
 330.000000 -0.840720 1.308586
 330.250000 -0.979087 0.880627
 330.500000 -1.207536 0.531218
 330.750000 -1.342669 0.237374
 331.000000 -1.255327 0.558987
 331.250000 -0.930040 0.857371
 331.500000 -0.596460 1.242936
 331.750000 -0.159025 1.221465
 332.000000 0.106183 0.958848
 332.250000 0.331440 1.060638
 332.500000 0.025640 1.085716
 332.750000 -0.236387 0.644305
 333.000000 -0.686846 0.456682
 333.250000 -1.163114 0.456641
 333.500000 -1.442359 0.588947
 333.750000 -1.369078 0.803455
 334.000000 -1.203942 0.852876
 334.250000 -0.978487 0.924327
 334.500000 -0.678781 0.980051
 334.750000 -0.711503 0.801955
 335.000000 -0.655645 0.542270
 335.250000 -0.617823 0.194228
 335.500000 -0.815324 0.103049
 335.750000 -0.973481 0.480773
 336.000000 -1.034071 1.211537
 336.250000 -0.889447 1.023388
 336.500000 -0.532211 0.594779
 336.750000 -0.045173 0.425083
 337.000000 0.303251 0.566620
 337.250000 0.421286 0.726369
 337.500000 0.401961 0.722258
 337.750000 0.333414 0.447668
 338.000000 0.051498 0.178091
 338.250000 -0.328484 0.295208
 338.500000 -0.936391 0.572825
 338.750000 -1.639892 0.886490
 339.000000 -1.488648 0.879887
 339.250000 -0.880666 0.575807
 339.500000 -0.285446 0.271494
 339.750000 0.234454 0.126175
 340.000000 0.713568 -0.133935
 340.250000 1.045415 -0.081903
 340.500000 1.379435 -0.172152
 340.750000 1.516422 -0.453991
 341.000000 1.621511 -0.777622
 341.250000 1.539509 -0.923725
 341.500000 1.406724 -0.833506
 341.750000 1.112383 -0.714689
 342.000000 0.799738 -0.659565
 342.250000 0.571402 -0.369925
 342.500000 0.457414 -0.116706
 342.750000 0.327388 0.374504
 343.000000 0.259587 0.837300
 343.250000 0.182573 1.234684
 343.500000 0.352456 1.077489
 343.750000 0.027292 0.965119
 344.000000 -0.074832 0.809605
 344.250000 -0.041927 0.489448
 344.500000 0.107244 0.543013
 344.750000 0.485760 0.676851
 345.000000 0.799713 0.778853
 345.250000 0.812343 0.892147
 345.500000 0.458739 1.064687
 345.750000 -0.217061 1.224993
 346.000000 -0.747090 1.015026
 346.250000 -0.909147 1.033861
 346.500000 -0.819986 1.045414
 346.750000 -0.659419 0.986580
 347.000000 -0.679375 1.032785
 347.250000 -0.933541 0.932681
 347.500000 -0.829581 1.152973
 347.750000 -0.432456 1.053928
 348.000000 0.051983 1.135780
 348.250000 0.379257 0.987179
 348.500000 0.487966 0.764196
 348.750000 0.684039 0.538658
 349.000000 0.898300 0.089342
 349.250000 0.956045 -0.171702
 349.500000 1.338538 -0.376364
 349.750000 1.615637 -0.297947
 350.000000 1.674188 -0.407739
 350.250000 1.604462 -0.680448
 350.500000 1.557566 -0.622059
 350.750000 1.623144 -0.554706
 351.000000 1.503016 -0.515787
 351.250000 1.164137 -0.270885
 351.500000 0.998722 -0.153692
 351.750000 1.189588 -0.410966
 352.000000 1.508465 -0.272218
 352.250000 1.722963 -0.328728
 352.500000 1.625802 -0.271177
 352.750000 1.377210 -0.305995
 353.000000 1.151084 -0.308016
 353.250000 1.315853 -0.182817
 353.500000 1.156906 -0.222874
 353.750000 1.241607 -0.381277
 354.000000 1.304246 -0.120674
 354.250000 1.196568 -0.191494
 354.500000 1.338450 -0.336681
 354.750000 1.185140 -0.239544
 355.000000 0.994037 -0.359976
 355.250000 0.855935 -0.656722
 355.500000 1.013362 -0.954168
 355.750000 1.341630 -1.077294
 356.000000 1.290813 -0.588168
 356.250000 1.172205 -0.011812
 356.500000 1.048213 0.429135
 356.750000 0.395408 0.568493
 357.000000 -0.446166 0.575788
 357.250000 -1.033565 0.741254
 357.500000 -1.647520 0.649818
 357.750000 -1.480182 0.812130
 358.000000 -0.906127 1.063103
 358.250000 -0.239181 1.017870
 358.500000 0.360309 1.061463
 358.750000 0.720218 1.090277
 359.000000 0.569167 1.061512
 359.250000 0.171221 0.986107
 359.500000 -0.009052 0.871282
 359.750000 -0.149325 0.424357
 360.000000 -0.174446 0.130407
 360.250000 0.267394 0.157066
 360.500000 0.557186 -0.013926
 360.750000 0.736547 -0.124309
 361.000000 0.631141 0.028706
 361.250000 0.618102 -0.135851
 361.500000 0.639766 0.027870
 361.750000 1.142189 -0.006151
 362.000000 1.530270 -0.233682
 362.250000 1.560202 -0.670766
 362.500000 1.405308 -0.907384
 362.750000 1.074682 -1.153963
 363.000000 0.755020 -0.784568
 363.250000 0.862048 -0.482274
 363.500000 1.097511 -0.266956
 363.750000 1.409102 -0.187161
 364.000000 1.342562 -0.309128
 364.250000 1.147733 -0.293034
 364.500000 1.253777 -0.240830
 364.750000 1.164335 -0.306932
 365.000000 1.241769 -0.327996
 365.250000 1.039492 -0.164325
 365.500000 1.204215 -0.174920
 365.750000 1.405565 -0.305244
 366.000000 1.287083 -0.328694
 366.250000 1.197347 -0.014403
 366.500000 1.220298 0.070060
 366.750000 1.227748 -0.263039
 367.000000 1.380686 -0.546848
 367.250000 1.778619 -0.703925
 367.500000 1.631083 -0.925959
 367.750000 1.037252 -1.049181
 368.000000 0.551914 -0.732513
 368.250000 0.172716 -0.196023
 368.500000 0.004322 0.434057
 368.750000 0.095479 1.096372
 369.000000 0.474696 1.345325
 369.250000 0.207215 0.982788
 369.500000 -0.179157 0.621804
 369.750000 -0.249225 0.438922
 370.000000 -0.567169 0.368424
 370.250000 -0.922105 0.413683
 370.500000 -1.245126 0.554887
 370.750000 -1.123273 0.504247
 371.000000 -1.031836 0.566648
 371.250000 -1.111955 0.626911
 371.500000 -1.039222 0.620910
 371.750000 -0.958959 0.586515
 372.000000 -0.977705 0.572566
 372.250000 -1.029955 0.481433
 372.500000 -1.147656 0.430275
 372.750000 -1.321657 0.587930
 373.000000 -1.295055 0.659503
 373.250000 -0.908168 0.535447
 373.500000 -0.583457 0.527835
 373.750000 -0.330095 0.812087
 374.000000 -0.313313 1.200241
 374.250000 -0.388863 1.168267
 374.500000 -0.258567 1.065093
 374.750000 -0.260059 0.984011
 375.000000 -0.181214 1.104462
 375.250000 -0.459931 1.222563
 375.500000 -0.593319 1.081004
 375.750000 -0.680913 0.787160
 376.000000 -0.994614 0.451295
 376.250000 -1.057318 0.317818
 376.500000 -0.860222 0.399835
 376.750000 -0.808022 0.424913
 377.000000 -1.027341 0.583908
 377.250000 -1.150257 0.559468
 377.500000 -0.998657 0.757337
 377.750000 -1.195829 0.844986
 378.000000 -1.099521 0.910580
 378.250000 -0.974793 1.097559
 378.500000 -1.115919 0.974871
 378.750000 -1.212494 0.700760
 379.000000 -1.240815 0.427535
 379.250000 -1.335406 0.460571
 379.500000 -1.322621 0.723865
 379.750000 -1.303558 0.977815
 380.000000 -1.301225 0.723858
 380.250000 -1.502498 0.597062
 380.500000 -1.252420 0.412795
 380.750000 -1.100014 0.492543
 381.000000 -0.931910 0.703153
 381.250000 -0.780317 0.335253
 381.500000 -0.690999 0.514901
 381.750000 -0.727235 0.924561
 382.000000 -0.653018 1.177947
 382.250000 -0.409465 1.132664
 382.500000 0.104999 0.985599
 382.750000 0.575570 0.880170
 383.000000 0.706310 0.639915
 383.250000 0.657763 0.447131
 383.500000 0.707844 0.494083
 383.750000 0.606829 0.457238
 384.000000 0.591309 0.613024
 384.250000 0.601991 0.502693
 384.500000 0.979161 0.263901
 384.750000 1.539475 -0.075170
 385.000000 1.793532 -0.726191
 385.250000 1.645354 -1.056217
 385.500000 1.123019 -0.552736
 385.750000 0.685831 -0.090819
 386.000000 0.643168 0.240925
 386.250000 0.857301 0.660718
 386.500000 0.884644 0.996681
 386.750000 0.387392 0.992347
 387.000000 -0.145461 0.821573
 387.250000 -0.497089 0.535620
 387.500000 -0.648086 0.691548
 387.750000 -0.725499 1.036846
 388.000000 -1.133959 0.905944
 388.250000 -1.465925 0.586933
 388.500000 -1.359783 0.456878
 388.750000 -0.879508 0.531252
 389.000000 -0.725883 0.754285
 389.250000 -0.750035 1.144693
 389.500000 -0.393464 1.260697
 389.750000 0.001714 1.157649
 390.000000 0.119298 1.119033
 390.250000 0.521166 0.593378
 390.500000 1.095542 0.134142
 390.750000 1.713762 -0.155583
 391.000000 1.613229 -0.633684
 391.250000 1.417273 -0.774995
 391.500000 1.408176 -0.570888
 391.750000 1.485126 -0.371698
 392.000000 1.258020 -0.162406
 392.250000 0.849875 -0.299548
 392.500000 0.936111 -0.676352
 392.750000 1.034011 -0.896709
 393.000000 0.986480 -0.651535
 393.250000 0.830960 -0.451010
 393.500000 0.612710 -0.520656
 393.750000 0.593135 -0.527276
 394.000000 0.689569 -0.551071
 394.250000 0.944324 -0.470956
 394.500000 0.948076 -0.584808
 394.750000 0.838580 -0.869727
 395.000000 0.824863 -0.884481
 395.250000 0.979140 -0.656139
 395.500000 1.113581 -0.582053
 395.750000 1.155921 -1.002247
 396.000000 1.219802 -1.055653
 396.250000 0.981773 -0.755521
 396.500000 0.849378 -0.402107
 396.750000 0.990316 -0.579781
 397.000000 1.071344 -0.795658
 397.250000 1.186482 -0.735578
 397.500000 0.950228 -0.637767
 397.750000 0.568053 -0.436746
 398.000000 0.171028 -0.340047
 398.250000 -0.021408 -0.005588
 398.500000 -0.061811 0.313294
 398.750000 -0.169000 0.605388
 399.000000 -0.083170 0.972520
 399.250000 -0.025600 1.238165
 399.500000 -0.026074 1.393580
 399.750000 -0.016133 1.477672
 400.000000 -0.048477 1.317433
 400.250000 0.081582 1.419321
 400.500000 0.105575 1.389327
 400.750000 -0.079316 1.504297
 401.000000 -0.173720 1.429885
 401.250000 -0.285904 1.059843
 401.500000 -0.831921 0.772901
 401.750000 -1.433503 0.375381
 402.000000 -1.540027 0.500792
 402.250000 -0.884721 0.939479
 402.500000 -0.174364 1.265541
 402.750000 0.137007 1.511433
 403.000000 0.391246 1.425892
 403.250000 0.216971 1.102826
 403.500000 0.341435 0.849553
 403.750000 0.323140 0.722922
 404.000000 0.066174 0.556323
 404.250000 -0.153415 0.686281
 404.500000 -0.051350 0.945456
 404.750000 -0.175658 0.702582
 405.000000 -0.159789 0.623294
 405.250000 0.157395 0.907184
 405.500000 0.293892 1.163929
 405.750000 0.280276 1.387505
 406.000000 0.394907 1.196652
 406.250000 0.211219 1.065970
 406.500000 0.297799 1.096019
 406.750000 0.360354 1.207269
 407.000000 0.249292 1.020722
 407.250000 0.204331 0.692924
 407.500000 0.131320 0.551697
 407.750000 0.339172 0.336712
 408.000000 0.309616 0.435459
 408.250000 0.341086 0.746257
 408.500000 0.376681 1.024915
 408.750000 0.219872 1.468503
 409.000000 -0.007060 1.506425
 409.250000 -0.091676 0.872974
 409.500000 -0.027534 0.351147
 409.750000 0.058422 -0.014174
 410.000000 0.063930 -0.291109
 410.250000 0.030961 -0.635991
 410.500000 0.615921 -0.790513
 410.750000 1.447129 -0.583886
 411.000000 1.926782 -0.377326
 411.250000 1.547299 -0.300648
 411.500000 0.991503 -0.211988
 411.750000 0.823173 0.009312
 412.000000 0.825239 0.330667
 412.250000 0.651068 0.405183
 412.500000 0.545712 0.568666
 412.750000 0.473739 0.979013
 413.000000 0.353970 1.264011
 413.250000 0.211343 1.131484
 413.500000 0.486068 0.852045
 413.750000 0.716122 0.479799
 414.000000 1.138470 0.029674
 414.250000 1.668074 -0.542091
 414.500000 1.828036 -1.022026
 414.750000 1.468744 -0.570056
 415.000000 1.410277 -0.252540
 415.250000 1.083817 -0.066591
 415.500000 1.282410 0.019865
 415.750000 1.255656 0.125138
 416.000000 1.070126 0.130943
 416.250000 1.147647 0.084065
 416.500000 1.306164 0.059464
 416.750000 1.186021 0.015398
 417.000000 1.105769 0.088432
 417.250000 1.202637 0.051154
 417.500000 1.227548 -0.258007
 417.750000 1.025327 -0.606544
 418.000000 1.060649 -1.076863
 418.250000 1.184649 -0.985468
 418.500000 1.287240 -0.545459
 418.750000 1.131360 -0.100018
 419.000000 1.358881 0.208365
 419.250000 1.397341 0.160300
 419.500000 1.102033 -0.219851
 419.750000 0.815864 -0.733872
 420.000000 0.631369 -1.046365
 420.250000 0.857927 -0.700853
 420.500000 1.277779 0.019993
 420.750000 1.264682 0.412161
 421.000000 0.628068 0.244867
 421.250000 -0.163859 0.112232
 421.500000 -0.717468 0.020712
 421.750000 -1.022821 0.379370
 422.000000 -1.176892 0.855680
 422.250000 -1.214483 1.134823
 422.500000 -0.895877 0.991590
 422.750000 -0.586418 0.920079
 423.000000 -0.603036 0.799442
 423.250000 -0.797678 0.781940
 423.500000 -0.595605 0.775055
 423.750000 -0.171770 0.875765
 424.000000 0.235939 0.782576
 424.250000 0.553791 0.798471
 424.500000 0.692361 0.640786
 424.750000 0.749991 0.223314
 425.000000 1.136888 -0.214616
 425.250000 1.414713 -0.773191
 425.500000 1.481118 -1.122209
 425.750000 1.479944 -0.870814
 426.000000 1.578973 -0.387846
 426.250000 1.555951 -0.135410
 426.500000 1.647449 -0.253219
 426.750000 1.738844 -0.339604
 427.000000 1.597371 -0.596421
 427.250000 1.473586 -0.743121
 427.500000 1.801696 -0.433041
 427.750000 1.599443 -0.228313
 428.000000 1.269879 -0.095224
 428.250000 1.059889 0.206616
 428.500000 0.901712 0.405436
 428.750000 0.726760 0.363095
 429.000000 0.730684 0.393176
 429.250000 0.755557 0.346635
 429.500000 0.794984 0.381481
 429.750000 0.809492 0.283087
 430.000000 0.813724 0.422245
 430.250000 0.811298 0.205271
 430.500000 0.956097 -0.246334
 430.750000 1.464886 -0.513696
 431.000000 1.708506 -0.747609
 431.250000 1.406606 -0.572002
 431.500000 1.166515 -0.405042
 431.750000 1.143468 -0.339973
 432.000000 1.178292 -0.471365
 432.250000 1.081616 -0.767737
 432.500000 1.251317 -1.064859
 432.750000 1.107987 -0.890771
 433.000000 0.944119 -0.477172
 433.250000 0.959093 -0.367967
 433.500000 0.990276 -0.632000
 433.750000 1.229581 -0.796182
 434.000000 1.272102 -0.646137
 434.250000 0.907976 -0.515607
 434.500000 0.223791 -0.480327
 434.750000 -0.289621 -0.534253
 435.000000 -0.215049 -0.293285
 435.250000 0.102349 0.293291
 435.500000 0.608005 0.610810
 435.750000 0.796148 0.673728
 436.000000 0.537215 0.674631
 436.250000 0.468245 0.797300
 436.500000 0.149963 0.400276
 436.750000 0.070207 -0.180854
 437.000000 0.240258 -0.553250
 437.250000 0.474427 -0.833295
 437.500000 0.714893 -0.544086
 437.750000 0.815387 -0.237930
 438.000000 1.155291 -0.211643
 438.250000 1.277543 -0.208538
 438.500000 1.123342 0.039813
 438.750000 1.086673 0.265913
 439.000000 1.032557 0.335549
 439.250000 0.779758 0.268366
 439.500000 0.741128 0.286245
 439.750000 0.770244 0.389184
 440.000000 0.549068 0.450680
 440.250000 0.195913 0.365897
 440.500000 -0.107013 0.267791
 440.750000 -0.044217 -0.004667
 441.000000 0.368566 -0.123720
 441.250000 0.850543 0.006197
 441.500000 1.022734 0.432182
 441.750000 0.803678 0.374814
 442.000000 0.421568 0.241006
 442.250000 0.058086 0.424687
 442.500000 0.020073 0.628458
 442.750000 -0.161795 0.918963
 443.000000 -0.466403 1.095323
 443.250000 -0.475594 1.282610
 443.500000 -0.396087 1.219101
 443.750000 -0.392022 1.039258
 444.000000 -0.416827 1.208400
 444.250000 -0.482895 1.227133
 444.500000 -0.415983 1.094407
 444.750000 -0.399094 1.191049
 445.000000 -0.487228 1.122303
 445.250000 -0.190712 1.188645
 445.500000 -0.416570 1.008665
 445.750000 -0.408841 0.714548
 446.000000 -0.466594 0.640515
 446.250000 -0.420429 0.549139
 446.500000 -0.409355 0.675863
 446.750000 -0.700056 0.878096
 447.000000 -0.780832 1.126255
 447.250000 -0.656792 0.861491
 447.500000 -0.280404 0.338202
 447.750000 0.328141 0.171904
 448.000000 0.963164 -0.124379
 448.250000 1.441510 -0.352283
 448.500000 1.861676 -0.470043
 448.750000 1.744480 -0.581033
 449.000000 1.093999 -0.493689
 449.250000 0.334138 -0.503155
 449.500000 -0.178045 -0.539409
 449.750000 -0.251953 -0.573093
 450.000000 0.161702 -0.499842
 450.250000 0.410194 -0.144795
 450.500000 0.804860 0.071110
 450.750000 1.305679 -0.190148
 451.000000 1.847908 -0.263274
 451.250000 1.812893 -0.590814
 451.500000 1.425969 -0.671557
 451.750000 1.024657 -0.871485
 452.000000 0.830137 -1.023087
 452.250000 1.084589 -0.780437
 452.500000 1.301384 -0.530722
 452.750000 1.245522 -0.432006
 453.000000 1.024664 -0.449077
 453.250000 0.785956 -0.664461
 453.500000 0.373837 -0.698219
 453.750000 0.261898 -0.636814
 454.000000 0.228132 -0.685180
 454.250000 0.235473 -0.681680
 454.500000 0.208641 -0.720847
 454.750000 0.458954 -0.500635
 455.000000 0.933722 -0.492443
 455.250000 1.095003 -0.805661
 455.500000 1.286126 -0.980758
 455.750000 1.019164 -0.903179
 456.000000 0.816146 -0.873596
 456.250000 0.864420 -0.724561
 456.500000 0.977191 -0.802230
 456.750000 1.243105 -0.993705
 457.000000 0.991468 -0.865252
 457.250000 0.897392 -0.684310
 457.500000 1.092619 -0.764337
 457.750000 1.293287 -0.796729
 458.000000 1.080432 -0.641319
 458.250000 0.840233 -0.684186
 458.500000 0.790416 -1.072035
 458.750000 0.957470 -0.941111
 459.000000 1.018821 -0.702130
 459.250000 0.894243 -0.806967
 459.500000 0.845467 -0.954601
 459.750000 0.912479 -1.041888
 460.000000 0.856159 -0.827108
 460.250000 0.423869 -0.602081
 460.500000 -0.000098 -0.578377
 460.750000 -0.202595 -0.430194
 461.000000 -0.039811 -0.168612
 461.250000 0.157712 0.142443
 461.500000 0.146452 0.393070
 461.750000 0.194858 0.762098
 462.000000 0.320097 1.138086
 462.250000 0.303473 1.281663
 462.500000 0.291764 0.887062
 462.750000 -0.041732 0.366526
 463.000000 -0.264898 0.123188
 463.250000 -0.553863 0.151694
 463.500000 -0.881620 0.041185
 463.750000 -0.910442 0.247405
 464.000000 -0.798104 0.664057
 464.250000 -0.664801 1.122837
 464.500000 -0.514160 1.351741
 464.750000 -0.192611 1.099160
 465.000000 -0.177542 0.741590
 465.250000 -0.185026 0.799539
 465.500000 -0.121298 1.051169
 465.750000 -0.431623 1.006233
 466.000000 -0.537425 1.105579
 466.250000 -0.363286 1.148650
 466.500000 -0.290600 1.061626
 466.750000 -0.432827 0.957022
 467.000000 -0.417250 0.769821
 467.250000 -0.550611 0.687078
 467.500000 -0.406461 0.603171
 467.750000 0.052337 0.654428
 468.000000 0.848318 0.844736
 468.250000 0.990682 0.875949
 468.500000 0.331395 0.462983
 468.750000 -0.135017 -0.009447
 469.000000 -0.028095 -0.441788
 469.250000 0.184111 -0.807611
 469.500000 0.082632 -0.807825
 469.750000 -0.005410 -0.559766
 470.000000 0.086151 -0.467117
 470.250000 0.021542 -0.726452
 470.500000 0.028388 -0.841541
 470.750000 0.199042 -0.725227
 471.000000 0.365566 -0.658085
 471.250000 0.817587 -0.690898
 471.500000 1.339923 -0.752139
 471.750000 1.703642 -0.582411
 472.000000 1.879992 -0.343525
 472.250000 1.514882 -0.275718
 472.500000 1.156909 -0.532635
 472.750000 0.796603 -0.666909
 473.000000 0.459162 -0.688063
 473.250000 0.473315 -0.461361
 473.500000 0.923407 -0.504709
 473.750000 1.148318 -0.721005
 474.000000 1.273268 -0.783411
 474.250000 1.116745 -0.652039
 474.500000 0.886678 -0.696199
 474.750000 0.959294 -0.804654
 475.000000 1.129236 -0.767064
 475.250000 1.288922 -0.561595
 475.500000 1.246348 -0.728824
 475.750000 1.097445 -0.998492
 476.000000 0.853785 -0.945538
 476.250000 0.820496 -0.997032
 476.500000 1.038760 -1.031595
 476.750000 1.246901 -0.637739
 477.000000 1.373127 -0.435309
 477.250000 1.563374 -0.430062
 477.500000 1.665903 -0.615274
 477.750000 1.343288 -0.649325
 478.000000 0.920950 -0.721617
 478.250000 0.405202 -0.788062
 478.500000 0.300480 -0.571040
 478.750000 0.548875 -0.647662
 479.000000 0.904746 -0.832112
 479.250000 1.184940 -1.040094
 479.500000 1.166377 -0.930603
 479.750000 1.325677 -0.734660
 480.000000 1.648257 -0.570901
 480.250000 1.602103 -0.151389
 480.500000 1.355002 0.031783
 480.750000 0.911003 0.096381
 481.000000 0.629800 0.286452
 481.250000 0.645641 0.650159
 481.500000 0.642317 0.922990
 481.750000 0.411008 0.712376
 482.000000 0.137965 0.653933
 482.250000 0.220889 0.797281
 482.500000 0.357470 0.700715
 482.750000 0.267845 0.299344
 483.000000 0.124868 0.333121
 483.250000 0.450846 0.467266
 483.500000 0.776823 0.668151
 483.750000 0.568596 0.736916
 484.000000 0.173863 0.726686
 484.250000 -0.132947 0.861551
 484.500000 -0.394150 1.026596
 484.750000 -0.642761 1.258052
 485.000000 -0.447591 1.228656
 485.250000 -0.125799 0.789405
 485.500000 0.175175 0.852432
 485.750000 0.234117 1.116207
 486.000000 0.513780 1.241257
 486.250000 0.457865 1.203922
 486.500000 -0.073934 0.865300
 486.750000 -0.569822 0.614756
 487.000000 -0.834839 0.628235
 487.250000 -0.974315 0.422826
 487.500000 -0.852565 0.292496
 487.750000 -0.722348 0.341027
 488.000000 -0.767905 0.644740
 488.250000 -0.657480 0.854096
 488.500000 -0.419013 1.257080
 488.750000 -0.028634 1.631534
 489.000000 0.336582 1.213294
 489.250000 0.488708 0.697384
 489.500000 0.808824 0.217475
 489.750000 1.103695 -0.359482
 490.000000 1.238101 -0.833928
 490.250000 1.435807 -1.064103
 490.500000 1.468600 -0.904516
 490.750000 1.618288 -0.461748
 491.000000 1.573216 -0.053439
 491.250000 1.257880 -0.118736
 491.500000 0.984699 -0.228331
 491.750000 1.002751 -0.264914
 492.000000 1.148125 -0.185008
 492.250000 1.292041 -0.107483
 492.500000 1.217577 0.053393
 492.750000 1.117267 0.030799
 493.000000 1.314018 -0.089965
 493.250000 1.654450 -0.197308
 493.500000 1.783330 -0.454921
 493.750000 1.704973 -0.492819
 494.000000 1.628654 -0.107594
 494.250000 1.563417 -0.092333
 494.500000 1.440293 -0.389273
 494.750000 1.400910 -0.446216
 495.000000 1.554979 -0.218746
 495.250000 1.758843 -0.311037
 495.500000 1.731065 -0.495157
 495.750000 1.734578 -0.280635
 496.000000 1.519825 -0.037646
 496.250000 1.107599 0.109742
 496.500000 0.553368 -0.029427
 496.750000 0.312597 -0.139209
 497.000000 0.140373 -0.093273
 497.250000 0.026347 0.126679
 497.500000 0.010570 0.202564
 497.750000 0.295226 0.538293
 498.000000 0.779319 0.790969
 498.250000 0.861399 1.068420
 498.500000 0.429542 0.998275
 498.750000 0.043241 1.062634
 499.000000 -0.266277 1.045624
 499.250000 -1.010645 0.965570
 499.500000 -1.445987 0.832401
 499.750000 -1.417919 0.678813
 500.000000 -1.240294 0.367786
