#! FIELDS time p.x p.y
 0.000000 -1.173591 0.695715
 0.250000 -1.669225 0.904768
 0.500000 -2.157455 0.880557
 0.750000 -1.910446 0.551217
 1.000000 -1.452679 0.760048
 1.250000 -1.512618 0.920465
 1.500000 -2.098897 0.776210
 1.750000 -2.290462 0.681437
 2.000000 -1.647535 0.920085
 2.250000 -1.193627 0.825428
 2.500000 -1.423895 0.818870
 2.750000 -2.257363 0.848358
 3.000000 -2.076151 0.601476
 3.250000 -1.345785 0.583673
 3.500000 -1.244303 0.692109
 3.750000 -1.390558 0.567753
 4.000000 -1.858867 0.409706
 4.250000 -2.203226 0.847067
 4.500000 -1.903115 0.940144
 4.750000 -1.656279 0.784347
 5.000000 -2.114497 0.853632
 5.250000 -2.338249 1.057296
 5.500000 -2.264205 0.700902
 5.750000 -1.970363 0.581411
 6.000000 -1.462761 0.648151
 6.250000 -1.458874 0.554076
 6.500000 -1.825522 0.612789
 6.750000 -1.817882 0.865032
 7.000000 -1.788945 0.912170
 7.250000 -1.856721 0.845534
 7.500000 -1.702822 0.821954
 7.750000 -2.119267 0.610873
 8.000000 -2.093297 0.666891
 8.250000 -1.677437 0.577774
 8.500000 -1.526284 0.411806
 8.750000 -1.740834 0.688213
 9.000000 -1.960617 0.601517
 9.250000 -1.864476 0.732541
 9.500000 -1.986061 0.598285
 9.750000 -2.058025 0.626385
 10.000000 -1.818621 0.698712
 10.250000 -1.399376 0.510889
 10.500000 -1.286147 0.457454
 10.750000 -1.767081 0.627814
 11.000000 -2.181006 0.390376
 11.250000 -1.900021 0.764154
 11.500000 -1.840518 1.214930
 11.750000 -1.473877 0.869656
 12.000000 -1.837571 1.152626
 12.250000 -1.870629 0.862028
 12.500000 -1.840588 1.111753
 12.750000 -2.240200 0.797787
 13.000000 -2.156292 0.516459
 13.250000 -1.486749 0.565952
 13.500000 -1.163425 0.717518
 13.750000 -1.343399 0.587486
 14.000000 -1.791095 0.387758
 14.250000 -2.224850 0.779371
 14.500000 -2.260863 0.887036
 14.750000 -2.035177 1.091586
 15.000000 -2.044010 0.942179
 15.250000 -1.665096 0.721427
 15.500000 -1.329558 0.296372
 15.750000 -1.500989 0.518009
 16.000000 -1.740779 0.488021
 16.250000 -1.820178 0.082066
 16.500000 -1.918552 0.459387
 16.750000 -2.059734 0.672417
 17.000000 -1.823265 0.314365
 17.250000 -1.551476 0.683172
 17.500000 -1.640057 0.494341
 17.750000 -2.113137 0.396349
 18.000000 -2.221328 0.813137
 18.250000 -2.265550 0.847844
 18.500000 -2.263692 0.617034
 18.750000 -1.748550 0.542300
 19.000000 -2.212576 0.543790
 19.250000 -2.246049 1.106544
 19.500000 -1.779959 1.261096
 19.750000 -1.425977 1.006286
 20.000000 -1.149942 0.983973
 20.250000 -1.448993 1.296443
 20.500000 -1.671285 1.010526
 20.750000 -1.372625 1.167292
 21.000000 -1.469818 1.155438
 21.250000 -1.639079 0.932300
 21.500000 -1.579015 1.108541
 21.750000 -1.566026 0.975833
 22.000000 -1.592518 1.012989
 22.250000 -1.446802 1.093891
 22.500000 -1.684922 0.981213
 22.750000 -1.899220 0.751087
 23.000000 -2.004474 0.300871
 23.250000 -1.834905 0.548739
 23.500000 -2.236034 0.612884
 23.750000 -2.116293 0.656208
 24.000000 -1.876088 0.393860
 24.250000 -1.812961 0.344959
 24.500000 -2.069595 0.658352
 24.750000 -2.353048 0.681508
 25.000000 -1.859467 0.518331
 25.250000 -1.708439 0.067985
 25.500000 -1.539537 0.318943
 25.750000 -1.305437 0.722140
 26.000000 -1.032995 0.783359
 26.250000 -1.268985 0.695762
 26.500000 -1.699457 0.654153
 26.750000 -1.334047 0.556899
 27.000000 -1.191247 0.454579
 27.250000 -1.545490 0.653496
 27.500000 -1.406325 1.033429
 27.750000 -1.036049 1.446642
 28.000000 -0.901508 1.085709
 28.250000 -0.905535 0.583135
 28.500000 -1.578910 0.247931
 28.750000 -2.143950 0.458895
 29.000000 -2.324358 1.178111
 29.250000 -1.920331 0.988457
 29.500000 -2.075137 0.685071
 29.750000 -2.002888 0.426562
 30.000000 -2.105407 0.455895
 30.250000 -2.339410 0.953183
 30.500000 -1.931972 1.137731
 30.750000 -2.130326 1.030407
 31.000000 -2.293553 0.984891
 31.250000 -2.149616 0.494019
 31.500000 -1.934412 0.891867
 31.750000 -2.019100 0.849538
 32.000000 -1.969780 0.357102
 32.250000 -1.500361 0.273851
 32.500000 -1.266338 0.785017
 32.750000 -1.234295 1.366234
 33.000000 -1.322406 1.245202
 33.250000 -1.769070 1.261921
 33.500000 -1.826619 1.188064
 33.750000 -1.504113 1.214062
 34.000000 -1.209533 1.230267
 34.250000 -1.210705 1.168873
 34.500000 -1.386199 1.298954
 34.750000 -1.499631 1.115605
 35.000000 -1.587297 1.236696
 35.250000 -1.018621 1.190007
 35.500000 -0.750111 0.911396
 35.750000 -1.133494 0.828440
 36.000000 -1.286087 0.310673
 36.250000 -1.632329 0.188482
 36.500000 -2.005067 0.393888
 36.750000 -1.736189 0.303092
 37.000000 -1.732328 0.238824
 37.250000 -1.904289 0.367709
 37.500000 -1.884702 0.214091
 37.750000 -1.503833 0.894596
 38.000000 -1.130133 1.543766
 38.250000 -0.997248 1.031137
 38.500000 -1.036876 0.342427
 38.750000 -1.628060 0.205724
 39.000000 -2.072412 0.840596
 39.250000 -2.194507 1.224732
 39.500000 -1.732027 0.717465
 39.750000 -1.196827 0.500996
 40.000000 -1.009758 0.508599
 40.250000 -1.705930 0.646552
 40.500000 -2.182447 0.712161
 40.750000 -2.294695 0.872319
 41.000000 -2.221950 0.527965
 41.250000 -2.294077 0.874571
 41.500000 -2.225327 0.797531
 41.750000 -1.948826 0.719917
 42.000000 -1.773156 1.050219
 42.250000 -1.954918 0.837516
 42.500000 -2.031961 0.587454
 42.750000 -1.677306 1.007346
 43.000000 -1.577468 0.867742
 43.250000 -1.648532 0.546677
 43.500000 -1.368939 0.665560
 43.750000 -1.611725 0.185013
 44.000000 -1.652708 0.338936
 44.250000 -1.285414 0.391765
 44.500000 -1.491973 0.565252
 44.750000 -1.660317 0.613949
 45.000000 -1.470758 0.746790
 45.250000 -1.443810 0.316013
 45.500000 -1.264481 0.261903
 45.750000 -1.602433 0.641505
 46.000000 -1.895766 0.770363
 46.250000 -1.966228 1.167296
 46.500000 -2.072323 1.045228
 46.750000 -2.092221 1.156257
 47.000000 -2.038066 1.065802
 47.250000 -2.116350 1.159117
 47.500000 -2.047727 1.116711
 47.750000 -1.944966 1.256263
 48.000000 -1.518847 0.889924
 48.250000 -1.737558 1.187794
 48.500000 -2.033471 1.246209
 48.750000 -2.078342 1.246578
 49.000000 -2.140863 1.178440
 49.250000 -2.318238 0.746284
 49.500000 -2.223861 0.766363
 49.750000 -2.262645 0.860179
 50.000000 -2.277073 0.636998
 50.250000 -1.811512 0.863047
 50.500000 -1.911776 0.756787
 50.750000 -2.066733 0.750473
 51.000000 -1.916925 0.861122
 51.250000 -1.960775 0.797356
 51.500000 -1.952663 0.781401
 51.750000 -1.919411 0.973043
 52.000000 -1.996698 0.801695
 52.250000 -1.954705 0.800272
 52.500000 -1.877529 0.910480
 52.750000 -1.982078 0.568874
 53.000000 -1.990989 0.835607
 53.250000 -2.020766 0.696703
 53.500000 -2.072559 0.665942
 53.750000 -1.895070 0.918363
 54.000000 -2.019789 0.679866
 54.250000 -2.013692 0.663527
 54.500000 -1.957114 0.734864
 54.750000 -1.966041 0.759437
 55.000000 -2.069976 0.720688
 55.250000 -1.813116 0.822576
 55.500000 -1.959131 0.872182
 55.750000 -1.961018 0.667061
 56.000000 -1.859611 0.796072
 56.250000 -1.940871 0.689762
 56.500000 -1.935848 0.846960
 56.750000 -1.973050 0.661557
 57.000000 -1.824556 0.973328
 57.250000 -1.941462 0.960292
 57.500000 -1.819509 0.750291
 57.750000 -2.003732 0.590964
 58.000000 -1.970372 0.870385
 58.250000 -1.932436 0.814375
 58.500000 -1.915651 0.733503
 58.750000 -1.888298 0.858450
 59.000000 -1.954570 0.643002
 59.250000 -1.827878 0.510749
 59.500000 -1.569652 0.166742
 59.750000 -1.320782 0.442961
 60.000000 -1.700243 0.621722
 60.250000 -2.170073 0.723457
 60.500000 -2.372121 1.090238
 60.750000 -2.217065 1.036274
 61.000000 -2.253751 0.808311
 61.250000 -2.333521 0.848735
 61.500000 -2.156966 1.052090
 61.750000 -2.350154 0.909553
 62.000000 -2.295707 0.878758
 62.250000 -2.304427 0.995399
 62.500000 -2.303925 0.992307
 62.750000 -2.406923 0.714293
 63.000000 -2.210989 0.979511
 63.250000 -2.143517 1.271594
 63.500000 -2.199650 1.019111
 63.750000 -2.360851 0.784799
 64.000000 -2.275343 0.793963
 64.250000 -2.309546 0.807550
 64.500000 -2.412945 0.783401
 64.750000 -2.279661 0.721150
 65.000000 -2.423162 0.925469
 65.250000 -1.994090 0.541037
 65.500000 -1.402827 0.158169
 65.750000 -1.144057 0.290038
 66.000000 -1.546585 0.666903
 66.250000 -2.006399 0.303545
 66.500000 -2.055934 0.325877
 66.750000 -1.860093 0.405532
 67.000000 -1.582788 0.189189
 67.250000 -1.415214 0.483090
 67.500000 -1.314407 0.469546
 67.750000 -1.783851 0.086193
 68.000000 -1.653857 -0.028031
 68.250000 -1.470183 0.596607
 68.500000 -1.789661 0.915108
 68.750000 -2.146793 1.043972
 69.000000 -2.187508 1.214146
 69.250000 -1.802035 0.868671
 69.500000 -1.760096 1.124198
 69.750000 -1.819364 1.365306
 70.000000 -1.821553 1.227857
 70.250000 -1.607337 1.360036
 70.500000 -1.229571 1.000494
 70.750000 -1.022535 0.795697
 71.000000 -0.719916 0.556435
 71.250000 -0.707149 0.740170
 71.500000 -1.082752 1.073654
 71.750000 -1.319719 1.458632
 72.000000 -1.333857 1.020344
 72.250000 -1.268513 0.971325
 72.500000 -1.426498 1.311409
 72.750000 -1.012618 1.362737
 73.000000 -0.917165 0.886303
 73.250000 -1.063298 0.748622
 73.500000 -0.945650 0.849773
 73.750000 -1.024111 0.767143
 74.000000 -1.067304 0.710697
 74.250000 -0.944479 0.933865
 74.500000 -0.963166 1.259184
 74.750000 -1.236090 1.147741
 75.000000 -1.335730 1.108945
 75.250000 -0.780412 1.319160
 75.500000 -0.575476 1.354801
 75.750000 -0.751044 1.084275
 76.000000 -1.084966 0.784277
 76.250000 -1.504846 0.616139
 76.500000 -2.171415 0.640333
 76.750000 -2.278325 0.798370
 77.000000 -2.052225 0.643147
 77.250000 -1.893622 1.007145
 77.500000 -1.897599 0.833480
 77.750000 -2.243637 0.557468
 78.000000 -2.249130 0.392210
 78.250000 -2.244592 0.319728
 78.500000 -1.977112 0.341908
 78.750000 -1.617801 0.255066
 79.000000 -1.580299 0.219416
 79.250000 -1.683702 0.293985
 79.500000 -1.540258 0.274529
 79.750000 -1.503392 0.334477
 80.000000 -1.620269 0.251769
 80.250000 -1.896658 0.469739
 80.500000 -2.083260 0.869062
 80.750000 -2.320763 1.014721
 81.000000 -1.964820 1.359018
 81.250000 -1.600338 1.346167
 81.500000 -1.760020 1.390968
 81.750000 -1.698917 1.275288
 82.000000 -1.559670 0.789888
 82.250000 -1.390751 0.566703
 82.500000 -1.127191 0.607231
 82.750000 -1.329215 1.076789
 83.000000 -1.124088 1.424813
 83.250000 -1.210570 1.088351
 83.500000 -1.136366 1.414747
 83.750000 -0.941706 0.964021
 84.000000 -0.844787 0.661714
 84.250000 -0.870527 0.919440
 84.500000 -0.994505 1.176438
 84.750000 -1.124736 1.197979
 85.000000 -1.064550 1.247555
 85.250000 -0.994842 0.709178
 85.500000 -0.656706 0.734758
 85.750000 -0.804509 0.943906
 86.000000 -1.164587 1.171230
 86.250000 -1.311992 1.431222
 86.500000 -0.729889 1.366530
 86.750000 -0.369163 0.909417
 87.000000 -0.614559 0.516328
 87.250000 -1.139044 0.311838
 87.500000 -1.722434 0.023396
 87.750000 -2.208923 0.377620
 88.000000 -2.249874 1.000295
 88.250000 -1.795593 1.417622
 88.500000 -1.463308 0.988168
 88.750000 -1.690205 0.376936
 89.000000 -1.829170 0.447373
 89.250000 -1.892551 0.325691
 89.500000 -2.041733 0.324237
 89.750000 -2.213679 0.305970
 90.000000 -2.334462 0.529802
 90.250000 -2.348003 0.656226
 90.500000 -2.109784 0.868171
 90.750000 -2.343829 0.769690
 91.000000 -2.107681 0.658172
 91.250000 -1.715033 0.504056
 91.500000 -1.896747 0.446491
 91.750000 -1.967789 0.712812
 92.000000 -2.080265 0.576153
 92.250000 -2.149959 0.714111
 92.500000 -2.276391 1.245084
 92.750000 -1.467576 1.324794
 93.000000 -0.567112 1.039244
 93.250000 0.028552 0.776510
 93.500000 0.096222 0.903737
 93.750000 -0.080459 1.070253
 94.000000 -0.446980 1.204905
 94.250000 -0.984301 1.130084
 94.500000 -0.888590 0.716706
 94.750000 -0.793914 0.783846
 95.000000 -0.997452 1.036701
 95.250000 -0.602723 1.172425
 95.500000 -0.326576 1.288815
 95.750000 -0.382275 1.326982
 96.000000 -1.055398 1.144635
 96.250000 -1.867932 0.994561
 96.500000 -2.627364 0.654358
 96.750000 -1.996030 0.897675
 97.000000 -1.342209 1.077026
 97.250000 -1.218203 1.278973
 97.500000 -1.211274 1.322348
 97.750000 -0.885551 1.595137
 98.000000 -0.681594 1.112989
 98.250000 -0.811118 0.675529
 98.500000 -1.014540 0.915738
 98.750000 -0.813497 0.810400
 99.000000 -1.193092 0.805893
 99.250000 -0.973347 0.775290
 99.500000 -0.930480 0.855056
 99.750000 -0.912472 0.744469
 100.000000 -1.140259 0.800982
 100.250000 -0.820799 0.741294
 100.500000 -0.744196 0.891264
 100.750000 -0.833543 1.120172
 101.000000 -0.703922 1.118888
 101.250000 -0.950043 0.824395
 101.500000 -0.865256 0.811863
 101.750000 -0.844251 0.850296
 102.000000 -0.901693 0.799232
 102.250000 -0.962113 0.803486
 102.500000 -0.898055 0.811495
 102.750000 -1.007043 0.675720
 103.000000 -1.079173 0.731091
 103.250000 -1.037811 0.745652
 103.500000 -1.002717 0.644426
 103.750000 -0.663584 0.695083
 104.000000 -0.460738 0.801445
 104.250000 -0.730311 1.215054
 104.500000 -1.003876 1.537790
 104.750000 -0.984366 1.312758
 105.000000 -0.379606 1.073360
 105.250000 0.091061 0.753269
 105.500000 0.551816 0.432824
 105.750000 1.109012 0.112029
 106.000000 1.690003 -0.656263
 106.250000 2.103508 -1.330632
 106.500000 1.799197 -0.556839
 106.750000 1.406281 -0.157174
 107.000000 1.306249 -0.475989
 107.250000 1.565086 -1.080594
 107.500000 1.924616 -1.111970
 107.750000 2.190735 -0.271377
 108.000000 1.748805 -0.600490
 108.250000 1.160978 -1.518964
 108.500000 0.729752 -1.343933
 108.750000 0.677062 -0.976450
 109.000000 1.013824 -0.979010
 109.250000 1.428829 -1.083830
 109.500000 1.970635 -0.740097
 109.750000 2.077117 -0.537068
 110.000000 1.658341 -0.963680
 110.250000 1.090231 -1.377363
 110.500000 0.797970 -0.868325
 110.750000 0.943519 -0.616726
 111.000000 1.859077 -0.773366
 111.250000 2.484512 -0.871079
 111.500000 1.684949 -0.706285
 111.750000 1.028830 -0.682231
 112.000000 1.123229 -1.151224
 112.250000 1.502026 -1.145702
 112.500000 1.451481 -1.055231
 112.750000 0.855521 -1.082999
 113.000000 0.955426 -0.865838
 113.250000 1.689043 -0.754978
 113.500000 2.116124 -0.585019
 113.750000 1.915156 -0.940602
 114.000000 1.832586 -0.681578
 114.250000 1.815182 -0.682027
 114.500000 1.863208 -0.806212
 114.750000 1.994648 -0.791228
 115.000000 1.868120 -0.710632
 115.250000 1.302424 -0.752404
 115.500000 1.025710 -0.582642
 115.750000 1.349831 -0.665432
 116.000000 1.877879 -0.860324
 116.250000 2.337466 -0.880406
 116.500000 2.058210 -0.644045
 116.750000 1.528256 -0.407092
 117.000000 1.464308 -0.612161
 117.250000 1.767399 -0.840347
 117.500000 2.168910 -0.989344
 117.750000 2.180249 -0.551369
 118.000000 1.560577 -0.565566
 118.250000 0.984419 -0.792496
 118.500000 0.789476 -1.126634
 118.750000 0.891478 -1.184480
 119.000000 1.145574 -1.053687
 119.250000 1.331812 -0.847066
 119.500000 1.635165 -0.552630
 119.750000 1.883954 -0.522163
 120.000000 2.000085 -0.529899
 120.250000 2.006976 -0.985766
 120.500000 1.944122 -0.791221
 120.750000 2.014329 -0.911195
 121.000000 1.832799 -0.933800
 121.250000 1.956698 -0.843219
 121.500000 2.058364 -0.770166
 121.750000 2.051447 -0.778187
 122.000000 2.014283 -0.881747
 122.250000 1.835304 -0.943753
 122.500000 1.943439 -0.885453
 122.750000 2.174847 -0.609053
 123.000000 2.145794 -0.628650
 123.250000 2.012458 -1.126864
 123.500000 2.077524 -1.160540
 123.750000 1.870104 -0.919215
 124.000000 1.311352 -0.559495
 124.250000 1.344077 -0.795597
 124.500000 1.596583 -0.707117
 124.750000 1.717563 -0.343639
 125.000000 1.715316 -0.636234
 125.250000 1.672130 -1.275586
 125.500000 1.566505 -1.111036
 125.750000 1.604634 -0.563626
 126.000000 1.413852 -0.340509
 126.250000 1.441730 -0.835750
 126.500000 1.561332 -0.564706
 126.750000 1.602761 -0.459644
 127.000000 1.465520 -0.519728
 127.250000 1.422103 -0.802615
 127.500000 1.396546 -0.690307
 127.750000 1.635641 -0.183489
 128.000000 1.735438 -0.552818
 128.250000 1.509872 -0.665855
 128.500000 1.786313 -0.885378
 128.750000 1.769142 -1.036607
 129.000000 1.698624 -1.290432
 129.250000 1.713396 -1.052210
 129.500000 1.752649 -0.855873
 129.750000 1.488897 -0.875288
 130.000000 1.552066 -0.743047
 130.250000 1.883144 -1.045884
 130.500000 1.622714 -1.167244
 130.750000 1.584239 -1.186722
 131.000000 1.733763 -1.232059
 131.250000 1.549410 -1.186786
 131.500000 1.744570 -1.162479
 131.750000 1.672703 -1.152866
 132.000000 1.600571 -1.227883
 132.250000 1.724909 -1.156527
 132.500000 1.689688 -1.141184
 132.750000 1.362143 -1.306482
 133.000000 1.111536 -1.144746
 133.250000 1.234640 -0.765553
 133.500000 1.346823 -1.050270
 133.750000 0.971452 -1.193940
 134.000000 1.080085 -1.043732
 134.250000 1.582557 -0.798693
 134.500000 1.810405 -1.023734
 134.750000 1.778058 -0.754809
 135.000000 1.362259 -0.988777
 135.250000 0.556277 -0.943472
 135.500000 0.111123 -1.378627
 135.750000 -0.250521 -1.894513
 136.000000 -0.427205 -1.791888
 136.250000 -0.416381 -1.277400
 136.500000 -0.285350 -1.045246
 136.750000 0.073536 -1.161448
 137.000000 0.421885 -1.411958
 137.250000 0.871762 -1.446854
 137.500000 1.414549 -1.106416
 137.750000 1.836367 -1.407709
 138.000000 1.714090 -0.703731
 138.250000 1.452531 -0.191989
 138.500000 1.518828 -0.432068
 138.750000 1.721508 -0.431853
 139.000000 1.608398 -0.366254
 139.250000 1.500900 -0.485883
 139.500000 1.554563 -0.492864
 139.750000 1.625715 -0.390597
 140.000000 1.678652 -0.469578
 140.250000 1.347486 -0.461036
 140.500000 0.842102 -0.596203
 140.750000 0.806501 -1.052863
 141.000000 1.250287 -1.397085
 141.250000 1.579824 -1.269652
 141.500000 1.625779 -1.306415
 141.750000 1.478499 -1.299344
 142.000000 1.246291 -1.314322
 142.250000 1.087688 -1.004518
 142.500000 1.188100 -0.398881
 142.750000 1.952681 -0.175744
 143.000000 2.187890 -0.781405
 143.250000 2.358054 -1.024695
 143.500000 2.190660 -0.719359
 143.750000 1.930712 -0.648416
 144.000000 2.403418 -0.786774
 144.250000 2.203629 -0.856075
 144.500000 1.898049 -0.571260
 144.750000 1.778069 -0.158848
 145.000000 1.799456 -0.491126
 145.250000 2.246746 -1.067334
 145.500000 2.345148 -0.868800
 145.750000 2.053614 -0.452313
 146.000000 1.904508 -0.332089
 146.250000 1.625084 -0.234144
 146.500000 1.434354 -0.487381
 146.750000 1.525956 -0.463125
 147.000000 1.494291 -0.556767
 147.250000 1.363230 -0.485164
 147.500000 1.587730 -0.510594
 147.750000 1.193993 -0.592144
 148.000000 1.066978 -1.358571
 148.250000 1.010380 -1.457716
 148.500000 1.107714 -0.879038
 148.750000 1.226500 -0.621332
 149.000000 1.099002 -0.913933
 149.250000 1.203336 -1.317138
 149.500000 1.100529 -1.225623
 149.750000 1.212116 -0.536116
 150.000000 1.517618 -0.311574
 150.250000 1.164854 0.138842
 150.500000 0.753212 0.183516
 150.750000 0.644216 -0.040380
 151.000000 1.016824 -0.558234
 151.250000 1.237845 -1.172013
 151.500000 0.651966 -1.490455
 151.750000 0.148110 -1.206506
 152.000000 -0.158578 -1.258072
 152.250000 -0.511188 -1.647806
 152.500000 -0.425690 -1.989522
 152.750000 0.198526 -1.423241
 153.000000 0.865656 -0.928092
 153.250000 1.498689 -0.869920
 153.500000 1.953242 -0.729709
 153.750000 2.409967 -0.780984
 154.000000 2.009464 -0.686346
 154.250000 2.320607 -0.814120
 154.500000 1.990093 -0.660654
 154.750000 2.253794 -0.994988
 155.000000 2.342609 -0.928731
 155.250000 1.947915 -0.200602
 155.500000 1.402782 -0.240120
 155.750000 0.879618 -0.160116
 156.000000 0.832181 -0.373681
 156.250000 1.266529 -1.061584
 156.500000 1.208266 -1.460618
 156.750000 1.119932 -0.928538
 157.000000 1.128488 -0.635832
 157.250000 1.164265 -0.936069
 157.500000 0.905930 -1.226378
 157.750000 0.539273 -1.594407
 158.000000 0.049059 -1.661859
 158.250000 -0.443876 -1.711175
 158.500000 -0.431538 -1.451065
 158.750000 0.021254 -1.222208
 159.000000 0.671875 -1.479647
 159.250000 1.340297 -1.269606
 159.500000 1.930746 -1.336550
 159.750000 2.083436 -1.096967
 160.000000 1.951245 -0.818271
 160.250000 2.384969 -0.737304
 160.500000 2.051716 -0.642200
 160.750000 1.930976 -0.682034
 161.000000 2.421034 -0.699855
 161.250000 1.963358 -0.606930
 161.500000 1.899827 -0.294723
 161.750000 1.719806 -0.277231
 162.000000 1.834445 -0.189498
 162.250000 1.860438 -0.437659
 162.500000 1.925396 -0.231161
 162.750000 1.420969 -0.500778
 163.000000 0.649900 -0.996661
 163.250000 0.442194 -1.738560
 163.500000 0.144628 -1.635590
 163.750000 -0.261395 -1.151422
 164.000000 -0.399885 -1.228667
 164.250000 -0.460720 -1.401884
 164.500000 -0.320965 -1.424249
 164.750000 -0.247657 -1.484219
 165.000000 -0.071472 -1.693944
 165.250000 0.369756 -1.880154
 165.500000 0.512804 -1.202618
 165.750000 0.595714 -0.285762
 166.000000 0.841287 0.103029
 166.250000 1.401493 0.044361
 166.500000 1.929510 -0.450758
 166.750000 2.313057 -0.759937
 167.000000 2.000548 -0.676649
 167.250000 2.287152 -0.713577
 167.500000 2.129653 -0.720383
 167.750000 2.289131 -0.543252
 168.000000 1.601748 -0.919786
 168.250000 0.768680 -0.640838
 168.500000 0.480945 -0.658787
 168.750000 0.872669 -1.142267
 169.000000 1.662262 -1.344957
 169.250000 2.111687 -1.107944
 169.500000 2.174540 -1.167045
 169.750000 2.049133 -1.050785
 170.000000 1.949792 -0.980476
 170.250000 1.583245 -1.099954
 170.500000 1.555107 -1.447999
 170.750000 1.503949 -1.171877
 171.000000 1.605320 -1.337869
 171.250000 1.529988 -1.244331
 171.500000 1.278271 -1.278169
 171.750000 1.080995 -0.918013
 172.000000 1.145665 -0.726098
 172.250000 1.134423 -0.785831
 172.500000 1.246198 -0.872202
 172.750000 1.261039 -0.516498
 173.000000 1.367691 -0.530946
 173.250000 1.417892 -0.470501
 173.500000 1.186983 -0.598401
 173.750000 1.051355 -0.720575
 174.000000 1.053840 -0.864130
 174.250000 0.947686 -1.022841
 174.500000 1.156297 -0.898183
 174.750000 0.918652 -1.065804
 175.000000 0.735547 -0.746640
 175.250000 1.259426 -0.520598
 175.500000 1.708952 -0.820693
 175.750000 1.807194 -1.400651
 176.000000 1.560603 -1.180412
 176.250000 1.437260 -1.390784
 176.500000 1.615224 -1.256185
 176.750000 1.565044 -1.261068
 177.000000 1.442796 -1.358968
 177.250000 1.378959 -1.321636
 177.500000 1.161306 -1.096540
 177.750000 0.944781 -0.547020
 178.000000 1.152045 -0.699825
 178.250000 0.906680 -0.931102
 178.500000 1.002602 -1.013033
 178.750000 1.024388 -0.726704
 179.000000 1.187359 -0.741905
 179.250000 1.134942 -0.572864
 179.500000 1.033598 -0.975781
 179.750000 0.882816 -0.858901
 180.000000 1.210026 -0.605162
 180.250000 0.952945 -0.705964
 180.500000 1.096581 -1.057736
 180.750000 0.730734 -0.915920
 181.000000 0.498249 -1.304738
 181.250000 0.535703 -1.536745
 181.500000 0.577804 -1.335825
 181.750000 0.726077 -0.958234
 182.000000 1.119604 -0.911689
 182.250000 0.982472 -0.672263
 182.500000 1.048369 -0.843244
 182.750000 0.904081 -1.098420
 183.000000 0.882428 -0.934529
 183.250000 0.712331 -1.076328
 183.500000 0.494028 -1.118191
 183.750000 0.757875 -1.283934
 184.000000 0.754790 -1.497322
 184.250000 0.523638 -1.319003
 184.500000 0.522448 -1.113668
 184.750000 0.788956 -1.013713
 185.000000 1.087573 -1.031145
 185.250000 0.542875 -1.051778
 185.500000 0.160584 -1.343351
 185.750000 0.136396 -1.562128
 186.000000 0.428436 -1.306572
 186.250000 0.878543 -0.885299
 186.500000 0.986085 -0.449647
 186.750000 0.933418 -0.602164
 187.000000 1.053947 -0.618771
 187.250000 0.988830 -0.530823
 187.500000 0.944772 -0.715921
 187.750000 0.837662 -1.144894
 188.000000 0.504356 -1.608614
 188.250000 0.358577 -1.546351
 188.500000 0.289376 -1.388696
 188.750000 0.349506 -1.323150
 189.000000 0.564593 -1.197776
 189.250000 0.837767 -1.016046
 189.500000 0.863888 -1.058478
 189.750000 0.580902 -0.983670
 190.000000 0.320202 -1.157850
 190.250000 0.057168 -1.786984
 190.500000 0.098316 -1.840460
 190.750000 0.370945 -1.502894
 191.000000 0.821688 -1.075580
 191.250000 0.901142 -0.936507
 191.500000 0.643357 -1.030155
 191.750000 0.377593 -0.786498
 192.000000 0.444774 -0.843194
 192.250000 0.866142 -1.165032
 192.500000 1.382623 -1.329211
 192.750000 1.917959 -1.275587
 193.000000 2.236403 -1.114458
 193.250000 1.850750 -1.187699
 193.500000 1.455457 -1.333100
 193.750000 2.056713 -1.263337
 194.000000 2.249136 -1.019236
 194.250000 2.062132 -1.295953
 194.500000 1.538406 -1.208743
 194.750000 1.717607 -1.321015
 195.000000 1.921310 -1.280337
 195.250000 1.434325 -1.251553
 195.500000 1.021899 -1.361090
 195.750000 0.953459 -1.477064
 196.000000 0.529591 -1.292208
 196.250000 0.377645 -1.473294
 196.500000 0.464426 -1.573178
 196.750000 0.530187 -1.359429
 197.000000 0.671481 -1.221895
 197.250000 0.649644 -0.950212
 197.500000 0.658843 -1.303113
 197.750000 0.772706 -1.756850
 198.000000 0.756872 -1.313068
 198.250000 1.288723 -1.422231
 198.500000 1.397077 -1.486868
 198.750000 1.213401 -1.386036
 199.000000 1.010446 -1.186702
 199.250000 1.226819 -1.461852
 199.500000 1.027237 -1.301431
 199.750000 1.232534 -1.359034
 200.000000 1.061079 -1.334435
 200.250000 1.395273 -1.497421
 200.500000 1.641982 -1.244896
 200.750000 1.761457 -1.070056
 201.000000 1.617254 -0.746775
 201.250000 1.514327 -0.833959
 201.500000 1.776886 -0.850366
 201.750000 1.410718 -0.873855
 202.000000 1.698855 -0.875718
 202.250000 1.677076 -0.960963
 202.500000 1.690531 -0.784589
 202.750000 1.769904 -1.046773
 203.000000 1.582286 -0.840840
 203.250000 1.312881 -0.755162
 203.500000 1.469475 -0.370649
 203.750000 1.060727 0.035015
 204.000000 1.236165 0.019904
 204.250000 1.407670 -0.317150
 204.500000 1.456985 -0.579282
 204.750000 1.358559 -0.428854
 205.000000 1.450235 -0.558112
 205.250000 1.592718 -1.163796
 205.500000 1.630405 -1.361903
 205.750000 1.574933 -1.306162
 206.000000 1.699599 -1.281417
 206.250000 1.581631 -1.140221
 206.500000 1.650901 -1.358982
 206.750000 1.603245 -1.289738
 207.000000 1.616476 -1.267559
 207.250000 1.556709 -1.204712
 207.500000 1.604005 -1.360226
 207.750000 1.854346 -1.182853
 208.000000 1.608396 -0.644271
 208.250000 1.251331 -0.375411
 208.500000 1.560509 0.028248
 208.750000 1.707821 -0.271728
 209.000000 1.717309 -0.098861
 209.250000 1.397760 -0.135541
 209.500000 1.226463 -0.185058
 209.750000 1.392041 -0.172246
 210.000000 1.420284 -0.142447
 210.250000 1.327240 -0.727509
 210.500000 1.545031 -1.265749
 210.750000 1.840739 -1.064892
 211.000000 1.636872 -0.793845
 211.250000 1.502471 -0.731460
 211.500000 1.605125 -1.079095
 211.750000 1.534917 -1.212366
 212.000000 1.775671 -0.896769
 212.250000 1.670402 -0.984450
 212.500000 1.807673 -0.886960
 212.750000 1.656214 -1.038799
 213.000000 1.536737 -1.284853
 213.250000 1.586631 -0.885527
 213.500000 1.474073 -0.940036
 213.750000 1.727754 -0.852326
 214.000000 1.826088 -1.089454
 214.250000 1.724966 -0.962743
 214.500000 1.739082 -0.837576
 214.750000 1.488380 -0.929164
 215.000000 1.468838 -0.862278
 215.250000 1.885468 -1.031867
 215.500000 1.631313 -1.151622
 215.750000 1.224174 -1.183987
 216.000000 1.301290 -1.357289
 216.250000 1.123226 -1.195937
 216.500000 1.324851 -1.345158
 216.750000 1.161216 -1.203051
 217.000000 1.250307 -1.287562
 217.250000 1.231071 -1.235515
 217.500000 1.261987 -1.149732
 217.750000 1.308414 -1.594044
 218.000000 1.240146 -1.234679
 218.250000 1.641576 -1.238768
 218.500000 2.221784 -0.848805
 218.750000 2.141200 -0.438050
 219.000000 1.886228 -0.724253
 219.250000 2.128570 -0.575970
 219.500000 2.115526 -0.480475
 219.750000 2.211483 -0.577218
 220.000000 2.245830 -0.745481
 220.250000 2.018325 -1.118821
 220.500000 2.218838 -1.085567
 220.750000 2.097549 -1.213036
 221.000000 2.225491 -1.024801
 221.250000 2.088845 -1.276841
 221.500000 2.109892 -1.043036
 221.750000 1.660238 -1.284804
 222.000000 1.479645 -1.192566
 222.250000 1.854320 -1.163773
 222.500000 1.751876 -0.957810
 222.750000 1.869092 -1.119384
 223.000000 1.444224 -1.256031
 223.250000 1.701751 -1.069612
 223.500000 2.091967 -1.035687
 223.750000 2.198589 -1.178524
 224.000000 2.119165 -1.144898
 224.250000 2.111816 -1.137008
 224.500000 2.130565 -0.897792
 224.750000 2.075545 -0.904326
 225.000000 2.113928 -1.231069
 225.250000 2.345182 -1.067683
 225.500000 2.396912 -0.557699
 225.750000 1.650468 -0.327015
 226.000000 1.801725 -0.172981
 226.250000 1.497547 -0.266063
 226.500000 1.105477 -0.665237
 226.750000 1.146655 -0.875095
 227.000000 1.604351 -0.869696
 227.250000 1.543005 -0.904740
 227.500000 1.506216 -0.830966
 227.750000 1.634141 -1.022039
 228.000000 1.790856 -1.381347
 228.250000 1.729771 -1.056097
 228.500000 1.825371 -1.119917
 228.750000 1.529322 -1.201649
 229.000000 1.631350 -1.213837
 229.250000 1.739233 -1.307905
 229.500000 1.665669 -1.088696
 229.750000 1.505090 -1.211643
 230.000000 1.687098 -1.147329
 230.250000 1.881614 -1.071909
 230.500000 1.653151 -0.768100
 230.750000 1.572118 -0.630398
 231.000000 1.604740 -0.625054
 231.250000 1.736829 -0.774207
 231.500000 1.617248 -0.826525
 231.750000 1.570316 -1.050916
 232.000000 1.474807 -1.246647
 232.250000 1.565102 -1.138441
 232.500000 1.592921 -1.313403
 232.750000 1.521187 -0.837691
 233.000000 1.720683 -0.661138
 233.250000 1.752368 -0.930768
 233.500000 1.879593 -1.162186
 233.750000 1.726630 -0.956730
 234.000000 1.926992 -0.426781
 234.250000 2.235530 -0.548640
 234.500000 2.030533 -0.865119
 234.750000 2.144983 -0.853234
 235.000000 2.065774 -0.806076
 235.250000 2.000227 -0.420557
 235.500000 2.139321 -0.514311
 235.750000 2.400577 -0.597503
 236.000000 2.255669 -0.428735
 236.250000 1.932690 -0.439742
 236.500000 1.760375 -0.220838
 236.750000 1.724188 -0.215462
 237.000000 1.688552 -0.318112
 237.250000 1.649669 -0.163144
 237.500000 1.878783 -0.371587
 237.750000 2.384002 -0.597528
 238.000000 2.348866 -0.862087
 238.250000 2.394521 -0.562274
 238.500000 1.892662 -0.472249
 238.750000 1.771960 -0.890909
 239.000000 1.881950 -1.190895
 239.250000 1.794508 -1.118708
 239.500000 1.878216 -0.985306
 239.750000 1.776026 -1.141427
 240.000000 1.838587 -0.969483
 240.250000 1.678397 -1.050833
 240.500000 1.489603 -1.195075
 240.750000 1.375785 -1.119033
 241.000000 1.106842 -1.519496
 241.250000 0.764983 -1.433458
 241.500000 0.606054 -0.861825
 241.750000 0.401754 -0.883821
 242.000000 0.261843 -0.949360
 242.250000 0.378415 -0.880216
 242.500000 0.836737 -1.062508
 242.750000 1.376267 -0.763728
 243.000000 1.610937 -0.358425
 243.250000 1.780365 -0.005523
 243.500000 1.609786 -0.409134
 243.750000 1.686546 -0.078379
 244.000000 1.462485 -0.014937
 244.250000 1.379135 0.157558
 244.500000 1.137637 -0.037676
 244.750000 0.928466 -0.504981
 245.000000 0.801205 -0.473794
 245.250000 1.350479 -0.040246
 245.500000 1.535398 0.217148
 245.750000 1.676148 -0.239793
 246.000000 2.033889 -0.743845
 246.250000 2.249689 -1.206897
 246.500000 2.182678 -1.023600
 246.750000 2.069450 -1.051556
 247.000000 2.533307 -1.119521
 247.250000 2.094579 -0.963067
 247.500000 2.001483 -1.173158
 247.750000 2.226811 -0.828488
 248.000000 2.222126 -0.357489
 248.250000 2.096223 -0.501737
 248.500000 2.291780 -0.574298
 248.750000 2.167378 -0.378521
 249.000000 2.217856 -0.611613
 249.250000 2.096747 -0.435530
 249.500000 2.248102 -0.486772
 249.750000 2.240304 -0.520844
 250.000000 2.078005 -0.439471
 250.250000 2.374084 -0.746327
 250.500000 2.052479 -1.281562
 250.750000 1.908219 -1.346915
 251.000000 1.436403 -1.143078
 251.250000 1.385751 -1.229146
 251.500000 1.585781 -1.125835
 251.750000 1.647293 -1.125213
 252.000000 1.524546 -1.013587
 252.250000 1.760831 -0.675560
 252.500000 2.028418 -0.600840
 252.750000 2.441045 -0.570099
 253.000000 2.042635 -0.660869
 253.250000 1.636721 -0.641315
 253.500000 1.655259 -0.740464
 253.750000 1.700301 -0.817127
 254.000000 1.670628 -0.666344
 254.250000 1.637979 -0.760004
 254.500000 1.732681 -0.792254
 254.750000 1.668195 -0.767232
 255.000000 1.697227 -0.839394
 255.250000 1.562652 -0.698563
 255.500000 1.309209 -0.329643
 255.750000 0.985764 0.067336
 256.000000 1.081731 0.213437
 256.250000 1.216396 -0.133171
 256.500000 1.418788 -0.600088
 256.750000 1.360659 -0.284373
 257.000000 1.260889 -0.407038
 257.250000 1.357872 -0.411630
 257.500000 1.444723 -0.449713
 257.750000 1.162239 -0.446958
 258.000000 0.805286 -0.677264
 258.250000 0.982454 -0.726679
 258.500000 1.387418 -0.471543
 258.750000 1.157629 -0.214527
 259.000000 0.980073 -0.230450
 259.250000 1.018118 -0.620952
 259.500000 1.197345 -0.779511
 259.750000 1.331827 -0.804030
 260.000000 1.076446 -0.536184
 260.250000 0.512184 -0.633666
 260.500000 0.027524 -0.718570
 260.750000 -0.055688 -1.052391
 261.000000 0.059538 -1.624256
 261.250000 0.538174 -1.724012
 261.500000 0.900405 -1.351484
 261.750000 0.738590 -1.660043
 262.000000 0.310989 -1.319411
 262.250000 0.123448 -1.578748
 262.500000 0.173912 -1.852643
 262.750000 0.273250 -1.216282
 263.000000 -0.095621 -0.765252
 263.250000 -0.521750 -0.781269
 263.500000 -0.628614 -1.265553
 263.750000 -0.400008 -1.692220
 264.000000 -0.244510 -1.865243
 264.250000 -0.273150 -1.588131
 264.500000 -0.287786 -0.943570
 264.750000 0.051527 -0.652954
 265.000000 0.537654 -0.540281
 265.250000 1.018623 -0.805711
 265.500000 1.360650 -1.024971
 265.750000 1.621912 -0.589905
 266.000000 1.762336 -0.028270
 266.250000 1.654001 -0.194879
 266.500000 1.766078 -0.253843
 266.750000 1.627029 -0.088786
 267.000000 1.622251 -0.353528
 267.250000 1.884219 -0.035788
 267.500000 1.793238 -0.150028
 267.750000 1.033984 -0.746868
 268.000000 0.392135 -1.265021
 268.250000 -0.043644 -1.541186
 268.500000 -0.214054 -1.104776
 268.750000 -0.237654 -1.097899
 269.000000 -0.222697 -1.489497
 269.250000 -0.495239 -1.648488
 269.500000 -0.494369 -1.478037
 269.750000 -0.143385 -1.445352
 270.000000 0.374276 -1.415419
 270.250000 1.055557 -1.490448
 270.500000 1.393357 -1.423326
 270.750000 1.074456 -1.157831
 271.000000 0.895731 -0.881575
 271.250000 0.852655 -1.030390
 271.500000 0.683970 -0.851171
 271.750000 0.427620 -1.093535
 272.000000 0.667453 -1.004836
 272.250000 0.517882 -0.956864
 272.500000 0.612088 -1.064427
 272.750000 0.452770 -1.336576
 273.000000 0.519369 -1.146754
 273.250000 0.645724 -0.757657
 273.500000 0.202148 -0.924802
 273.750000 0.098682 -1.162638
 274.000000 0.222097 -1.705908
 274.250000 0.489025 -1.601591
 274.500000 0.656217 -1.483533
 274.750000 0.920265 -1.486064
 275.000000 0.979730 -1.552708
 275.250000 0.446811 -1.389723
 275.500000 -0.094840 -1.278981
 275.750000 -0.716517 -1.192699
 276.000000 -0.774919 -1.032535
 276.250000 -0.469571 -1.081460
 276.500000 -0.140513 -1.522881
 276.750000 0.010446 -1.305022
 277.000000 0.108825 -1.107095
 277.250000 -0.176611 -1.051142
 277.500000 -0.169528 -1.075053
 277.750000 0.279254 -1.194225
 278.000000 0.677097 -1.513781
 278.250000 0.719799 -1.505194
 278.500000 0.644792 -1.507688
 278.750000 0.698914 -1.594098
 279.000000 0.731696 -1.411631
 279.250000 0.625121 -1.515720
 279.500000 0.431295 -1.688892
 279.750000 0.112995 -1.416286
 280.000000 -0.126067 -1.350722
 280.250000 -0.411389 -1.893476
 280.500000 -0.576323 -1.411449
 280.750000 -0.672695 -0.861202
 281.000000 -0.639844 -0.428698
 281.250000 -0.780100 -0.348774
 281.500000 -1.165612 -0.029923
 281.750000 -1.662333 0.743373
 282.000000 -1.478281 1.194770
 282.250000 -1.693942 0.817109
 282.500000 -1.474308 0.315994
 282.750000 -1.361207 -0.256212
 283.000000 -1.124968 -0.080336
 283.250000 -1.318406 0.394487
 283.500000 -1.630265 0.769160
 283.750000 -1.627946 1.136895
 284.000000 -1.530639 0.916516
 284.250000 -1.249119 0.993603
 284.500000 -1.229400 1.174909
 284.750000 -1.288173 1.148206
 285.000000 -1.672795 1.014383
 285.250000 -1.519962 0.580743
 285.500000 -1.401619 0.644909
 285.750000 -1.776433 0.356356
 286.000000 -1.961908 0.311878
 286.250000 -1.841169 0.431210
 286.500000 -1.760921 0.365318
 286.750000 -1.908555 0.380021
 287.000000 -1.881316 0.431683
 287.250000 -1.752525 0.392704
 287.500000 -1.898128 0.349281
 287.750000 -2.001780 0.765337
 288.000000 -1.820493 1.019715
 288.250000 -1.962643 0.952510
 288.500000 -2.240061 1.118224
 288.750000 -2.022375 0.942554
 289.000000 -1.778731 0.997492
 289.250000 -1.931285 0.996419
 289.500000 -2.072894 0.959541
 289.750000 -2.233452 0.849672
 290.000000 -1.980044 0.511989
 290.250000 -1.268758 0.654029
 290.500000 -0.973524 0.860351
 290.750000 -0.708961 1.237271
 291.000000 -0.476708 1.355518
 291.250000 -0.501755 1.287692
 291.500000 -0.958541 1.318108
 291.750000 -0.857766 1.420277
 292.000000 -0.761649 0.954933
 292.250000 -0.639889 0.632339
 292.500000 -0.936055 0.673576
 292.750000 -1.559550 0.994269
 293.000000 -1.839853 1.320572
 293.250000 -1.736181 1.291011
 293.500000 -1.452813 0.839802
 293.750000 -1.789778 0.309452
 294.000000 -1.650962 0.319476
 294.250000 -1.816150 0.676369
 294.500000 -2.240448 0.738081
 294.750000 -2.182685 0.722173
 295.000000 -2.007083 0.753753
 295.250000 -1.905501 0.640876
 295.500000 -1.962982 0.815494
 295.750000 -1.811409 1.042022
 296.000000 -2.092896 0.912496
 296.250000 -2.079146 1.134129
 296.500000 -1.973444 1.277133
 296.750000 -2.006817 1.138024
 297.000000 -1.921125 0.850835
 297.250000 -1.901136 1.098130
 297.500000 -2.105473 1.191120
 297.750000 -1.566558 0.809557
 298.000000 -1.506230 0.134191
 298.250000 -1.475990 -0.206982
 298.500000 -1.424656 0.284229
 298.750000 -0.978362 0.242579
 299.000000 -1.231677 0.217447
 299.250000 -1.451284 0.063087
 299.500000 -1.331037 0.197424
 299.750000 -1.163035 0.298528
 300.000000 -1.384997 0.172606
 300.250000 -1.491076 -0.126649
 300.500000 -1.618252 -0.275575
 300.750000 -1.492170 0.188821
 301.000000 -1.060550 0.419648
 301.250000 -1.201562 0.041108
 301.500000 -1.622933 -0.095019
 301.750000 -1.381362 0.027933
 302.000000 -0.975365 0.244967
 302.250000 -1.240657 0.308374
 302.500000 -1.482087 0.353850
 302.750000 -1.554473 1.288788
 303.000000 -1.586627 1.333948
 303.250000 -1.501063 0.463732
 303.500000 -0.926079 0.244599
 303.750000 -0.809918 0.365255
 304.000000 -0.696959 0.558334
 304.250000 -0.564235 0.654191
 304.500000 -0.762413 0.871404
 304.750000 -0.771589 1.357082
 305.000000 -1.157209 1.470432
 305.250000 -1.843994 1.402440
 305.500000 -2.248801 0.894252
 305.750000 -2.103572 0.209236
 306.000000 -1.921682 0.157877
 306.250000 -2.233495 0.231412
 306.500000 -2.257824 0.391339
 306.750000 -2.098003 0.344515
 307.000000 -2.302645 0.309346
 307.250000 -2.382800 0.566013
 307.500000 -2.368673 0.810046
 307.750000 -1.663380 0.514751
 308.000000 -1.139787 0.875788
 308.250000 -1.437833 1.305726
 308.500000 -1.762876 1.434363
 308.750000 -2.000432 1.230958
 309.000000 -1.790363 1.370512
 309.250000 -1.580540 1.397022
 309.500000 -1.776860 1.307387
 309.750000 -1.732369 1.346013
 310.000000 -1.781182 1.303885
 310.250000 -1.665862 1.417113
 310.500000 -1.275839 1.484552
 310.750000 -1.590852 1.429265
 311.000000 -1.857029 1.431148
 311.250000 -1.959380 1.085549
 311.500000 -1.927393 0.743882
 311.750000 -2.311025 0.725294
 312.000000 -1.982601 0.966807
 312.250000 -1.364362 1.054444
 312.500000 -1.303710 0.794892
 312.750000 -1.835203 0.287460
 313.000000 -2.214961 0.127613
 313.250000 -1.845242 0.765455
 313.500000 -1.794842 1.141543
 313.750000 -1.458581 0.536067
 314.000000 -1.566371 0.755764
 314.250000 -1.482009 0.924903
 314.500000 -1.626990 1.098746
 314.750000 -1.514261 0.924384
 315.000000 -1.548980 0.715891
 315.250000 -1.468552 0.532215
 315.500000 -1.671476 1.162518
 315.750000 -1.498864 1.556251
 316.000000 -1.382313 1.157878
 316.250000 -1.794651 0.800066
 316.500000 -2.200224 0.736389
 316.750000 -2.603700 0.635056
 317.000000 -2.152814 0.812325
 317.250000 -2.244260 1.065129
 317.500000 -2.104326 0.874064
 317.750000 -1.793135 0.457630
 318.000000 -1.769510 0.109146
 318.250000 -2.134448 0.193019
 318.500000 -2.173772 0.305140
 318.750000 -2.073732 0.331924
 319.000000 -2.085185 0.191512
 319.250000 -2.115803 0.375581
 319.500000 -2.208483 0.267927
 319.750000 -2.061383 0.292471
 320.000000 -2.223372 0.348114
 320.250000 -2.142041 0.757663
 320.500000 -2.443723 0.661320
 320.750000 -2.426237 0.739640
 321.000000 -2.487526 0.613948
 321.250000 -2.435662 0.731743
 321.500000 -2.432694 0.635919
 321.750000 -2.532924 0.734465
 322.000000 -2.307823 0.724461
 322.250000 -2.228208 0.715997
 322.500000 -2.241268 0.785942
 322.750000 -2.258324 0.710998
 323.000000 -1.982644 0.582472
 323.250000 -1.637147 0.320975
 323.500000 -1.785562 0.497568
 323.750000 -1.786962 0.283085
 324.000000 -1.635818 0.631632
 324.250000 -1.647905 0.822335
 324.500000 -1.496235 1.073243
 324.750000 -1.898250 0.963930
 325.000000 -1.917030 0.627347
 325.250000 -1.915190 0.170026
 325.500000 -2.028553 0.086050
 325.750000 -2.114600 0.359804
 326.000000 -2.022130 0.036259
 326.250000 -2.128842 0.340005
 326.500000 -1.997525 0.063159
 326.750000 -1.916802 0.172533
 327.000000 -2.202592 0.234184
 327.250000 -2.019965 0.146921
 327.500000 -2.022851 0.313479
 327.750000 -2.048052 0.472449
 328.000000 -2.243385 0.750282
 328.250000 -2.607849 0.653224
 328.500000 -2.079718 0.677110
 328.750000 -1.464858 0.492367
 329.000000 -1.212293 0.720131
 329.250000 -1.612527 0.588069
 329.500000 -1.650383 0.960385
 329.750000 -1.639435 1.015075
 330.000000 -1.631648 1.139618
 330.250000 -1.688821 0.880855
 330.500000 -2.136492 1.041065
 330.750000 -2.137057 0.950812
 331.000000 -2.204624 1.006290
 331.250000 -2.163018 1.090036
 331.500000 -2.167910 1.044585
 331.750000 -2.186916 1.011635
 332.000000 -2.055657 1.034350
 332.250000 -1.787574 0.968391
 332.500000 -1.973338 1.037743
 332.750000 -1.724945 0.851109
 333.000000 -1.482192 1.015682
 333.250000 -1.514288 0.874891
 333.500000 -1.525011 0.985539
 333.750000 -1.614740 0.897028
 334.000000 -1.563755 1.025454
 334.250000 -1.544037 0.916064
 334.500000 -1.540031 0.827566
 334.750000 -1.462065 0.952718
 335.000000 -1.656580 0.960092
 335.250000 -1.460357 0.415946
 335.500000 -1.605102 0.787898
 335.750000 -1.948948 1.030768
 336.000000 -1.879340 1.435533
 336.250000 -2.025717 1.225128
 336.500000 -1.920648 1.296731
 336.750000 -2.061773 1.298240
 337.000000 -1.926146 1.247035
 337.250000 -2.003422 1.342049
 337.500000 -1.954251 1.291254
 337.750000 -2.123239 1.244622
 338.000000 -1.912285 1.072126
 338.250000 -1.930490 0.848740
 338.500000 -1.913034 0.749534
 338.750000 -1.994749 0.747725
 339.000000 -1.918365 0.791038
 339.250000 -1.814221 0.970115
 339.500000 -1.939572 0.945697
 339.750000 -1.770483 0.883474
 340.000000 -1.533608 0.747022
 340.250000 -1.569840 0.313812
 340.500000 -2.006026 0.565425
 340.750000 -2.257685 0.694284
 341.000000 -2.300997 0.736680
 341.250000 -2.127787 0.614644
 341.500000 -2.151554 0.698992
 341.750000 -2.182157 0.564945
 342.000000 -2.208186 0.752194
 342.250000 -2.245851 0.774014
 342.500000 -2.088353 0.583828
 342.750000 -2.220035 0.941837
 343.000000 -2.213736 1.027648
 343.250000 -2.147436 1.037760
 343.500000 -2.207849 0.998769
 343.750000 -2.277901 1.023089
 344.000000 -2.166887 0.953716
 344.250000 -2.155753 0.992333
 344.500000 -2.189299 0.972998
 344.750000 -2.239549 1.056755
 345.000000 -2.148982 1.043236
 345.250000 -2.343819 1.131417
 345.500000 -2.530925 0.984273
 345.750000 -2.510151 0.776835
 346.000000 -2.316552 0.310611
 346.250000 -1.904226 0.075217
 346.500000 -1.956268 -0.037781
 346.750000 -2.123848 0.327822
 347.000000 -1.988688 0.031119
 347.250000 -1.886668 0.010212
 347.500000 -2.163466 0.260214
 347.750000 -1.728813 0.484181
 348.000000 -1.036526 0.809591
 348.250000 -0.693866 1.200170
 348.500000 -0.220785 1.534281
 348.750000 0.086651 1.624791
 349.000000 0.288197 1.280774
 349.250000 0.172356 1.183029
 349.500000 -0.031561 1.343677
 349.750000 -0.412910 1.484637
 350.000000 -0.961248 1.191438
 350.250000 -1.255613 0.689934
 350.500000 -1.752740 0.610043
 350.750000 -1.874614 0.610168
 351.000000 -1.467526 0.583971
 351.250000 -1.451625 0.590499
 351.500000 -1.389165 0.580895
 351.750000 -1.473255 0.560322
 352.000000 -1.426916 0.573328
 352.250000 -1.527389 0.587374
 352.500000 -1.459135 0.584463
 352.750000 -1.563598 0.477735
 353.000000 -1.419006 0.556518
 353.250000 -1.253619 0.599525
 353.500000 -1.482936 0.554660
 353.750000 -1.813598 0.411823
 354.000000 -1.566696 0.416605
 354.250000 -1.459347 0.552615
 354.500000 -1.408322 0.628795
 354.750000 -1.276719 0.581765
 355.000000 -1.460425 0.510567
 355.250000 -1.907094 0.363060
 355.500000 -1.585134 0.458376
 355.750000 -0.896058 0.178710
 356.000000 -0.773051 0.179392
 356.250000 -0.904563 0.468112
 356.500000 -0.767816 0.485804
 356.750000 -0.782366 0.615260
 357.000000 -0.694356 0.607208
 357.250000 -0.686758 0.744352
 357.500000 -0.654948 0.899823
 357.750000 -0.764470 1.615149
 358.000000 -0.885172 1.503737
 358.250000 -0.580742 0.940320
 358.500000 -0.266848 0.762129
 358.750000 -0.316931 0.600412
 359.000000 -0.815261 0.695254
 359.250000 -0.747055 0.255925
 359.500000 -0.834553 -0.019965
 359.750000 -1.407453 -0.181317
 360.000000 -1.891147 -0.038334
 360.250000 -2.256696 0.326579
 360.500000 -2.495747 0.802384
 360.750000 -2.559162 1.021044
 361.000000 -2.524091 0.988148
 361.250000 -2.478078 1.034546
 361.500000 -2.327534 1.086964
 361.750000 -2.007728 0.942762
 362.000000 -1.508279 0.767909
 362.250000 -1.441358 0.518668
 362.500000 -1.939091 0.363967
 362.750000 -2.156309 -0.055265
 363.000000 -1.678426 0.337439
 363.250000 -1.494471 0.805643
 363.500000 -1.429719 1.225416
 363.750000 -1.138436 1.057851
 364.000000 -1.430412 1.230931
 364.250000 -1.530296 0.857888
 364.500000 -1.646360 0.862827
 364.750000 -1.492070 1.074295
 365.000000 -1.547701 0.935589
 365.250000 -1.705086 0.857538
 365.500000 -1.966513 0.904136
 365.750000 -1.808467 0.900827
 366.000000 -1.909365 0.771389
 366.250000 -1.740657 0.913424
 366.500000 -2.021399 0.964637
 366.750000 -1.675047 0.825237
 367.000000 -1.527527 0.380249
 367.250000 -1.915051 0.443659
 367.500000 -1.639801 0.357255
 367.750000 -1.712680 0.504494
 368.000000 -1.675598 0.691269
 368.250000 -2.205354 0.592368
 368.500000 -2.641874 0.845700
 368.750000 -2.379927 0.642901
 369.000000 -2.528355 0.670775
 369.250000 -2.491361 0.611041
 369.500000 -2.359358 0.717870
 369.750000 -2.469559 0.687240
 370.000000 -2.363320 0.734799
 370.250000 -1.760557 0.679253
 370.500000 -1.264263 0.512816
 370.750000 -0.946454 0.070812
 371.000000 -1.273667 -0.171381
 371.250000 -1.626645 0.115838
 371.500000 -1.505489 -0.115086
 371.750000 -1.368088 -0.101912
 372.000000 -1.048811 0.361845
 372.250000 -0.822127 0.079504
 372.500000 -1.080654 -0.226681
 372.750000 -1.863215 -0.187597
 373.000000 -2.080013 0.187875
 373.250000 -1.834296 0.338736
 373.500000 -1.585061 0.782519
 373.750000 -2.029851 1.024266
 374.000000 -2.290838 0.970106
 374.250000 -2.062327 0.928572
 374.500000 -1.477878 1.023245
 374.750000 -0.943895 0.811944
 375.000000 -0.542181 0.748981
 375.250000 -0.141048 0.234559
 375.500000 -0.004922 -0.099471
 375.750000 0.072857 -0.599933
 376.000000 0.083355 -1.348737
 376.250000 0.420639 -1.774359
 376.500000 0.664303 -1.399548
 376.750000 0.724764 -1.628828
 377.000000 0.505919 -1.424966
 377.250000 0.790786 -1.643212
 377.500000 0.761674 -1.293328
 377.750000 1.216008 -1.480656
 378.000000 2.034750 -1.342069
 378.250000 2.518156 -0.786111
 378.500000 1.922605 -0.293851
 378.750000 1.329888 -0.423617
 379.000000 1.289080 -0.590065
 379.250000 1.703446 -0.735391
 379.500000 2.069564 -0.616019
 379.750000 2.420749 -0.581366
 380.000000 2.061495 -0.638497
 380.250000 1.545362 -0.220490
 380.500000 1.691942 0.058475
 380.750000 1.670888 -0.314879
 381.000000 1.655022 -0.317372
 381.250000 1.674175 -0.234242
 381.500000 1.665274 -0.225809
 381.750000 1.738760 -0.312826
 382.000000 1.615552 -0.165156
 382.250000 1.606487 -0.051303
 382.500000 1.712047 -0.382463
 382.750000 1.587364 -0.139213
 383.000000 1.407245 0.207787
 383.250000 1.502771 0.041843
 383.500000 1.671995 -0.305800
 383.750000 1.671157 -0.068663
 384.000000 1.428055 0.037358
 384.250000 1.037826 -0.187952
 384.500000 1.024515 -0.483860
 384.750000 0.996708 -0.323244
 385.000000 1.153191 -0.137291
 385.250000 1.491506 -0.617780
 385.500000 1.765639 -0.866036
 385.750000 1.907733 -0.456685
 386.000000 2.227828 -0.231476
 386.250000 2.252561 -0.636515
 386.500000 2.367067 -0.636668
 386.750000 2.274275 -0.430735
 387.000000 2.228368 -0.743931
 387.250000 2.524716 -0.880511
 387.500000 2.217992 -0.525072
 387.750000 1.987314 -0.080457
 388.000000 1.427090 -0.030316
 388.250000 1.017813 0.203285
 388.500000 0.854596 0.364142
 388.750000 0.976343 0.093613
 389.000000 0.850863 -0.135154
 389.250000 0.574354 -0.272717
 389.500000 0.788354 -0.246714
 389.750000 1.299362 -0.295648
 390.000000 1.253468 -0.442949
 390.250000 1.485618 -1.110298
 390.500000 1.980609 -1.456283
 390.750000 2.501682 -0.737509
 391.000000 1.925659 -0.283497
 391.250000 1.194566 -0.198065
 391.500000 0.778185 -0.340360
 391.750000 0.759289 0.001626
 392.000000 0.883757 -0.017676
 392.250000 1.001170 -0.477917
 392.500000 0.890384 -0.610590
 392.750000 1.046494 -0.301978
 393.000000 0.721729 0.180421
 393.250000 0.487733 0.330461
 393.500000 0.330180 0.565268
 393.750000 0.075800 0.940936
 394.000000 -0.434355 1.400740
 394.250000 -0.769503 1.574300
 394.500000 -0.791823 1.272665
 394.750000 -0.622469 1.193666
 395.000000 -0.866114 1.400622
 395.250000 -0.684148 1.651893
 395.500000 -0.568366 1.075042
 395.750000 -0.863171 0.487940
 396.000000 -0.771822 -0.159594
 396.250000 -1.037239 -0.696462
 396.500000 -1.061662 -0.990633
 396.750000 -0.488710 -1.068005
 397.000000 -0.337329 -1.370477
 397.250000 -0.570424 -1.841788
 397.500000 -0.679886 -1.640790
 397.750000 -0.433093 -0.841959
 398.000000 -0.452006 -0.207185
 398.250000 -0.705770 0.439571
 398.500000 -1.143686 0.968292
 398.750000 -1.739464 1.390795
 399.000000 -1.809929 1.346688
 399.250000 -1.315880 1.468335
 399.500000 -1.445887 1.114042
 399.750000 -1.688770 0.632441
 400.000000 -1.682454 0.243383
 400.250000 -1.722288 0.003713
 400.500000 -1.189524 -0.165072
 400.750000 -1.366152 0.310458
 401.000000 -1.127543 0.630914
 401.250000 -1.648130 0.553917
 401.500000 -2.085522 0.319672
 401.750000 -2.043155 -0.018501
 402.000000 -2.013952 0.291692
 402.250000 -2.004955 -0.066235
 402.500000 -2.104347 0.212341
 402.750000 -2.159833 0.814069
 403.000000 -2.187876 1.251332
 403.250000 -1.873589 1.500292
 403.500000 -1.245097 1.249633
 403.750000 -1.308261 0.833210
 404.000000 -1.712643 1.297637
 404.250000 -1.691397 1.379815
 404.500000 -1.130475 0.887309
 404.750000 -0.718628 0.456891
 405.000000 -0.494101 0.149591
 405.250000 -1.052830 0.368950
 405.500000 -1.976406 0.558382
 405.750000 -2.494393 1.194274
 406.000000 -2.188056 0.940060
 406.250000 -1.742073 0.929182
 406.500000 -1.310121 1.228569
 406.750000 -1.273685 0.951964
 407.000000 -1.604319 1.010246
 407.250000 -1.237905 1.229021
 407.500000 -1.306511 1.070053
 407.750000 -1.161586 1.117079
 408.000000 -1.535758 1.376133
 408.250000 -1.681419 1.342491
 408.500000 -1.399231 1.559497
 408.750000 -1.409760 1.376356
 409.000000 -1.830625 1.447707
 409.250000 -2.013384 1.251367
 409.500000 -2.054188 1.415772
 409.750000 -2.000000 1.202814
 410.000000 -2.020775 0.898320
 410.250000 -1.627983 0.424605
 410.500000 -0.993670 0.390020
 410.750000 -0.575624 0.430368
 411.000000 -0.997670 0.986318
 411.250000 -1.562371 1.446148
 411.500000 -2.093602 1.260604
 411.750000 -2.373087 0.893070
 412.000000 -2.582142 0.490875
 412.250000 -2.190284 0.494419
 412.500000 -1.866571 0.915987
 412.750000 -1.499072 1.579489
 413.000000 -1.240588 1.267507
 413.250000 -1.469609 0.563812
 413.500000 -1.098579 0.157741
 413.750000 -0.677756 0.222953
 414.000000 -0.860834 0.437700
 414.250000 -0.707679 0.259777
 414.500000 -1.183682 0.295237
 414.750000 -1.183879 0.293969
 415.000000 -0.793933 0.005635
 415.250000 -1.291953 0.012913
 415.500000 -1.670301 -0.040663
 415.750000 -1.219593 -0.060183
 416.000000 -1.150443 0.549041
 416.250000 -1.591362 0.569005
 416.500000 -1.913451 0.631037
 416.750000 -1.871166 0.966752
 417.000000 -1.839240 1.027090
 417.250000 -1.900697 0.735016
 417.500000 -2.211461 0.695937
 417.750000 -2.651411 0.680261
 418.000000 -2.355521 0.596333
 418.250000 -2.427240 0.501076
 418.500000 -2.163907 0.482533
 418.750000 -2.125617 0.732796
 419.000000 -1.624060 0.677610
 419.250000 -1.212670 0.591732
 419.500000 -1.108468 0.845699
 419.750000 -0.968924 0.962637
 420.000000 -0.653844 1.109643
 420.250000 -0.432445 1.982603
 420.500000 0.118165 1.746965
 420.750000 0.324631 1.053129
 421.000000 -0.032221 0.737051
 421.250000 -0.775500 0.495228
 421.500000 -1.417880 -0.082997
 421.750000 -1.715808 -0.148278
 422.000000 -1.384546 -0.019755
 422.250000 -1.055528 0.251173
 422.500000 -1.247165 0.281098
 422.750000 -1.573614 -0.030345
 423.000000 -1.535512 -0.295187
 423.250000 -1.525916 0.132306
 423.500000 -1.386162 -0.249698
 423.750000 -1.355587 0.064882
 424.000000 -1.550795 -0.064589
 424.250000 -1.356933 0.006600
 424.500000 -1.366701 -0.072900
 424.750000 -1.429382 -0.029649
 425.000000 -1.482814 -0.067168
 425.250000 -1.369647 0.098948
 425.500000 -0.959679 -0.000032
 425.750000 -1.236737 0.158133
 426.000000 -1.177685 0.037673
 426.250000 -1.120838 -0.002895
 426.500000 -1.082018 0.325191
 426.750000 -1.348857 0.522465
 427.000000 -1.311807 0.574853
 427.250000 -1.049114 0.267276
 427.500000 -1.062432 0.143446
 427.750000 -1.643632 0.172507
 428.000000 -1.897180 0.104933
 428.250000 -1.823584 0.536611
 428.500000 -1.602442 0.891986
 428.750000 -1.363576 1.239147
 429.000000 -1.496776 1.482357
 429.250000 -1.726418 1.324351
 429.500000 -1.421677 1.465382
 429.750000 -1.416527 1.360800
 430.000000 -1.715931 1.425466
 430.250000 -1.402466 0.817623
 430.500000 -0.946418 0.188714
 430.750000 -0.475719 0.549140
 431.000000 -0.237644 0.952137
 431.250000 0.050682 1.465926
 431.500000 0.053729 1.739042
 431.750000 0.044160 1.499392
 432.000000 -0.179555 1.100834
 432.250000 -0.230592 0.708694
 432.500000 -0.234668 0.403834
 432.750000 -0.752776 0.379742
 433.000000 -1.544873 0.627021
 433.250000 -2.095245 0.728402
 433.500000 -2.181879 0.443810
 433.750000 -2.175986 0.607093
 434.000000 -1.830382 0.789035
 434.250000 -1.899687 1.038143
 434.500000 -2.469033 1.060541
 434.750000 -2.441694 0.757651
 435.000000 -2.360069 0.345663
 435.250000 -1.997288 0.793813
 435.500000 -1.302835 0.503788
 435.750000 -0.838298 0.118438
 436.000000 -0.802081 0.646644
 436.250000 -0.848619 0.627403
 436.500000 -1.024735 -0.198972
 436.750000 -1.106954 -0.919599
 437.000000 -0.590564 -1.331786
 437.250000 -0.002275 -1.610482
 437.500000 0.192376 -1.223411
 437.750000 -0.491425 -1.198150
 438.000000 -0.970416 -1.523750
 438.250000 -0.785576 -1.520637
 438.500000 -0.552676 -0.989318
 438.750000 -0.404090 -0.723926
 439.000000 -0.276901 -0.816228
 439.250000 -0.394578 -0.961042
 439.500000 -0.618253 -1.178666
 439.750000 -0.622045 -1.434692
 440.000000 -0.309943 -1.268139
 440.250000 -0.275193 -1.654909
 440.500000 -0.445870 -1.715599
 440.750000 -0.240698 -1.503849
 441.000000 -0.383139 -1.758933
 441.250000 -0.312080 -1.504052
 441.500000 -0.434837 -1.592068
 441.750000 -0.343546 -1.724226
 442.000000 -0.312910 -1.507826
 442.250000 -0.339020 -1.629775
 442.500000 -0.297482 -1.702560
 442.750000 -0.633125 -1.340883
 443.000000 -0.636170 -0.784029
 443.250000 -0.572314 -0.475640
 443.500000 -0.824181 -0.114604
 443.750000 -1.389104 0.111566
 444.000000 -2.015498 0.140819
 444.250000 -2.240617 0.144455
 444.500000 -1.998585 -0.022324
 444.750000 -2.062850 0.241534
 445.000000 -1.950659 -0.001710
 445.250000 -1.994954 0.583576
 445.500000 -1.605269 1.189542
 445.750000 -1.082826 1.135335
 446.000000 -1.284929 1.214450
 446.250000 -1.390436 1.159439
 446.500000 -1.559691 1.081076
 446.750000 -1.563674 1.079540
 447.000000 -1.514845 1.136710
 447.250000 -1.464721 0.877964
 447.500000 -1.543435 1.151283
 447.750000 -1.370116 1.598276
 448.000000 -1.332928 1.232492
 448.250000 -1.611773 0.763589
 448.500000 -1.845865 0.418421
 448.750000 -1.729602 0.469167
 449.000000 -1.829023 0.555322
 449.250000 -1.568987 0.605798
 449.500000 -1.836024 0.608326
 449.750000 -1.720878 0.323024
 450.000000 -1.663104 0.654627
 450.250000 -1.624865 0.903594
 450.500000 -1.323597 0.915639
 450.750000 -1.199598 1.036167
 451.000000 -1.294924 1.178439
 451.250000 -1.179480 1.186878
 451.500000 -1.160598 1.069981
 451.750000 -1.224282 1.207935
 452.000000 -1.162867 1.103142
 452.250000 -1.300814 1.218652
 452.500000 -1.268109 1.233096
 452.750000 -1.177990 0.875275
 453.000000 -1.271491 0.266989
 453.250000 -1.353993 -0.335819
 453.500000 -1.697475 -0.161613
 453.750000 -1.445185 0.202237
 454.000000 -1.188158 -0.154758
 454.250000 -1.255895 0.102603
 454.500000 -1.321433 -0.132676
 454.750000 -1.240120 0.128284
 455.000000 -1.254163 -0.146369
 455.250000 -1.739222 -0.407024
 455.500000 -1.550761 -0.010700
 455.750000 -1.545038 0.037772
 456.000000 -1.766327 -0.301595
 456.250000 -1.573507 0.059188
 456.500000 -1.485117 -0.014574
 456.750000 -1.447942 0.153603
 457.000000 -1.647769 -0.090331
 457.250000 -1.432284 -0.360603
 457.500000 -1.326292 -0.389266
 457.750000 -1.697608 -0.451957
 458.000000 -1.600419 0.208719
 458.250000 -1.592832 0.517181
 458.500000 -1.780909 0.788436
 458.750000 -1.875094 1.102515
 459.000000 -1.924775 0.768270
 459.250000 -1.772887 0.294850
 459.500000 -1.767092 0.629940
 459.750000 -2.069139 0.669428
 460.000000 -2.241444 0.657544
 460.250000 -2.120827 0.429242
 460.500000 -2.224524 0.590326
 460.750000 -1.922398 0.670593
 461.000000 -1.813062 1.064320
 461.250000 -1.871719 0.899911
 461.500000 -1.816063 0.878140
 461.750000 -1.925084 1.145405
 462.000000 -1.818803 0.893845
 462.250000 -1.570641 0.717687
 462.500000 -1.829562 0.353963
 462.750000 -1.834319 0.667505
 463.000000 -1.800777 1.121425
 463.250000 -1.821961 0.842793
 463.500000 -1.873368 0.359386
 463.750000 -1.473476 0.693129
 464.000000 -1.199841 0.550640
 464.250000 -1.072537 0.381252
 464.500000 -1.117124 0.309501
 464.750000 -1.272916 0.569792
 465.000000 -1.243996 0.561258
 465.250000 -1.321386 0.617025
 465.500000 -1.348685 0.540542
 465.750000 -1.380411 0.642359
 466.000000 -1.328050 0.651615
 466.250000 -1.414698 0.614292
 466.500000 -1.294920 0.663415
 466.750000 -1.423764 0.627786
 467.000000 -1.332043 0.646806
 467.250000 -1.421807 0.600992
 467.500000 -1.712683 0.531768
 467.750000 -1.680758 0.423175
 468.000000 -1.477225 0.652892
 468.250000 -1.216029 0.536249
 468.500000 -1.099953 0.199136
 468.750000 -0.768996 0.481768
 469.000000 -0.593134 0.526588
 469.250000 -1.003214 0.339348
 469.500000 -1.484459 0.462596
 469.750000 -1.807750 0.947277
 470.000000 -1.902983 0.959234
 470.250000 -1.587873 0.618865
 470.500000 -1.472759 0.521066
 470.750000 -1.669529 0.623361
 471.000000 -1.663904 0.669528
 471.250000 -1.651609 0.692037
 471.500000 -1.616091 0.719035
 471.750000 -1.615820 0.842234
 472.000000 -1.519238 1.151697
 472.250000 -1.457725 1.058090
 472.500000 -1.743904 0.624116
 472.750000 -1.752553 0.407774
 473.000000 -1.529437 0.605068
 473.250000 -1.218902 0.558677
 473.500000 -0.912882 0.217334
 473.750000 -0.784386 0.617389
 474.000000 -0.738231 0.720880
 474.250000 -0.954603 0.263057
 474.500000 -1.151563 0.384978
 474.750000 -0.971590 0.375379
 475.000000 -0.870149 0.286197
 475.250000 -0.720426 0.821823
 475.500000 -0.985959 1.002859
 475.750000 -1.126634 0.791510
 476.000000 -1.057907 0.845068
 476.250000 -1.258733 1.004064
 476.500000 -1.462919 1.003471
 476.750000 -1.774835 1.157925
 477.000000 -1.874698 0.704007
 477.250000 -2.005365 0.129312
 477.500000 -2.214274 0.133368
 477.750000 -2.138587 0.783464
 478.000000 -2.518716 1.217395
 478.250000 -2.488604 0.395723
 478.500000 -2.150661 0.100572
 478.750000 -1.873703 -0.343268
 479.000000 -1.228679 -0.027503
 479.250000 -1.209785 0.590558
 479.500000 -1.392230 0.538184
 479.750000 -1.313827 0.719527
 480.000000 -1.366261 0.635299
 480.250000 -1.731117 0.889985
 480.500000 -2.019770 1.207542
 480.750000 -2.009940 1.425048
 481.000000 -2.060065 1.208170
 481.250000 -2.025631 1.407765
 481.500000 -2.029484 1.334601
 481.750000 -2.074162 1.266814
 482.000000 -1.904174 1.452176
 482.250000 -2.057265 1.125994
 482.500000 -2.346615 0.841950
 482.750000 -2.638208 0.591203
 483.000000 -2.514184 0.620812
 483.250000 -2.409110 0.654142
 483.500000 -2.517015 0.782919
 483.750000 -2.467726 0.637169
 484.000000 -2.497104 0.693421
 484.250000 -2.543286 0.643772
 484.500000 -2.577119 0.582365
 484.750000 -2.569857 0.766104
 485.000000 -2.475702 0.619819
 485.250000 -2.373246 0.418017
 485.500000 -1.752664 0.897452
 485.750000 -1.353402 1.009397
 486.000000 -1.025836 0.879900
 486.250000 -0.797755 1.256460
 486.500000 -0.831021 1.025240
 486.750000 -0.854993 1.004337
 487.000000 -0.589517 1.369784
 487.250000 -0.317535 1.457361
 487.500000 -0.157137 1.320728
 487.750000 0.131623 0.952554
 488.000000 0.357549 0.849359
 488.250000 0.448745 0.951013
 488.500000 0.491481 1.379293
 488.750000 0.311955 1.985115
 489.000000 -0.100673 1.667475
 489.250000 -0.705922 1.181887
 489.500000 -1.252184 0.971395
 489.750000 -1.935001 0.851643
 490.000000 -2.293595 0.611934
 490.250000 -1.885568 0.443196
 490.500000 -1.396766 0.602259
 490.750000 -0.964156 0.820814
 491.000000 -0.632822 1.350932
 491.250000 -0.276057 1.521161
 491.500000 -0.138795 1.657813
 491.750000 -0.056546 1.573999
 492.000000 0.083565 1.441784
 492.250000 0.110830 1.332438
 492.500000 0.123620 1.328578
 492.750000 0.394606 1.573732
 493.000000 0.586644 1.715411
 493.250000 0.419965 1.596220
 493.500000 0.024379 1.526806
 493.750000 -0.436818 1.719414
 494.000000 -0.664755 1.327255
 494.250000 -0.872547 1.168962
 494.500000 -0.897654 1.085967
 494.750000 -0.811101 1.023176
 495.000000 -0.754138 1.194481
 495.250000 -0.569962 1.533977
 495.500000 -0.316691 1.424682
 495.750000 -0.530310 1.483693
 496.000000 -0.735169 1.512767
 496.250000 -0.358026 1.542765
 496.500000 -0.534633 1.231536
 496.750000 -0.603309 1.673553
 497.000000 -0.540531 1.423192
 497.250000 -0.524543 1.240931
 497.500000 -0.508827 1.652749
 497.750000 -0.329421 1.878493
 498.000000 0.200300 1.526619
 498.250000 0.538297 1.441115
 498.500000 0.430714 1.361222
 498.750000 0.293783 1.409526
 499.000000 0.360534 1.624266
 499.250000 -0.226275 1.591132
 499.500000 -0.597936 1.187994
 499.750000 -0.365208 1.504259
 500.000000 -0.366487 1.491125
