#! FIELDS time p.x p.y sigma_p.x sigma_p.y height biasf
#! SET multivariate false
#! SET kerneltype gaussian
                    2.5     -2.057146198634662     0.3255957985442303                    0.1                    0.1     0.5555555555555556                     10
                      5     -2.173398400111416     0.9457604799711991                    0.1                    0.1     0.5555555555555556                     10
                    7.5     -1.727998334411499     0.8461193873735482                    0.1                    0.1     0.5555555555555556                     10
                     10     -1.806539473646617     0.5676915030094944                    0.1                    0.1     0.5550265655998411                     10
                   12.5     -2.074086149880311      1.153531803337365                    0.1                    0.1     0.5533777232520495                     10
                     15     -2.027822332272979     0.3064194383962353                    0.1                    0.1     0.5271454879481214                     10
                   17.5     -2.089474415940445     0.9238507788589465                    0.1                    0.1     0.5326278680598252                     10
                     20     -1.806138186118339     0.6651977658020215                    0.1                    0.1     0.5324009772492896                     10
                   22.5     -2.107792468641478     0.6780780210327972                    0.1                    0.1     0.5529515992269697                     10
                     25     -2.311827729377621     0.7811026091608582                    0.1                    0.1     0.5493682213040096                     10
                   27.5     -2.235451410392375      0.671181422047486                    0.1                    0.1     0.5291114118509596                     10
                     30     -2.161889521247779     0.8194987772168085                    0.1                    0.1     0.5044006232079118                     10
                   32.5     -1.700553775361761     0.7895242934018101                    0.1                    0.1      0.521892512319414                     10
                     35     -1.548695852639572     0.5241584381050185                    0.1                    0.1     0.5538736323118275                     10
                   37.5     -1.507481498252611     0.9968775237612219                    0.1                    0.1     0.5541593163660986                     10
                     40     -1.841852074066408     0.6672930127776594                    0.1                    0.1     0.5032677144082027                     10
                   42.5     -1.728350993463022     0.6181680908253405                    0.1                    0.1     0.4938684271515879                     10
                     45     -1.820654384081306     0.9167571402323409                    0.1                    0.1     0.5303871125847471                     10
                   47.5     -1.903506849138245     0.7131544236569946                    0.1                    0.1     0.4979819777519011                     10
                     50     -1.920273357307307     0.5376284068570852                    0.1                    0.1     0.5125044021554762                     10
                   52.5     -2.071561247840029     0.9649438176299484                    0.1                    0.1     0.4996644135227052                     10
                     55     -1.937857710671173      1.032963484843259                    0.1                    0.1     0.5262921091309015                     10
                   57.5     -1.651736077292352     0.5729621395127766                    0.1                    0.1      0.501430626061968                     10
                     60     -1.756417622914389     0.7084776265887028                    0.1                    0.1     0.4477306299761845                     10
                   62.5      -2.03611491852107     0.5394917370904191                    0.1                    0.1     0.5183932811991625                     10
                     65     -1.775822686978861     0.9550041375962925                    0.1                    0.1     0.5027182473024611                     10
                   67.5     -1.572004214580777     0.9996312889118785                    0.1                    0.1     0.5230821789109629                     10
                     70     -1.967493827127497     0.6767257580136795                    0.1                    0.1     0.4763228770155518                     10
                   72.5     -1.474785544095174     0.7872102640637226                    0.1                    0.1     0.5451253249500495                     10
                     75     -1.824567148107791     0.9579086056249502                    0.1                    0.1     0.4777624790222533                     10
                   77.5     -1.862350151360942      1.168959442215076                    0.1                    0.1     0.5374855887097804                     10
                     80     -1.822304152086667     0.4880691864166107                    0.1                    0.1     0.4887229120965364                     10
                   82.5     -1.684885451766456     0.6015374566078454                    0.1                    0.1     0.4493596829162448                     10
                     85     -2.111292915431413     0.5767909869897403                    0.1                    0.1     0.4955407496999337                     10
                   87.5      -1.75260612577012     0.4852335643601948                    0.1                    0.1     0.4679434922203013                     10
                     90     -1.634662307194814     0.8018696814895367                    0.1                    0.1      0.477740927121779                     10
                   92.5     -2.000497169634789     0.9248048704048115                    0.1                    0.1      0.476420101785888                     10
                     95     -1.605258640411151     0.6347963487682214                    0.1                    0.1     0.4629924115918891                     10
                   97.5      -1.78763802688124     0.3369503009435874                    0.1                    0.1     0.5313369046435749                     10
                    100     -1.482035511688212     0.3262196821425096                    0.1                    0.1     0.5511350359819451                     10
                  102.5       -1.6949281887993     0.2913688158731135                    0.1                    0.1     0.5286327806288265                     10
                    105     -1.397850903748858     0.7194681380405926                    0.1                    0.1     0.5319798043419026                     10
                  107.5     -1.811264148119195      1.027292872806237                    0.1                    0.1     0.4710453981102836                     10
                    110     -1.735703904549456     0.8691911624549455                    0.1                    0.1     0.4314109384106412                     10
                  112.5     -1.551166653757859      0.701808603962196                    0.1                    0.1     0.4691272128994661                     10
                    115     -1.651734290816588     0.8957970551334148                    0.1                    0.1     0.4437511203474789                     10
                  117.5     -2.009126141381199     0.9740511398126287                    0.1                    0.1     0.4501291660404544                     10
                    120     -1.681740957528028      1.244297294150166                    0.1                    0.1     0.5483517723987114                     10
                  122.5     -2.023975159110862     0.9370311914494156                    0.1                    0.1     0.4303673251370323                     10
                    125     -1.610881732924641       1.22101638946298                    0.1                    0.1     0.5273286387568036                     10
                  127.5     -2.063413229349554      1.000407706706132                    0.1                    0.1     0.4253995375507538                     10
                    130     -1.594469569805636     0.9531509706322254                    0.1                    0.1     0.4589198984401096                     10
                  132.5     -1.646192508564406      1.029688291620894                    0.1                    0.1     0.4609086222721188                     10
                    135     -1.639886601087784     0.8197073172789183                    0.1                    0.1     0.4089901354437769                     10
                  137.5     -1.902753914674574     0.4797188323220734                    0.1                    0.1     0.4586281835224653                     10
                    140     -1.457623459479224     0.7152772070410486                    0.1                    0.1     0.4745922817144825                     10
                  142.5     -2.301332074565751     0.5161770687170083                    0.1                    0.1     0.5413724163434058                     10
                    145      -1.33400988890087     0.5668859033435701                    0.1                    0.1     0.5380969103080595                     10
                  147.5     -2.072330924616777     0.5991236651479901                    0.1                    0.1      0.456641791274835                     10
                    150     -1.573400138354751     0.7940171529344767                    0.1                    0.1     0.4153426829769546                     10
                  152.5     -1.848560250144011     0.7959817843294327                    0.1                    0.1     0.4265781591418188                     10
                    155     -2.055060540989461     0.7995908755607638                    0.1                    0.1     0.4527837671959453                     10
                  157.5     -1.986339254301295     0.7869799274155284                    0.1                    0.1     0.4360138195695764                     10
                    160     -1.887906869053484     0.8123657037459998                    0.1                    0.1     0.4098047369160815                     10
                  162.5     -2.038570418668408     0.7548880712555281                    0.1                    0.1      0.418079570104473                     10
                    165     -1.932283956469519     0.6573749320322727                    0.1                    0.1     0.3963022070405438                     10
                  167.5     -1.558621675637074     0.7486009431276175                    0.1                    0.1     0.4045797971308665                     10
                    170     -1.839674907835395      1.078565985012738                    0.1                    0.1     0.4530323339431885                     10
                  172.5     -2.104011695868869      1.191859324121583                    0.1                    0.1     0.5154562463243042                     10
                    175      -1.86291811772744      1.248739688783176                    0.1                    0.1     0.5136146352248899                     10
                  177.5     -2.190698011661064      1.156942251128477                    0.1                    0.1     0.5109657829970307                     10
                    180     -1.191841718008683     0.9967927775577246                    0.1                    0.1     0.5552451747680789                     10
                  182.5     -2.220084968538684     0.7323367637822106                    0.1                    0.1     0.4621141484515679                     10
                    185       -1.6412795284503      1.003595238278988                    0.1                    0.1     0.4213873246373192                     10
                  187.5     -1.278632210658472       1.26126366874942                    0.1                    0.1     0.5547381168956924                     10
                    190     -1.748191064113424     0.9357737949901528                    0.1                    0.1     0.3724613085002217                     10
                  192.5     -1.819238743133263     0.6656798385241814                    0.1                    0.1     0.3678576225783246                     10
                    195      -2.27182186266626      0.565922381321723                    0.1                    0.1     0.4915162688601451                     10
                  197.5     -2.137333401332779     0.8016886350224716                    0.1                    0.1     0.4130985125509384                     10
                    200     -1.390574891445981     0.9492160410126668                    0.1                    0.1     0.5160686151035183                     10
                  202.5     -1.714351392027305     0.8703141007803702                    0.1                    0.1     0.3489387777930247                     10
                    205     -1.950164262105742     0.6252556298866928                    0.1                    0.1     0.3826072736962658                     10
                  207.5      -1.62315844339669      1.095718374978476                    0.1                    0.1     0.4511092097515126                     10
                    210     -2.036385075786159      1.109419634467072                    0.1                    0.1     0.4412423039792577                     10
                  212.5     -1.753661582226432      0.885234990367111                    0.1                    0.1     0.3397988285599831                     10
                    215     -2.006568810225839     0.3465763140261668                    0.1                    0.1      0.485414110917898                     10
                  217.5     -1.142870342132087     0.8895040770604699                    0.1                    0.1     0.5389215059263106                     10
                    220     -1.737900101912085     0.9183276738953704                    0.1                    0.1     0.3312676926174551                     10
                  222.5     -1.907570252769339     0.4773086626392565                    0.1                    0.1     0.4216535384454956                     10
                    225     -2.007482309572381     0.8993181375389232                    0.1                    0.1     0.3712678372857254                     10
                  227.5     -2.276276441173251     0.6785091045586041                    0.1                    0.1     0.4533261053242081                     10
                    230     -1.755604290627812     0.6198229243645674                    0.1                    0.1     0.3597961814062283                     10
                  232.5     -1.759413837140982      1.080862471194223                    0.1                    0.1       0.41396951543891                     10
                    235     -1.523476292767609      1.110775227756064                    0.1                    0.1     0.4728780881516243                     10
                  237.5     -1.685840688011645     0.6176058202881427                    0.1                    0.1     0.3693719243988402                     10
                    240     -1.432645464151189     0.7984862260089628                    0.1                    0.1     0.4465485241573091                     10
                  242.5     -1.389971386224403     0.8342367820647113                    0.1                    0.1     0.4589988722668851                     10
                    245     -1.957714232768704      1.079544017473612                    0.1                    0.1     0.4089110051542664                     10
                  247.5     -1.656613731286077     0.8804955989637042                    0.1                    0.1     0.3267573851333395                     10
                    250      -1.33672738316006      1.102891486242078                    0.1                    0.1     0.5228986491677851                     10
                  252.5     -1.846420082911754       0.56828852197177                    0.1                    0.1     0.3510786060484615                     10
                    255     -1.838661066873513      1.046047859492987                    0.1                    0.1     0.3753831010876258                     10
                  257.5     -2.161438435756994     0.4999366213205428                    0.1                    0.1     0.4690201495799597                     10
                    260     -1.526964053245367     0.5153075226038911                    0.1                    0.1     0.4752050902210295                     10
                  262.5     -1.826699207599473     0.6739324809403441                    0.1                    0.1      0.325914055112737                     10
                    265     -1.410568143907746     0.9821358172792571                    0.1                    0.1     0.4592789247721107                     10
                  267.5     -1.926555770092983      0.792498314886862                    0.1                    0.1     0.3593218110508015                     10
                    270      -2.14873257337846      1.025997785217808                    0.1                    0.1     0.4269264337163629                     10
                  272.5     -1.421506290720863     0.4270010969965428                    0.1                    0.1     0.5124655429475555                     10
                    275     -1.968929403644631      1.167238712058182                    0.1                    0.1      0.433689913986779                     10
                  277.5      -2.12346792140432      1.052733583712719                    0.1                    0.1     0.3983168534181881                     10
                    280     -1.520934417410162     0.4897487742903119                    0.1                    0.1     0.4536550755460073                     10
                  282.5     -1.715387367349698      0.445649395981561                    0.1                    0.1     0.4344305423756126                     10
                    285     -2.257676545280978     0.7856629604978341                    0.1                    0.1     0.4366822396287554                     10
                  287.5     -1.719899489747872     0.3560281414000496                    0.1                    0.1      0.463040050531012                     10
                    290     -1.184307443787397      0.681005944082254                    0.1                    0.1     0.5419314671458331                     10
                  292.5     -1.652093151391936     0.6617967698403715                    0.1                    0.1     0.3488279535247311                     10
                    295      -1.29530713623834     0.9554106358322854                    0.1                    0.1     0.4783349977277336                     10
                  297.5     -1.612232388783935      1.013700884712494                    0.1                    0.1     0.3655253804155384                     10
                    300     -2.254910483755858     0.7183911304818786                    0.1                    0.1     0.4080997627435878                     10
                  302.5     -1.852351570507972     0.6813642399254536                    0.1                    0.1     0.3132779608555269                     10
                    305     -2.174817433553887     0.3970471331471234                    0.1                    0.1      0.495222265201988                     10
                  307.5     -1.438431158390194     0.6184047273778229                    0.1                    0.1     0.4408498327155591                     10
                    310      -2.48621238920603      0.993508775445399                    0.1                    0.1      0.554270839811692                     10
                  312.5    -0.8338063593053238      1.436214693058496                    0.1                    0.1     0.5555555555555556                     10
                    315     -2.130171731946437      1.148564902679338                    0.1                    0.1     0.4228389230321926                     10
                  317.5      -1.62123608368562     0.9919851041990064                    0.1                    0.1     0.3413911891359759                     10
                    320     -2.095999727160868     0.4149737006724297                    0.1                    0.1      0.446106958816932                     10
                  322.5     -1.375979843985911     0.4122555465163023                    0.1                    0.1     0.4945097278070728                     10
                    325     -1.680468753260459     0.1361120956153526                    0.1                    0.1     0.5417258842792092                     10
                  327.5     -2.230447503759653     0.3812448973198059                    0.1                    0.1      0.487164964932657                     10
                    330     -1.262184268339254     0.9562221160432861                    0.1                    0.1     0.4648085692462762                     10
                  332.5     -1.907816778435095     0.2456048209401802                    0.1                    0.1     0.5056162139092232                     10
                    335     -1.290288853861756     0.7681694193560911                    0.1                    0.1      0.475008588166054                     10
                  337.5     -1.415997192773025     0.6020456251865182                    0.1                    0.1     0.4297561822048837                     10
                    340     -1.951440791119787     0.8350254533909799                    0.1                    0.1     0.3492808905190757                     10
                  342.5     -1.815805370508415      1.178118649250949                    0.1                    0.1     0.4305801729016799                     10
                    345    -0.9499977152850797      1.058440648782601                    0.1                    0.1     0.5529267154482476                     10
                  347.5     -2.540624644564319     0.6859943175039059                    0.1                    0.1     0.5513384383850566                     10
                    350     -1.093978602932306     0.2626427476034995                    0.1                    0.1     0.5553853038544948                     10
                  352.5      -1.47641577595873     0.8457368109207944                    0.1                    0.1        0.3835371463956                     10
                    355     -2.370714876166335     0.8196958715605412                    0.1                    0.1     0.4863588976018499                     10
                  357.5     -1.287729575894091     0.4459203801720912                    0.1                    0.1     0.5028767597575604                     10
                    360     -1.719203723138935   -0.04916268857349779                    0.1                    0.1     0.5504241599922894                     10
                  362.5     -1.744649466991569     0.1270433682660124                    0.1                    0.1     0.5110086492082471                     10
                    365     -1.862331388636207     0.2254790105629257                    0.1                    0.1     0.4838011143910352                     10
                  367.5     -1.402310420199449      1.234205072764318                    0.1                    0.1     0.5180566032339008                     10
                    370     -2.181413737108439      1.267005767967229                    0.1                    0.1     0.4991514258001138                     10
                  372.5      -1.30659747660568     0.2058827501761871                    0.1                    0.1     0.5443050763304349                     10
                    375      -1.41956027956035  -0.007030397220190485                    0.1                    0.1     0.5530844775325091                     10
                  377.5     -1.381306699755618   -0.07729044512346007                    0.1                    0.1     0.5331431040802819                     10
                    380     -1.560741195271601     0.3013977508613007                    0.1                    0.1     0.4901861850368628                     10
                  382.5     -1.891870461759958     0.3812832701888264                    0.1                    0.1     0.4228037889339456                     10
                    385     -1.056476656095941     0.4611365501040037                    0.1                    0.1     0.5479760274428614                     10
                  387.5     -1.905607464876855     0.5284701068599241                    0.1                    0.1     0.3500838641058956                     10
                    390     -1.277932805682527      1.150215939558935                    0.1                    0.1     0.4900736688487242                     10
                  392.5     -1.995067081237062      0.663717515284398                    0.1                    0.1     0.3457543074301728                     10
                    395     -1.833177048388711     0.6736491010621271                    0.1                    0.1     0.2932772940701425                     10
                  397.5     -1.812674368592708     0.2653006337130036                    0.1                    0.1     0.4394398084426718                     10
                    400     -1.623258192250073      1.154747360480152                    0.1                    0.1     0.4238956908054936                     10
                  402.5     -1.912573060257069      1.226773961835894                    0.1                    0.1     0.4404419760520903                     10
                    405     -1.167364759998601      0.822842095560411                    0.1                    0.1      0.489637259259861                     10
                  407.5     -1.871803964764704      0.363154603702504                    0.1                    0.1     0.3975624302782657                     10
                    410     -1.382991261101669     0.9440826854951263                    0.1                    0.1     0.4074269881009648                     10
                  412.5     -1.946076434558287      1.047146513928404                    0.1                    0.1     0.3496728347790289                     10
                    415     -1.523316275590814      0.400554086026707                    0.1                    0.1     0.4365979924584893                     10
                  417.5     -1.439390632407882      0.981902080624644                    0.1                    0.1       0.38865261600218                     10
                    420     -1.567246201300398     0.8270644138290543                    0.1                    0.1     0.3355380150039829                     10
                  422.5     -1.570595770785512     0.6981765733017083                    0.1                    0.1      0.345516097965424                     10
                    425     -1.617382166624991     0.4707938823684321                    0.1                    0.1     0.3969351013882219                     10
                  427.5     -1.810988428225459     0.5571576823125947                    0.1                    0.1     0.3052901415579423                     10
                    430        -1.741878384129      1.271762102485975                    0.1                    0.1     0.4672920039620017                     10
                  432.5     -1.289422579200341     0.6541257356040772                    0.1                    0.1     0.4578659725509172                     10
                    435      -1.48957361965277     0.3820023631335231                    0.1                    0.1     0.4192058714598181                     10
                  437.5     -1.051123112767036      1.240162962095757                    0.1                    0.1     0.5471314643133995                     10
                    440     -2.014022270194256      0.401296305592851                    0.1                    0.1     0.3976003381608214                     10
                  442.5     -1.563970126095155     0.5633385451235087                    0.1                    0.1     0.3582080266926434                     10
                    445      -1.08142651917221     0.4887677602884067                    0.1                    0.1     0.5181022348207021                     10
                  447.5     -2.149166455702909     0.6079372479077733                    0.1                    0.1     0.3869612978897464                     10
                    450     -0.995595945614392      1.177404594536691                    0.1                    0.1     0.5193348594201834                     10
                  452.5     -1.211947349306973     0.6927155398093359                    0.1                    0.1      0.463357266773521                     10
                    455      -1.54047841934704     0.9956701945259079                    0.1                    0.1     0.3446938884140675                     10
                  457.5     -1.101844323934646     0.8734166861254905                    0.1                    0.1     0.4837760445812957                     10
                    460     -1.473431481791394     0.7371656786768016                    0.1                    0.1     0.3461496622814715                     10
                  462.5     -1.624950690085658     0.2449597324436412                    0.1                    0.1     0.4590661852803266                     10
                    465     -1.001807314774715     0.4760591907248106                    0.1                    0.1     0.5072956553217964                     10
                  467.5     -2.288982691799987     0.4000113580365483                    0.1                    0.1     0.4834059600591044                     10
                    470    -0.8829927871600632      1.035682121179535                    0.1                    0.1     0.5246777055520115                     10
                  472.5     -1.754133059501267     0.9070964017979657                    0.1                    0.1     0.2935090570626457                     10
                    475     -1.048365473379275     0.5789771549818657                    0.1                    0.1     0.4962245625834851                     10
                  477.5     -1.708147805701175     0.9789625224835597                    0.1                    0.1     0.2970768423944686                     10
                    480     -1.747086797023856      1.171484489204992                    0.1                    0.1     0.3934133529119813                     10
                  482.5     -1.436477230931736     0.9145914911719584                    0.1                    0.1      0.354021462478773                     10
                    485     -1.569655913918068     0.1944077421459856                    0.1                    0.1     0.4758102962175862                     10
                  487.5     -1.816515447138318      1.270398164407996                    0.1                    0.1     0.4323036850359772                     10
                    490     -1.381697625161067       1.28251979359725                    0.1                    0.1      0.497522019887866                     10
                  492.5     -1.304437979447739      0.729887826684725                    0.1                    0.1     0.4044049215368731                     10
                    495      -1.97730724966342     0.7061840564572462                    0.1                    0.1      0.320516861607458                     10
                  497.5     -1.888107927806856      1.006783675036144                    0.1                    0.1     0.3272019078837879                     10
                    500     -2.211054984693257     0.7763632312788655                    0.1                    0.1     0.3751043506167243                     10
                  502.5     -2.045480302610161     0.5605552953160753                    0.1                    0.1     0.3563617890455482                     10
                    505     -1.375616140963465      0.419429920853538                    0.1                    0.1     0.4273225933664313                     10
                  507.5     -1.504550528338015      1.226669879594281                    0.1                    0.1     0.4633128127440788                     10
                    510     -1.260874951380328      0.237165931858022                    0.1                    0.1     0.5100441680116682                     10
                  512.5     -1.785372323918502     0.7166001750073813                    0.1                    0.1     0.2876302695134675                     10
                    515     -1.538033310014208     0.8081520039672808                    0.1                    0.1     0.3122825550756531                     10
                  517.5     -1.868242400522174     0.8815755555277447                    0.1                    0.1     0.3126119095833816                     10
                    520     -1.512108076581065     0.4230422636673042                    0.1                    0.1     0.3733746227133959                     10
                  522.5     -1.888849996507794     0.6293255475586171                    0.1                    0.1     0.2766386428949506                     10
                    525     -1.686984873004759     0.6953290260309251                    0.1                    0.1     0.2945289189944507                     10
                  527.5       -2.1225889111539     0.6982456682783448                    0.1                    0.1     0.3436016054403954                     10
                    530     -1.148701050034615      1.015875957408314                    0.1                    0.1     0.4678834653910706                     10
                  532.5       -1.2721774910439      1.287506295084419                    0.1                    0.1     0.4844595416978831                     10
                    535     -2.433208432336425     0.9143777800537135                    0.1                    0.1      0.509560479921244                     10
                  537.5     -1.205012469394829     0.4743192016145597                    0.1                    0.1     0.4735041589969778                     10
                    540     -1.308717059813714     0.9097671852935277                    0.1                    0.1     0.3844121000259441                     10
                  542.5     -1.996136049292062      1.049482513866761                    0.1                    0.1     0.3284801104705793                     10
                    545     -2.145099492416259      0.998471647257495                    0.1                    0.1     0.3703078844337657                     10
                  547.5     -1.906000380290103     0.6343456353636335                    0.1                    0.1     0.2716357753394146                     10
                    550     -1.953654006723807     0.8562111813256787                    0.1                    0.1      0.313439783139885                     10
                  552.5     -1.866276391672044     0.8239050084593899                    0.1                    0.1     0.2906121757774892                     10
                    555     -1.805263850377966     0.9245472460300104                    0.1                    0.1     0.2756809746651633                     10
                  557.5      -2.12457978168889     0.5399511644466923                    0.1                    0.1     0.3651155587238927                     10
                    560     -2.252533814048994     0.6060646184389841                    0.1                    0.1     0.3856192533486993                     10
                  562.5     -2.279912470005684      1.022301840150597                    0.1                    0.1     0.4796915987900829                     10
                    565     -2.264395202080023     0.5353728198555533                    0.1                    0.1      0.399259799159748                     10
                  567.5     -1.638274221574624     0.3424786885235633                    0.1                    0.1     0.3972441587457048                     10
                    570     -2.311663377150826     0.6470563520255986                    0.1                    0.1     0.3938524427073691                     10
                  572.5     -1.987242712948946     0.6174413088151026                    0.1                    0.1     0.2927818467264035                     10
                    575    -0.8424844954354268     0.7155454408504262                    0.1                    0.1     0.5528981323200975                     10
                  577.5       -1.4592122204589     0.3899599264694025                    0.1                    0.1     0.3724522826986332                     10
                    580     -2.279805515711329     0.5132067964603052                    0.1                    0.1     0.3932774917128844                     10
                  582.5      -1.95418816053708      1.225352034482372                    0.1                    0.1     0.4071109519124686                     10
                    585    -0.7349768870907302     0.7539120671729604                    0.1                    0.1      0.539548741035108                     10
                  587.5     -2.426836282834052     0.5840855365644505                    0.1                    0.1     0.4860977191197626                     10
                    590     -1.132500308366212     0.6747873729861764                    0.1                    0.1     0.4589853240321573                     10
                  592.5     -1.330590707547866     0.5216446666571927                    0.1                    0.1     0.4078005523633915                     10
                    595     -2.259473001429455     0.8248121756307027                    0.1                    0.1     0.3823400415976952                     10
                  597.5      -1.31941378758316        0.7532266865104                    0.1                    0.1      0.373119835917163                     10
                    600     -1.884175514028159     0.5695423302535746                    0.1                    0.1     0.2723979309964611                     10
                  602.5     -1.955441798424211     0.5003242185766034                    0.1                    0.1     0.3171373998022499                     10
                    605      -2.31585105360585     0.7008664309091696                    0.1                    0.1     0.3655686164594978                     10
                  607.5     -1.651933438028892     0.7088122893846339                    0.1                    0.1     0.2913670282425232                     10
                    610     -1.348301375299536      1.179242913424099                    0.1                    0.1     0.4322536985190001                     10
                  612.5     -1.943445271295999      0.546018048252559                    0.1                    0.1     0.2815919965106225                     10
                    615      -1.35064187140211     0.4778077147226952                    0.1                    0.1     0.3831472505772336                     10
                  617.5     -1.286612811928073      1.282525083710794                    0.1                    0.1     0.4465172904146995                     10
                    620     -2.126532445473665     0.3352448765659654                    0.1                    0.1     0.4240968823671214                     10
                  622.5     -1.828312647639075      1.032093422944722                    0.1                    0.1     0.3006607045104497                     10
                    625     -1.264858263178657   -0.07389741943909313                    0.1                    0.1     0.5327540110782396                     10
                  627.5      -1.84655941910869     0.6787844775017124                    0.1                    0.1     0.2423460070781428                     10
                    630     -1.926041190776555      1.013194330547443                    0.1                    0.1     0.2951369098361325                     10
                  632.5     -1.739699686324425     0.8136286381340035                    0.1                    0.1     0.2621619937271442                     10
                    635     -1.497565792394226     0.7691232976503533                    0.1                    0.1     0.3048773709954248                     10
                  637.5     -1.658576909004548     0.8534413600822337                    0.1                    0.1     0.2611241017350818                     10
                    640     -1.481636088647135     0.4691268201275978                    0.1                    0.1     0.3353649587566193                     10
                  642.5     -1.634853152477645       0.53098119782355                    0.1                    0.1      0.325030499304767                     10
                    645     -1.759927329256293     0.1135847807834363                    0.1                    0.1     0.4685929913053817                     10
                  647.5     -1.058553987416739     0.5847669087432701                    0.1                    0.1     0.4550476358224801                     10
                    650     -1.911261765612291      1.334983302082946                    0.1                    0.1      0.474279963175859                     10
                  652.5     -1.439150221672152     0.9385348328579586                    0.1                    0.1     0.3298599654217632                     10
                    655     -1.389402351293196    0.06322886145136292                    0.1                    0.1     0.5040536376434727                     10
                  657.5     -1.504165480415239      1.217150510227565                    0.1                    0.1     0.4303364034271692                     10
                    660     -2.102546795710387     0.7759226574089138                    0.1                    0.1     0.3204624678461286                     10
                  662.5     -0.931774668698667     0.8797133121513391                    0.1                    0.1     0.5216394100741382                     10
                    665     -1.029896266982018     0.9038312420127103                    0.1                    0.1     0.4711202613163999                     10
                  667.5     -1.258992729007771       1.12344471647578                    0.1                    0.1     0.4262314796876978                     10
                    670     -2.208530839323473     0.5927592842735147                    0.1                    0.1     0.3213499207370041                     10
                  672.5     -2.326065989853432     0.9024895063757306                    0.1                    0.1     0.4359408052954764                     10
                    675     -1.961425676304157     0.9687521921688882                    0.1                    0.1     0.2855679346201584                     10
                  677.5       -1.9072428062616     0.7620411388974714                    0.1                    0.1     0.2620936235313241                     10
                    680     -2.157169560829059      0.928254479008126                    0.1                    0.1     0.3428357694569424                     10
                  682.5     -1.451719648097053       1.09096629889209                    0.1                    0.1     0.3774812356818062                     10
                    685     -1.620060616491301      1.192918717613736                    0.1                    0.1     0.3880601401785153                     10
                  687.5     -1.575168185573022     0.4987838266306154                    0.1                    0.1     0.3214616447420253                     10
                    690     -1.425219969549795     0.1884780222170833                    0.1                    0.1     0.4775015130168433                     10
                  692.5     -2.054095657052901      1.115122809202413                    0.1                    0.1     0.3328842207647514                     10
                    695     -2.220914248539878     0.6370059683370567                    0.1                    0.1     0.3049282777084641                     10
                  697.5     -2.183845284798582     0.8303526827568278                    0.1                    0.1      0.323280296390374                     10
                    700     -1.621308572205495     0.3697380889324943                    0.1                    0.1     0.3597501689203786                     10
                  702.5     -1.977571971620916     0.7614778081396208                    0.1                    0.1     0.2717691819793956                     10
                    705     -1.594816621659469     0.1832743573045047                    0.1                    0.1     0.4317425582500182                     10
                  707.5     -1.198424403377981      0.324764680738005                    0.1                    0.1     0.4792294650406347                     10
                    710      -1.85782783327455      1.214221647900897                    0.1                    0.1     0.3571003935620342                     10
                  712.5     -1.326198896458492     0.4180410067637464                    0.1                    0.1      0.381996336835362                     10
                    715     -1.228245493200473      1.063704403911258                    0.1                    0.1      0.411323597969406                     10
                  717.5     -1.609407879437236     0.2950074726952547                    0.1                    0.1     0.3651941422332796                     10
                    720     -2.157295233301589     0.9040537086849598                    0.1                    0.1     0.3197382208181043                     10
                  722.5     -1.277681483571138     0.3982240700991497                    0.1                    0.1     0.3994624391562868                     10
                    725      -1.60645353849007     0.8733935969744459                    0.1                    0.1     0.2677517223182462                     10
                  727.5     -1.132324781659916     0.4757957988995195                    0.1                    0.1     0.4239245575361957                     10
                    730     -2.057762607971667      1.324523799773629                    0.1                    0.1     0.4833829806441439                     10
                  732.5     -1.934114447597165      1.127776426290021                    0.1                    0.1      0.308311546972202                     10
                    735     -1.067670824918717     0.7309005969720518                    0.1                    0.1      0.457830493210595                     10
                  737.5     -1.696773648356122      1.301889907072211                    0.1                    0.1     0.4354178762390645                     10
                    740    -0.6200535038035412      1.286714207493327                    0.1                    0.1     0.5545262112549293                     10
                  742.5    -0.5834774714905941      1.184647491004011                    0.1                    0.1     0.5385439302123588                     10
                    745     -0.650814089396945      1.204619813463056                    0.1                    0.1     0.5118745868137676                     10
                  747.5     -1.967052026794349     0.2685861865194697                    0.1                    0.1     0.4169043575845682                     10
                    750     -1.076692305859301      1.211749559441156                    0.1                    0.1     0.4835360679657145                     10
                  752.5     -1.250831114889933      1.421622264869144                    0.1                    0.1     0.5193199795129165                     10
                    755     -1.142410217455871      1.143781457629234                    0.1                    0.1     0.4415919826033901                     10
                  757.5     -2.222448061966125     0.9417050905163282                    0.1                    0.1     0.3589351359216185                     10
                    760     -1.686122599743929     0.1966814878578752                    0.1                    0.1     0.3933081515855463                     10
                  762.5     -1.735678562216256     0.2244854855910821                    0.1                    0.1      0.377722619131918                     10
                    765     -1.900290701745495      0.127883557850324                    0.1                    0.1     0.4791875678618328                     10
                  767.5     -1.372188160905554     0.5906888247819435                    0.1                    0.1     0.3560017198743046                     10
                    770     -1.398672994119317       1.16528217387787                    0.1                    0.1     0.3794998031717231                     10
                  772.5    -0.9154016266889083      1.063003598585145                    0.1                    0.1     0.4758093055166954                     10
                    775     -1.597529204497184     0.6227493593644923                    0.1                    0.1     0.2937235733096801                     10
                  777.5     -1.302539143283877     0.6553814994569258                    0.1                    0.1     0.3624462284813614                     10
                    780     -1.874125558522507     0.4748491961856695                    0.1                    0.1     0.3021962876144154                     10
                  782.5     -2.051605435059588      1.210845865947531                    0.1                    0.1     0.3692199305308599                     10
                    785     -1.175711561242601   -0.01397596591582793                    0.1                    0.1     0.5301516059085707                     10
                  787.5     -1.484797993490721      1.297457269669996                    0.1                    0.1     0.4401547642562663                     10
                    790     -1.625222378173609      1.178179562961956                    0.1                    0.1     0.3553187849326003                     10
                  792.5     -2.100010457543932      1.067376461521589                    0.1                    0.1     0.3073470441022504                     10
                    795     -1.827597243369563      1.126310206363089                    0.1                    0.1     0.3053531710952666                     10
                  797.5     -1.349676354281311      0.648016312294273                    0.1                    0.1       0.33722805366554                     10
                    800     -1.799891965501925     0.7659531116489073                    0.1                    0.1     0.2462998901805346                     10
                  802.5      -1.06462890665979      1.050927458110927                    0.1                    0.1     0.4369984170907713                     10
                    805     -2.223215193670825     0.5395457905725126                    0.1                    0.1     0.3242190075401547                     10
                  807.5     -1.998820316256111     0.6366018588340823                    0.1                    0.1     0.2612250837814369                     10
                    810      -1.85841905618284     0.9814978760449414                    0.1                    0.1     0.2608763575272208                     10
                  812.5     -1.559338034760178     0.7056529246062732                    0.1                    0.1     0.2805409301315093                     10
                    815     -1.534382968523443      1.252070834036079                    0.1                    0.1     0.3867307593316955                     10
                  817.5     -2.262832413115775       1.07734402969179                    0.1                    0.1     0.4341129125049102                     10
                    820     -2.103429516219045     0.9061028767292166                    0.1                    0.1     0.2812161351038375                     10
                  822.5     -1.889234743773107     0.3973561082735447                    0.1                    0.1     0.3346188343381727                     10
                    825     -2.034994612985877       1.00366425211405                    0.1                    0.1     0.2617096640276654                     10
                  827.5     -1.924104163903206     0.9229824305401316                    0.1                    0.1     0.2576919991131505                     10
                    830     -1.140474772917972     0.8298998819828574                    0.1                    0.1     0.4047717975783468                     10
                  832.5      -1.73504985642576      1.009980151593608                    0.1                    0.1     0.2674502887207232                     10
                    835     -2.001587036158782     0.3932115439877447                    0.1                    0.1     0.3397406342013398                     10
                  837.5     -2.348706699908633      1.076643051881743                    0.1                    0.1     0.4778525096626442                     10
                    840     -1.621648887072453     0.3972600179673145                    0.1                    0.1     0.3255222228495341                     10
                  842.5     -1.728239128880404    0.01666352578755802                    0.1                    0.1     0.4746208710257794                     10
                    845     -1.723993322020516      1.286366185182708                    0.1                    0.1     0.3887746944552156                     10
                  847.5     -1.647770809693881     0.3590927496537418                    0.1                    0.1     0.3249011364223228                     10
                    850     -1.432398125587624      1.037206998895048                    0.1                    0.1     0.3351258666971749                     10
                  852.5    -0.8878234135758121     0.5288844237036018                    0.1                    0.1     0.5144759538992409                     10
                    855     -1.345141333873965     0.9616816348709577                    0.1                    0.1     0.3329595079560569                     10
                  857.5      -1.64332220109221     0.4949947635588949                    0.1                    0.1     0.2970996441662187                     10
                    860     -2.180306370564375     0.7934883986502297                    0.1                    0.1     0.2886239127355022                     10
                  862.5     -1.554999130852442      1.196097146697306                    0.1                    0.1     0.3411871294227509                     10
                    865     -1.326200392776738    -0.1196031988203357                    0.1                    0.1     0.4932484672416792                     10
                  867.5     -1.765577039330801      1.277924583521871                    0.1                    0.1     0.3635530835198386                     10
                    870     -1.883073794088015     0.2704963304636512                    0.1                    0.1     0.3677795987186553                     10
                  872.5     -2.091085468259162      1.019912764899661                    0.1                    0.1     0.2678536886687891                     10
                    875      -1.73782095066943     0.5321200762801338                    0.1                    0.1     0.2769640233122806                     10
                  877.5     -1.290460705099677     0.9792671653821596                    0.1                    0.1     0.3417773892398158                     10
                    880     -2.148281531285724     0.8374467948078516                    0.1                    0.1     0.2766113876419977                     10
                  882.5     -1.645788957964153     0.8075588599136087                    0.1                    0.1     0.2476209822425809                     10
                    885     -1.664936056647666     0.4419301887604729                    0.1                    0.1     0.2979416243017305                     10
                  887.5     -1.358929712078128      1.072100077229516                    0.1                    0.1      0.332945711060576                     10
                    890     -1.769917618734264      1.036094949655114                    0.1                    0.1     0.2649210892550122                     10
                  892.5     -1.661567152276498     0.9801571761710447                    0.1                    0.1     0.2548355419100298                     10
                    895    -0.6804834068200049     0.8933984421925159                    0.1                    0.1     0.5405280165768103                     10
                  897.5    -0.3861818557244538      1.426048138826151                    0.1                    0.1     0.5545005740633067                     10
                    900     -1.427751471733116     0.2890557603916535                    0.1                    0.1     0.3904420383445133                     10
                  902.5     -2.040022200267204      1.049502899262726                    0.1                    0.1     0.2556490967612486                     10
                    905      -1.08924940548326      1.335586515338385                    0.1                    0.1     0.4985667330297758                     10
                  907.5    -0.6657575821393544     0.8583684477970862                    0.1                    0.1     0.5115679507002492                     10
                    910     -1.045165721831564      1.139756088971921                    0.1                    0.1     0.4239480902267423                     10
                  912.5    -0.9910714805484844     0.7713729046702944                    0.1                    0.1     0.4648924523637346                     10
                    915     -1.328970669206081     0.9127483378821545                    0.1                    0.1     0.3178869583909375                     10
                  917.5     -1.181861965520528     0.9773066085587307                    0.1                    0.1     0.3623059936278242                     10
                    920     -1.480012015898186     0.6335957180247744                    0.1                    0.1     0.3014432618066836                     10
                  922.5     -1.461890004841921     0.8322164693492832                    0.1                    0.1     0.2826175238000792                     10
                    925     -1.192733521200668     0.5576793819552878                    0.1                    0.1     0.3893767179314483                     10
                  927.5     -1.711510619067893     0.7612448590255601                    0.1                    0.1     0.2392924686507895                     10
                    930     -1.505335153138615     0.5790095972451049                    0.1                    0.1     0.2889932620091076                     10
                  932.5     -1.215602199963636     0.8830804976781036                    0.1                    0.1     0.3473745183393401                     10
                    935     -1.894404805843451      0.822143606475996                    0.1                    0.1     0.2473912952131765                     10
                  937.5     -1.774729565937443      1.108176298906853                    0.1                    0.1     0.2825701063926377                     10
                    940     -2.417251859353932        1.0816904128376                    0.1                    0.1     0.4890313049116524                     10
                  942.5     -2.207894073472342     0.7307630134205418                    0.1                    0.1      0.275707418135812                     10
                    945     -1.939141063349004     0.5029432370536494                    0.1                    0.1     0.2706005728678935                     10
                  947.5     -1.347160111123509     0.9911426395676091                    0.1                    0.1     0.2941288792557513                     10
                    950     -1.631120958821251     0.3067047073412247                    0.1                    0.1     0.3138529947024931                     10
                  952.5     -2.176016196498364     0.8932599798440122                    0.1                    0.1     0.2779906105305724                     10
                    955     -1.898085613990417     0.7991216125702959                    0.1                    0.1     0.2390379858811314                     10
                  957.5     -1.933849897434635     0.7885529984726256                    0.1                    0.1     0.2376245882874189                     10
                    960     -2.175148403312276     0.6148356863694064                    0.1                    0.1     0.2794223298737791                     10
                  962.5     -1.421158113011152     0.7851332726555058                    0.1                    0.1     0.2836160440304424                     10
                    965     -2.016295065381192      1.207291955786358                    0.1                    0.1     0.3343625759272095                     10
                  967.5    -0.4163598419389134     0.9307314831716645                    0.1                    0.1      0.553403563794858                     10
                    970     -1.313501441726502      1.257558775166866                    0.1                    0.1     0.3759733158691112                     10
                  972.5     -1.251210057213857      1.351627853266603                    0.1                    0.1     0.4354841800939698                     10
                    975     -1.289160182451822     0.1725974050428708                    0.1                    0.1     0.4634470534084437                     10
                  977.5     -2.376973431921581      1.010305877423529                    0.1                    0.1     0.4306845774291151                     10
                    980     -1.104369330093095     0.7389743327456596                    0.1                    0.1     0.3930443160564619                     10
                  982.5    -0.8429479171577138     0.5534721596658991                    0.1                    0.1     0.5053859038088455                     10
                    985     -1.072903448930276      1.031306596523298                    0.1                    0.1     0.3935561486381917                     10
                  987.5     -2.042893027865145     0.3641768917464361                    0.1                    0.1     0.3439970540082583                     10
                    990     -1.846531823836803     0.9105015207077213                    0.1                    0.1     0.2285330101350619                     10
                  992.5     -1.036469990417739     0.1021512878304982                    0.1                    0.1     0.5395326362053652                     10
                    995     -2.423446812306457     0.9108588250964944                    0.1                    0.1     0.4338337750503742                     10
                  997.5     -1.130646452174722     0.2797418037456925                    0.1                    0.1     0.4658355926508571                     10
                   1000    -0.9557719797154166     0.8221389211034262                    0.1                    0.1      0.446860353605147                     10
                 1002.5     -1.596530072374901      1.183131824081422                    0.1                    0.1     0.3170155803959778                     10
                   1005     -2.015599768315898     0.6997544389655113                    0.1                    0.1     0.2481297074136394                     10
                 1007.5     -2.429141881619131     0.4910630987516131                    0.1                    0.1     0.4847422600151225                     10
                   1010     -2.199684206245437      0.870637852842026                    0.1                    0.1     0.2754719067551074                     10
                 1012.5      -2.42713317928855     0.6398200607911738                    0.1                    0.1     0.4367965297613301                     10
                   1015     -1.800186238908964     0.2134515562476934                    0.1                    0.1     0.3621483711632189                     10
                 1017.5     -2.239264990217706       1.23903158920859                    0.1                    0.1     0.4631955501015236                     10
                   1020     -1.979529458018916     0.9350543963396758                    0.1                    0.1     0.2336511966733548                     10
                 1022.5     -1.802144570164643     0.2989414349671529                    0.1                    0.1     0.3269443022721796                     10
                   1025     -1.780717186778389      1.044286353305655                    0.1                    0.1     0.2471906662186899                     10
                 1027.5     -2.016989914677846      1.028827874679418                    0.1                    0.1     0.2339424466924239                     10
                   1030     -1.429782937016637     0.5120170564375801                    0.1                    0.1     0.2968835312361529                     10
                 1032.5     -1.608041275443904     0.5183482146603504                    0.1                    0.1     0.2649488863484845                     10
                   1035     -2.203701488557461     0.2776805932683765                    0.1                    0.1     0.4705986827843545                     10
                 1037.5     -1.683982219488492    0.08972399451113057                    0.1                    0.1     0.4091315140198526                     10
                   1040    -0.8443812679783114      1.339778073933432                    0.1                    0.1      0.524587999740588                     10
                 1042.5    -0.7805317651630678     0.8921328076926742                    0.1                    0.1     0.4853367857172194                     10
                   1045     -1.519614643263116       1.02673648059622                    0.1                    0.1     0.2873096690318968                     10
                 1047.5     -1.491301645452048     0.1285081503784421                    0.1                    0.1     0.4444363913883058                     10
                   1050     -1.936792657928123     0.4678809114147127                    0.1                    0.1     0.2731250389357465                     10
                 1052.5      -1.17449791931595      1.308004765482014                    0.1                    0.1     0.4232087258020204                     10
                   1055    -0.7233895162067013      1.200213784306459                    0.1                    0.1     0.5005876411965978                     10
                 1057.5     -1.025762850306725      1.411909899279085                    0.1                    0.1     0.5090004108857678                     10
                   1060     -1.691167400218752    0.09097206346352192                    0.1                    0.1     0.3881129652256502                     10
                 1062.5     -1.219153936096905       1.64707261770419                    0.1                    0.1     0.5526824887677919                     10
                   1065     -1.334996794574678    -0.5500873111381802                    0.1                    0.1     0.5555555555555556                     10
                 1067.5     -1.834164350581085      1.434236889434294                    0.1                    0.1     0.5060527620008115                     10
                   1070     -1.632331564739878     0.2492877999948572                    0.1                    0.1     0.3127753018586937                     10
                 1072.5     -1.299793975429817    -0.1693997248803571                    0.1                    0.1     0.4946422458490057                     10
                   1075     -2.312355770260028      1.258400104326636                    0.1                    0.1     0.4951053267542295                     10
                 1077.5     -1.046897471314406     0.7031365266433914                    0.1                    0.1     0.4018690348044923                     10
                   1080     -0.963328236613157     0.5675646370494266                    0.1                    0.1     0.4305034321492237                     10
                 1082.5    -0.6456799878576895      0.593386001304296                    0.1                    0.1     0.5416923229096595                     10
                   1085     -1.883964714513896      1.042997927215502                    0.1                    0.1     0.2335481439074816                     10
                 1087.5     -1.288749818406978     0.2091434618220004                    0.1                    0.1     0.4254680720009984                     10
                   1090     -1.524369979712057     0.9804102499141653                    0.1                    0.1     0.2695855052074054                     10
                 1092.5     -1.216508416200615     0.8514057032224452                    0.1                    0.1     0.3330864548797156                     10
                   1095     -1.977000825753313     0.8705098102500263                    0.1                    0.1      0.230839480795526                     10
                 1097.5     -2.181355066926217     0.8930224390444454                    0.1                    0.1      0.261435094509991                     10
                   1100     -1.352166301299599     0.7762282081130892                    0.1                    0.1     0.2975845776945991                     10
                 1102.5     -1.708417024972373      1.007743276394158                    0.1                    0.1     0.2362698154838735                     10
                   1105     -1.916884613278186     0.5172384754503306                    0.1                    0.1     0.2440396927409883                     10
                 1107.5      -1.73406640944754      1.008317452959484                    0.1                    0.1     0.2266050734130749                     10
                   1110     -2.176162847033074     0.2974727193068558                    0.1                    0.1     0.4210823368347448                     10
                 1112.5     -1.684186695727371     0.4723519499944186                    0.1                    0.1     0.2734628686181265                     10
                   1115     -2.023458117449326      1.234086590824115                    0.1                    0.1     0.3433334675465103                     10
                 1117.5    -0.5721430589642711      1.069404657466852                    0.1                    0.1     0.5168869147978562                     10
                   1120    -0.9762362150582828      1.483063512433182                    0.1                    0.1     0.5144242306643817                     10
                 1122.5     -1.554198906824761   -0.06397028461606574                    0.1                    0.1     0.5075111453125802                     10
                   1125     -1.409356792050432      1.388821807902983                    0.1                    0.1     0.4661945047682756                     10
                 1127.5     -1.146467412304841     0.3527279503232608                    0.1                    0.1     0.4205557286105955                     10
                   1130    -0.6758613359515492      1.010025388416465                    0.1                    0.1     0.4925973676946332                     10
                 1132.5    -0.6630007944211446       1.11968973243144                    0.1                    0.1     0.4630665558212318                     10
                   1135     -1.574997351656757     0.6788222690403081                    0.1                    0.1     0.2538360812643746                     10
                 1137.5       -2.4174027894355     0.6522114405761197                    0.1                    0.1     0.4099910082061814                     10
                   1140     -2.372836053823403     0.7945395569064665                    0.1                    0.1     0.3719718510239225                     10
                 1142.5     -2.199341459019977     0.8847941391316217                    0.1                    0.1     0.2607074359422921                     10
                   1145      -1.29133345990016     0.6413516510928924                    0.1                    0.1     0.3243418713788075                     10
                 1147.5     -2.359854880298169      1.049564225884067                    0.1                    0.1     0.4040603222590494                     10
                   1150     -2.206342420597749     0.2088395345674433                    0.1                    0.1      0.486213814256176                     10
                 1152.5     -1.989075959267493     0.9249621693705572                    0.1                    0.1     0.2181204684704579                     10
                   1155     -1.834076187053932     0.9167616539980331                    0.1                    0.1     0.2088502451505449                     10
                 1157.5     -1.659693156158273      1.308821069176731                    0.1                    0.1      0.380335922975657                     10
                   1160      -1.60541183981003     0.7227914516216897                    0.1                    0.1     0.2401783305505453                     10
                 1162.5     -1.973320347349782     0.7605620721900964                    0.1                    0.1     0.2254956334587457                     10
                   1165      -2.08419681105521     0.5070754622206961                    0.1                    0.1     0.2952414427682051                     10
                 1167.5     -2.051731313836064     0.6803588027476081                    0.1                    0.1     0.2449636205838365                     10
                   1170     -1.500466384438583     0.7945163069331058                    0.1                    0.1     0.2473919641888464                     10
                 1172.5     -2.339271396073861     0.7324742510590259                    0.1                    0.1     0.3202096983822182                     10
                   1175     -1.718579575528253      1.008179240902176                    0.1                    0.1     0.2221737600211438                     10
                 1177.5     -1.128837286410868      1.005543708036716                    0.1                    0.1     0.3526789679335118                     10
                   1180     -2.439444403957535     0.4546412657862351                    0.1                    0.1     0.4757908695653169                     10
                 1182.5     -1.857921691208066      1.203922124162233                    0.1                    0.1     0.2905115747105175                     10
                   1185     -1.861352907101834      1.368327461868629                    0.1                    0.1     0.4223338731386463                     10
                 1187.5     -2.078779286499291     0.4949339323388495                    0.1                    0.1     0.2878732820582595                     10
                   1190     -2.074686554983821     0.7442204161678081                    0.1                    0.1     0.2383195165470359                     10
                 1192.5     -1.836463499649938     0.4888834119790703                    0.1                    0.1     0.2523881230137082                     10
                   1195     -1.588183058015593     0.9161346763587938                    0.1                    0.1     0.2360352188424141                     10
                 1197.5     -1.870627672416177     0.1494683287264894                    0.1                    0.1     0.4004809110815383                     10
                   1200      -2.21581704338304     0.7425160636009317                    0.1                    0.1     0.2436860355737176                     10
                 1202.5     -1.411573710052541      1.191540992740448                    0.1                    0.1     0.3275053726321359                     10
                   1205     -2.036833976773003     0.7098126646341838                    0.1                    0.1     0.2269241061959112                     10
                 1207.5     -1.304971881351676     0.4639495402120692                    0.1                    0.1     0.3307324555950026                     10
                   1210     -2.040758301364486     0.3307346793312868                    0.1                    0.1     0.3268793105817638                     10
                 1212.5     -1.617903170866371     0.3320886762622996                    0.1                    0.1     0.2815375126741701                     10
                   1215     -2.345772672288493     0.9275779489295742                    0.1                    0.1     0.3524927802820329                     10
                 1217.5    -0.9595297556625813     0.2454219669270376                    0.1                    0.1     0.5210061849935211                     10
                   1220     -1.606253998725151     0.1411150022418721                    0.1                    0.1      0.361845424609151                     10
                 1222.5     -2.288282649124721     0.8646910671921781                    0.1                    0.1     0.2881368330344128                     10
                   1225     -1.571639535935302      1.103360093227639                    0.1                    0.1     0.2783022514447369                     10
                 1227.5     -2.265807404158884     0.9077441465160409                    0.1                    0.1     0.2809241673945829                     10
                   1230     -1.450421805066223     0.2844377966107359                    0.1                    0.1     0.3502441072751264                     10
                 1232.5     -1.415671491961602     0.6743582605312389                    0.1                    0.1     0.2727636974055873                     10
                   1235      -1.79366990336257    0.07655081248008072                    0.1                    0.1     0.3938698278081043                     10
                 1237.5    -0.8766927484089366      1.295544571902426                    0.1                    0.1     0.4837668681272008                     10
                   1240     -1.729531449553445     0.7411920956679365                    0.1                    0.1     0.2230336508698176                     10
                 1242.5     -1.353124944615508     0.9725253769021159                    0.1                    0.1     0.2714519183866261                     10
                   1245     -1.758044245825654       1.11134842865322                    0.1                    0.1     0.2517817861666813                     10
                 1247.5     -1.697201241671839     0.9172092231723488                    0.1                    0.1     0.2009380733387517                     10
                   1250     -2.035424288400822      0.856111848615128                    0.1                    0.1     0.2159675332212176                     10
