#! FIELDS time p.x p.y sigma_p.x sigma_p.y height biasf
#! SET multivariate false
#! SET kerneltype stretched-gaussian
                    2.5    -0.2483303530451998     -1.382818958919908                    0.1                    0.1     0.5555555555555556                     10
                      5     -2.432454816800508      1.273109796180841                    0.1                    0.1     0.5555555555555556                     10
                    7.5     -1.494056325423467     0.9912269558655503                    0.1                    0.1     0.5555555555555556                     10
                     10     -1.556063699050077     0.2239517199420363                    0.1                    0.1     0.5555555555555556                     10
                   12.5     -1.728169988147494      1.222064373847142                    0.1                    0.1     0.5554760191759749                     10
                     15      -1.50143315366115     0.3755660997042456                    0.1                    0.1     0.5472195052013019                     10
                   17.5     -1.710476160562845     0.2576323341269673                    0.1                    0.1     0.5451695379462075                     10
                     20     -1.854268142028563      1.176816259233743                    0.1                    0.1     0.5431243027783155                     10
                   22.5     -1.624928674776841     0.2584831342773846                    0.1                    0.1     0.5067111954875059                     10
                     25     -2.092328877473904     0.6942411199156707                    0.1                    0.1     0.5555555555555556                     10
                   27.5     -1.952067332252768       1.16751910138954                    0.1                    0.1     0.5351774880546475                     10
                     30     -1.580089289334718     0.6702885997254447                    0.1                    0.1     0.5552591122838583                     10
                   32.5      -1.34509172285728     0.8586312902414738                    0.1                    0.1     0.5511180780491932                     10
                     35     -1.347810976169399      0.759383218843608                    0.1                    0.1     0.5352077326663091                     10
                   37.5     -1.569249437072832      0.704102647384776                    0.1                    0.1      0.524231026942089                     10
                     40     -1.980986128886691      1.035914040816831                    0.1                    0.1     0.5386920538887977                     10
                   42.5     -1.866960304712658     0.8153776224413469                    0.1                    0.1     0.5528784309496042                     10
                     45     -2.005960190479897     0.6401555377923513                    0.1                    0.1     0.5350915710089349                     10
                   47.5     -1.777648573816001     0.9979072521769321                    0.1                    0.1     0.5397997765794057                     10
                     50     -1.764611578389612     0.4946496963175683                    0.1                    0.1     0.5508816383481148                     10
                   52.5     -2.060824209744303      1.025897214328402                    0.1                    0.1     0.5265765493544294                     10
                     55     -2.007437708394049     0.5387825191841062                    0.1                    0.1     0.5303550013584852                     10
                   57.5     -1.981995197262957     0.9556519187684822                    0.1                    0.1     0.5055124565099547                     10
                     60      -1.81151777920678     0.6193035266958559                    0.1                    0.1     0.5291286409063538                     10
                   62.5     -1.768325087511474     0.9411112320005521                    0.1                    0.1     0.5151045272005913                     10
                     65     -2.009750262522758     0.4653867840133619                    0.1                    0.1     0.5234145245501016                     10
                   67.5     -1.609428338142862      1.035250774701918                    0.1                    0.1      0.526659006006114                     10
                     70     -1.792938897010244     0.4195762113547289                    0.1                    0.1      0.518448692419517                     10
                   72.5     -1.719514233921977       1.19936528394134                    0.1                    0.1     0.5055520946957512                     10
                     75     -1.742068059915793     0.3952617137566068                    0.1                    0.1     0.4940867541773917                     10
                   77.5     -1.496455643741253     0.6270136892458787                    0.1                    0.1     0.5143453550104176                     10
                     80     -1.465146123884696      1.197612104406744                    0.1                    0.1     0.5474773668859735                     10
                   82.5      -1.58416889469957     0.4700597429312572                    0.1                    0.1     0.5113268090669314                     10
                     85     -2.140847032173363     0.2408681212546815                    0.1                    0.1      0.554531865067831                     10
                   87.5     -1.615302916983836      0.829087841564676                    0.1                    0.1      0.518009115010681                     10
                     90     -1.453004387757135      1.153716163669857                    0.1                    0.1     0.5164154769251463                     10
                   92.5      -1.96427938088685     0.5945839730467889                    0.1                    0.1     0.4794400721399931                     10
                     95     -2.069986139783453     0.9424801827097519                    0.1                    0.1     0.5008721907646482                     10
                   97.5     -1.878800038224986     0.5475423711494208                    0.1                    0.1      0.469835505175959                     10
                    100     -1.436570378531613      1.261359617428477                    0.1                    0.1     0.5155319719450402                     10
                  102.5     -1.713335518304197     0.8577218849452706                    0.1                    0.1     0.4953157601582167                     10
                    105     -2.019727077799341     0.3599262942554516                    0.1                    0.1     0.5205287226303484                     10
                  107.5      -1.46582114058538     0.4678297298155339                    0.1                    0.1     0.5111423210134705                     10
                    110     -2.024414812007147      1.049497000305744                    0.1                    0.1     0.4630098469398776                     10
                  112.5     -1.732833111034564      1.005585605942527                    0.1                    0.1     0.4709278634026251                     10
                    115     -2.201132615299049     0.6618033152899446                    0.1                    0.1     0.5314637925763773                     10
                  117.5     -1.945744432937455     0.6359733785714181                    0.1                    0.1     0.4527669574302246                     10
                    120     -2.117616025628974     0.7763444244709509                    0.1                    0.1      0.503652199827837                     10
                  122.5     -1.842377008941348     0.9086170974190627                    0.1                    0.1     0.4637417092130348                     10
                    125     -2.047978945197661     0.8917171409738954                    0.1                    0.1     0.4672770720853804                     10
                  127.5      -1.80647128386341     0.5934292237909469                    0.1                    0.1      0.459690495178048                     10
                    130     -1.857162685145232     0.5856821807829317                    0.1                    0.1     0.4249774437314813                     10
                  132.5     -1.661299195755645      1.019157309294861                    0.1                    0.1     0.4599600458161365                     10
                    135     -2.238808846046329      1.028853326983066                    0.1                    0.1     0.5386129510920084                     10
                  137.5     -1.481511208574563       1.06063168708266                    0.1                    0.1      0.481871828190836                     10
                    140      -1.65141323546456     0.4233570361807435                    0.1                    0.1     0.4663610693889806                     10
                  142.5      -2.20363582802384     0.4991900860851531                    0.1                    0.1     0.5317398900500373                     10
                    145     -1.768606648690893     0.4749592631375393                    0.1                    0.1     0.4294419615182283                     10
                  147.5     -1.568815414817487     0.2951508672683868                    0.1                    0.1     0.4657526550956884                     10
                    150     -2.065997680107663      0.461376194133826                    0.1                    0.1     0.4680873805953417                     10
                  152.5     -1.392888689629062     0.9388739255083651                    0.1                    0.1     0.5012919917778363                     10
                    155     -1.527796335941981     0.7516863970700102                    0.1                    0.1     0.4744314845601382                     10
                  157.5     -2.445993503287977     0.9369381549974624                    0.1                    0.1     0.5532683428368613                     10
                    160     -1.695537580634823      1.206771011435583                    0.1                    0.1     0.4760847828303038                     10
                  162.5     -1.389938196420085      0.822440581000398                    0.1                    0.1     0.4767456770543747                     10
                    165      -2.25646689642564     0.8904581144811027                    0.1                    0.1     0.5223736635686883                     10
                  167.5     -1.680233192782762     0.6835308484143801                    0.1                    0.1     0.4687793206029123                     10
                    170     -1.582830392607937     0.4738508475612973                    0.1                    0.1     0.4480636633489997                     10
                  172.5     -2.045151433807149     0.5856729228119627                    0.1                    0.1     0.4210947549662688                     10
                    175     -1.570008897259156       1.04516518447487                    0.1                    0.1     0.4443357582525013                     10
                  177.5     -2.053551672986786     0.9048442447949235                    0.1                    0.1     0.4385026880704575                     10
                    180     -1.185573567710632     0.6857170345748801                    0.1                    0.1     0.5462472942973728                     10
                  182.5     -1.772313821871788     0.5906675901603011                    0.1                    0.1      0.413938489241506                     10
                    185     -1.818527317508581     0.4677880113740049                    0.1                    0.1     0.4034654261391984                     10
                  187.5     -1.679882665356425       1.13399535620283                    0.1                    0.1     0.4365185486403882                     10
                    190     -1.961113885532561     0.8446770785231192                    0.1                    0.1     0.4470596634764979                     10
                  192.5      -1.16414667831995      1.173019883618444                    0.1                    0.1      0.554376186264028                     10
                    195     -2.220503251392406     0.6524815327112453                    0.1                    0.1     0.4883292306425149                     10
                  197.5     -1.977153615124398     0.8356850904546295                    0.1                    0.1     0.4277177923809893                     10
                    200     -1.091767747197059     0.7070865306856098                    0.1                    0.1      0.535434963891787                     10
                  202.5      -1.57778936300429     0.9294482409412269                    0.1                    0.1     0.4421017040721217                     10
                    205     -2.243505483110348     0.6829600717677985                    0.1                    0.1     0.4772616708301162                     10
                  207.5      -1.51969780717767      1.200768048536766                    0.1                    0.1     0.4566572773212332                     10
                    210     -2.002420739996095     0.5807470912972302                    0.1                    0.1     0.3860033908127945                     10
                  212.5     -1.949495466551488      1.163003929949282                    0.1                    0.1     0.4707782288054367                     10
                    215     -2.219624723567557     0.6743058366155628                    0.1                    0.1     0.4429434464611816                     10
                  217.5     -1.496377674699117     0.9508054456555282                    0.1                    0.1     0.4306603267132397                     10
                    220     -1.957414468564322      0.885822994500443                    0.1                    0.1     0.4013477960946767                     10
                  222.5     -1.928372938055946     0.8981660815637726                    0.1                    0.1     0.3913874308753105                     10
                    225     -1.569077948810695     0.6627847061500606                    0.1                    0.1     0.4321650334388077                     10
                  227.5     -1.745821841815808     0.8404767643895674                    0.1                    0.1     0.4343993474215438                     10
                    230     -1.398745914685769     0.6040203369629858                    0.1                    0.1     0.4960482014161581                     10
                  232.5     -1.963823786744337     0.8951628005138043                    0.1                    0.1     0.3679466011837344                     10
                    235     -1.981548557169807     0.8538839209854991                    0.1                    0.1     0.3639707726181248                     10
                  237.5     -1.759577394947624      0.760483008152211                    0.1                    0.1     0.4327652860114284                     10
                    240     -1.759092128659616      1.074680508512777                    0.1                    0.1     0.4142630100608266                     10
                  242.5     -2.042205125101872     0.7251361750135533                    0.1                    0.1     0.3960347703269831                     10
                    245     -1.449845703202534     0.8415844767283951                    0.1                    0.1     0.4337761028581841                     10
                  247.5     -1.269339281941897      1.113007711628684                    0.1                    0.1     0.5227925739687572                     10
                    250     -1.500352133033833      1.032151150130076                    0.1                    0.1     0.4013301328524367                     10
                  252.5     -2.469160561190788      0.852698636537444                    0.1                    0.1     0.5311281828173552                     10
                    255     -1.326161575419147     0.5047862885358811                    0.1                    0.1     0.5215403790595454                     10
                  257.5     -1.571097597954317     0.6782721649678709                    0.1                    0.1     0.4036295758940311                     10
                    260     -1.777735558572725     0.9959302997805973                    0.1                    0.1     0.3884031974991395                     10
                  262.5     -2.111919018928541     0.6958584782762204                    0.1                    0.1     0.3895101086672332                     10
                    265     -2.182423416082663     0.8904605172127459                    0.1                    0.1     0.4491583081988606                     10
                  267.5      -1.52111599713488     0.8552046414181412                    0.1                    0.1     0.4048410945755651                     10
                    270     -1.928477601222729     0.5690248190195931                    0.1                    0.1     0.3612599153120303                     10
                  272.5     -1.627083293871434     0.6827003883343701                    0.1                    0.1     0.3909456883126075                     10
                    275     -2.031268310269181      0.715246606476942                    0.1                    0.1       0.36521476225285                     10
                  277.5     -2.082621974029507      1.173834857155517                    0.1                    0.1     0.4985653947263698                     10
                    280     -2.152514590139984     0.9454051900550019                    0.1                    0.1     0.4183654539741942                     10
                  282.5     -2.081297726080296     0.3347036592643793                    0.1                    0.1     0.4891089930631953                     10
                    285     -1.253534398893436     0.5264563051055203                    0.1                    0.1     0.5148526880273953                     10
                  287.5     -2.173345858446501      1.010162514675377                    0.1                    0.1     0.4356512054273416                     10
                    290     -1.194350452211329     0.4305542680053133                    0.1                    0.1     0.5289082825988705                     10
                  292.5     -1.848354218945273     0.8763262570290439                    0.1                    0.1     0.3675346995450426                     10
                    295     -1.539154928779574      1.052382542149256                    0.1                    0.1     0.3785958350915152                     10
                  297.5     -1.444833988879668     0.7804110758231944                    0.1                    0.1      0.404551739772519                     10
                    300     -1.526455920700705     0.6822146074683851                    0.1                    0.1     0.3738885152512714                     10
                  302.5     -2.049555858784719     0.9826308410459518                    0.1                    0.1     0.3513585871588067                     10
                    305     -2.052429219426194     0.8499425881597044                    0.1                    0.1     0.3359317780714096                     10
                  307.5     -2.252142870259489     0.7528673361101244                    0.1                    0.1     0.4373827998402808                     10
                    310     -1.945480954861242     0.8011817407110237                    0.1                    0.1     0.3433792807193762                     10
                  312.5     -1.554301642096114     0.9275431052969743                    0.1                    0.1     0.3691836136223917                     10
                    315     -1.300433239600346     0.7019197504353418                    0.1                    0.1     0.4656211971979792                     10
                  317.5     -2.090586255203772     0.8978953396243811                    0.1                    0.1     0.3306237300549031                     10
                    320     -1.314757179131656     0.9371185854168126                    0.1                    0.1     0.4657228753179274                     10
                  322.5     -2.290234281349413     0.5087114660440287                    0.1                    0.1     0.5061405845349922                     10
                    325     -2.038299604421346      1.109142820946829                    0.1                    0.1     0.4094630348948696                     10
                  327.5     -1.579839002736487    0.08783603716708553                    0.1                    0.1      0.532000601151969                     10
                    330     -1.960448139932123     0.4810710633182875                    0.1                    0.1     0.3840953138013213                     10
                  332.5     -2.049192507873522     0.9926820110062287                    0.1                    0.1     0.3247843022801205                     10
                    335     -1.653943980497071     0.8249376578745657                    0.1                    0.1     0.3799323106082834                     10
                  337.5      -1.75012555544573     0.5934673591677945                    0.1                    0.1     0.3780304011579002                     10
                    340      -1.76742161837347     0.9304604417066015                    0.1                    0.1     0.3556131329431226                     10
                  342.5     -2.012112143495067     0.6606398093116682                    0.1                    0.1      0.336697763629538                     10
                    345     -1.831752392133789     0.4009956573650392                    0.1                    0.1     0.4173730329020224                     10
                  347.5      -1.80417472228852     0.3583183472861051                    0.1                    0.1     0.4263534147012475                     10
                    350     -2.254001984718101     0.9024083487725888                    0.1                    0.1     0.4324210965634483                     10
                  352.5     -1.177325308420457      1.092583298863289                    0.1                    0.1     0.5112296441438599                     10
                    355      -1.69210740615732     0.8848911262675572                    0.1                    0.1     0.3545133030611179                     10
                  357.5     -2.109778448056743     0.7539909429264595                    0.1                    0.1     0.3394441445918819                     10
                    360    -0.9712926871417136     0.9028691659826291                    0.1                    0.1      0.552671056806076                     10
                  362.5     -2.256996964706445     0.3503244573508337                    0.1                    0.1     0.5209728601972261                     10
                    365     -1.027015141493888     0.8523643942236484                    0.1                    0.1      0.521911487284471                     10
                  367.5      -1.35483111843658      1.294448445956766                    0.1                    0.1     0.5089865877809893                     10
                    370     -2.381638923621131     0.7623412228011951                    0.1                    0.1      0.495701899269372                     10
                  372.5     -1.160180635639299     0.9257183416578272                    0.1                    0.1     0.5112105372805422                     10
                    375     -1.662569376178186     0.4847776420501891                    0.1                    0.1     0.3903756052309579                     10
                  377.5     -1.466672101542343       0.11479332744495                    0.1                    0.1     0.5229172442058347                     10
                    380     -2.317278346361841     0.7357227185164233                    0.1                    0.1     0.4377108629522919                     10
                  382.5     -2.100631424007307     0.8629320459245966                    0.1                    0.1     0.3123889450143278                     10
                    385     -1.446539649249345     0.5490663759921551                    0.1                    0.1     0.4304898883408865                     10
                  387.5     -2.137176524296701      0.394316025269131                    0.1                    0.1     0.4507973799120489                     10
                    390     -1.606058902917664      1.033275644582913                    0.1                    0.1     0.3496499561845811                     10
                  392.5     -2.199798952293883      0.588720136740265                    0.1                    0.1     0.3963702769253236                     10
                    395      -1.90494292812905     0.7415687888504507                    0.1                    0.1     0.3548662324884548                     10
                  397.5     -1.677101605500523     0.7859452523937485                    0.1                    0.1     0.3572508013949182                     10
                    400     -1.577742227268558     0.4860327913791096                    0.1                    0.1     0.3949683780914673                     10
                  402.5    -0.9957555158536444      1.086242369095658                    0.1                    0.1      0.535565580051898                     10
                    405     -1.233539887101886     0.2519572303321158                    0.1                    0.1     0.5475086648372189                     10
                  407.5     -2.387707080775737     0.8185904784724678                    0.1                    0.1     0.4564575358026712                     10
                    410     -1.357032559375904     0.6145693928526835                    0.1                    0.1     0.4311190392619538                     10
                  412.5     -1.798642596867429     0.2509912389584559                    0.1                    0.1     0.4836448609875009                     10
                    415     -1.891464003213081     0.9156228679308726                    0.1                    0.1     0.3164244682980164                     10
                  417.5     -1.895652671125486     0.7814118476796028                    0.1                    0.1     0.3309856571948896                     10
                    420     -1.775221004052316        1.0491185843131                    0.1                    0.1     0.3630557516271321                     10
                  422.5      -1.65232146412354     0.8225488458040264                    0.1                    0.1     0.3375483857261878                     10
                    425     -1.694164513063133     0.3985632523956038                    0.1                    0.1     0.3733854265671027                     10
                  427.5     -1.848665177205205     0.8327035807974902                    0.1                    0.1      0.316227216744721                     10
                    430     -1.413660379957342     0.6832452063639856                    0.1                    0.1     0.3846401746575787                     10
                  432.5     -2.002788521285902     0.6388601156539655                    0.1                    0.1     0.3118976769690361                     10
                    435     -1.167608054471793     0.9012202225234299                    0.1                    0.1     0.4830442451876431                     10
                  437.5     -2.115386179724651     0.6381556933205671                    0.1                    0.1     0.3280038889316902                     10
                    440     -1.634585290903572     0.7790281944626588                    0.1                    0.1     0.3271014915647003                     10
                  442.5       -1.9141123479294     0.3576941776910185                    0.1                    0.1     0.4303933539745773                     10
                    445     -1.954405790885751     0.8459580972140917                    0.1                    0.1     0.2748979617575722                     10
                  447.5     -1.481792573441817      1.025528261726689                    0.1                    0.1     0.3572596343859206                     10
                    450     -1.125899901810248     0.4991826155968053                    0.1                    0.1     0.5125407353546376                     10
                  452.5     -2.395362361739103     0.7172778897444118                    0.1                    0.1       0.45752617273776                     10
                    455     -1.027429206700919     0.6065869403114588                    0.1                    0.1     0.5206074960588718                     10
                  457.5     -1.919979011381234      0.819077197087656                    0.1                    0.1     0.2816617212389658                     10
                    460     -1.510208181471777     0.5234848961746834                    0.1                    0.1     0.3826585571088117                     10
                  462.5     -1.760528109369184     0.1944363421919007                    0.1                    0.1     0.4793434024218721                     10
                    465     -1.579428157241639      1.220262805513792                    0.1                    0.1     0.4332274697053285                     10
                  467.5     -1.971076701412933     0.6144378197310244                    0.1                    0.1     0.2996781224481185                     10
                    470     -1.143819556100309      1.046846401746931                    0.1                    0.1     0.4728757253060288                     10
                  472.5     -1.150236581241487      1.204529340226082                    0.1                    0.1     0.4906946195947669                     10
                    475      -2.35222078425832     0.5774057174088548                    0.1                    0.1     0.4712433787575425                     10
                  477.5     -1.708415567225026     0.7560564627537673                    0.1                    0.1     0.3318004118738354                     10
                    480     -1.429318436430561     0.7541095975858021                    0.1                    0.1     0.3584632329108008                     10
                  482.5     -1.786521439986962      1.038759334348958                    0.1                    0.1     0.3453300951007921                     10
                    485     -1.641964105602359     0.7384365130582384                    0.1                    0.1     0.3114829651324352                     10
                  487.5     -1.934196988411599     0.8144161347444698                    0.1                    0.1     0.2696758933837655                     10
                    490     -2.228974830743955     0.5079985456480544                    0.1                    0.1     0.4176236011386284                     10
                  492.5     -1.602809890032881     0.8762274063106235                    0.1                    0.1     0.3111903723573551                     10
                    495     -1.996071530549133     0.9851557476701289                    0.1                    0.1     0.2936141706558688                     10
                  497.5     -1.185962625920547     0.9114376319813944                    0.1                    0.1     0.4497955778559479                     10
                    500     -1.907447128065315     0.7390408721522266                    0.1                    0.1     0.2961663631292308                     10
                  502.5     -1.911677129241307     0.6571674917788775                    0.1                    0.1     0.2977228550548356                     10
                    505     -1.791589620706965       1.08355010371089                    0.1                    0.1     0.3556688293494869                     10
                  507.5     -1.888620256786301     0.4303571522363657                    0.1                    0.1     0.3591615725802724                     10
                    510       -1.6330976940006     0.4576866787653023                    0.1                    0.1     0.3559672186581713                     10
                  512.5     -2.043917654395433     0.6258773777755626                    0.1                    0.1     0.2862704305836512                     10
                    515      -1.16299572057758     0.4175698755296894                    0.1                    0.1     0.4874118243697494                     10
                  517.5     -2.507079736880824      1.015581420835494                    0.1                    0.1     0.5254598835427468                     10
                    520     -1.463159525156987     0.2249952799687404                    0.1                    0.1     0.4829578505082127                     10
                  522.5     -2.138925995511828      1.046100507902873                    0.1                    0.1     0.3794357857598152                     10
                    525     -1.680111184913082     0.9651104216701288                    0.1                    0.1     0.3012114107519995                     10
                  527.5     -2.178225520573506     0.4444904563654236                    0.1                    0.1     0.4116049405077543                     10
                    530     -1.338531663876856     0.2789252296214298                    0.1                    0.1     0.5054339039198111                     10
                  532.5     -1.911294800056607      1.241966301556542                    0.1                    0.1     0.4666092368205711                     10
                    535     -2.247311218436986     0.8713940799496449                    0.1                    0.1     0.3825012990613383                     10
                  537.5     -1.406173150597852     0.7591936993114061                    0.1                    0.1     0.3532534213770927                     10
                    540     -1.896953187709343     0.9490148548114239                    0.1                    0.1     0.2811175148259645                     10
                  542.5     -2.148735526237858     0.6013698497260626                    0.1                    0.1     0.3228475908208343                     10
                    545      -1.61842818776532     0.2536415300354822                    0.1                    0.1     0.4124411056790737                     10
                  547.5     -1.738901975527636      1.358469613162489                    0.1                    0.1     0.5168638393064524                     10
                    550     -2.160392581665182     0.7419950331215284                    0.1                    0.1     0.3103377383793591                     10
                  552.5     -2.057360289181923      1.185919104764642                    0.1                    0.1      0.436590246843959                     10
                    555      -1.39209439757201   -0.06605868055905206                    0.1                    0.1     0.5495142229591841                     10
                  557.5     -1.115723188679623     0.8031344242679753                    0.1                    0.1     0.4592397550199263                     10
                    560     -1.750590373866156      1.224544517033775                    0.1                    0.1     0.4048807565309928                     10
                  562.5     -1.505103831063533     0.7711868184060592                    0.1                    0.1     0.3089541088634373                     10
                    565    -0.8338849787143285     0.8924869856545831                    0.1                    0.1      0.538108080019306                     10
                  567.5     -1.916757647865684      1.299517424373437                    0.1                    0.1     0.4763702246168607                     10
                    570     -2.144189919100152     0.5558639250089074                    0.1                    0.1     0.3282311368295974                     10
                  572.5    -0.9122454299027175     0.7124308698079933                    0.1                    0.1     0.5247592391337368                     10
                    575      -1.28529510992184     0.1691954942270245                    0.1                    0.1     0.5120808068134209                     10
                  577.5     -2.094431881255448     0.7135453060857109                    0.1                    0.1     0.2726972952553394                     10
                    580     -2.114732368325837      1.163899920247045                    0.1                    0.1     0.4294987750902627                     10
                  582.5     -2.319745573462896     0.7300784180669674                    0.1                    0.1     0.3759615912859109                     10
                    585     -1.427944526818279     0.5203942420909945                    0.1                    0.1     0.3912153925455655                     10
                  587.5     -1.242365421406024     0.3603160143044381                    0.1                    0.1     0.4668743262712379                     10
                    590     -2.339855193011791     0.9393507155817605                    0.1                    0.1     0.4337732773681973                     10
                  592.5    -0.9539850665660092     0.6357311883840762                    0.1                    0.1     0.4987865839553249                     10
                    595     -1.163612801515339     0.7856660884683405                    0.1                    0.1     0.4347861603222427                     10
                  597.5      -2.22995097502044     0.8495459256820461                    0.1                    0.1     0.3401299012405061                     10
                    600     -1.386252161151794      0.529811160845602                    0.1                    0.1     0.3874814144247014                     10
                  602.5    -0.9757574966050118      1.263256009898012                    0.1                    0.1     0.5398631035528616                     10
                    605     -2.242123727270573     0.1563143647121211                    0.1                    0.1     0.5358869997861072                     10
                  607.5     -2.235243164439578     0.5909933373562014                    0.1                    0.1     0.3369943058108397                     10
                    610     -1.097671960955749      1.348124968628411                    0.1                    0.1     0.5298150381622504                     10
                  612.5    -0.9458874473098787      1.196990790346262                    0.1                    0.1     0.5086443519328221                     10
                    615     -1.336492730788019      0.562142557581832                    0.1                    0.1     0.3860108947511141                     10
                  617.5     -1.354733435047958      0.492506225813491                    0.1                    0.1     0.3853081213381029                     10
                    620     -1.942034967526427     0.4718273103951259                    0.1                    0.1     0.3289678206166304                     10
                  622.5     -2.285804937596735      1.118511674866321                    0.1                    0.1     0.4947701522493046                     10
                    625     -2.242919853817083     0.6535319605452391                    0.1                    0.1     0.3121987168953808                     10
                  627.5     -1.881909897853888     0.7480315064609323                    0.1                    0.1     0.2852803952123156                     10
                    630     -1.018488411753383      1.031474978853385                    0.1                    0.1     0.4705230075260761                     10
                  632.5     -2.054989000415688     0.7723731499050791                    0.1                    0.1     0.2550533164443246                     10
                    635     -1.424736440828632      1.248714962205485                    0.1                    0.1     0.4396071355101503                     10
                  637.5     -1.364996286378624     0.1603287332483199                    0.1                    0.1     0.4763369691984952                     10
                    640     -1.950797444291381      1.064611049246466                    0.1                    0.1     0.3288110893998248                     10
                  642.5    -0.9937520459466727     0.6151364033817844                    0.1                    0.1     0.4682122368835209                     10
                    645     -1.805621311691816      1.236891129993088                    0.1                    0.1     0.3972496549180559                     10
                  647.5     -1.512806915276592     0.6343820173299877                    0.1                    0.1     0.3115643200458868                     10
                    650     -1.777267325421351     0.9589638181914764                    0.1                    0.1     0.2833317847304849                     10
                  652.5     -2.150276400724628      1.037742438844211                    0.1                    0.1     0.3450451018631995                     10
                    655     -1.631186838251015     0.7623353785152509                    0.1                    0.1      0.284888826399941                     10
                  657.5     -1.984111359582866      0.926456422844993                    0.1                    0.1     0.2402241276136001                     10
                    660     -1.454077497777466     0.8533321736565976                    0.1                    0.1      0.324400346291233                     10
                  662.5      -1.69865999866573      0.127688476422243                    0.1                    0.1     0.4777245126600629                     10
                    665     -2.022260024008817      1.200579167317768                    0.1                    0.1     0.3925311494274127                     10
                  667.5    -0.6895999291769281     0.6680998006117501                    0.1                    0.1     0.5516629061607266                     10
                    670     -1.570888376877196      1.303358619970952                    0.1                    0.1     0.4611070777742297                     10
                  672.5     -1.351217623384216     0.3826306103862196                    0.1                    0.1     0.4281231797892556                     10
                    675     -1.537979520117608     0.8236242604916237                    0.1                    0.1     0.2858695678468718                     10
                  677.5     -1.938821547129005     0.6625547247484292                    0.1                    0.1     0.2635642941563558                     10
                    680     -1.862274762591154     0.5472115449380206                    0.1                    0.1     0.2936734382494592                     10
                  682.5     -1.788195729996598     0.6914256600754101                    0.1                    0.1     0.3153014763147273                     10
                    685     -1.433599560592462      1.020405425014347                    0.1                    0.1     0.3632395642102192                     10
                  687.5     -1.933301025583249     0.3764583234587271                    0.1                    0.1     0.3793928054357669                     10
                    690     -2.391440878044667     0.5458449315051197                    0.1                    0.1     0.4691689330468382                     10
                  692.5     -1.538508075591693      1.265233263483278                    0.1                    0.1     0.4122820915203357                     10
                    695     -2.207633707769883      0.791655404343823                    0.1                    0.1     0.3025985379415363                     10
                  697.5     -2.326749871157936     0.8818996841302361                    0.1                    0.1     0.3736547731871641                     10
                    700     -1.574492036679193     0.6662024785941673                    0.1                    0.1     0.2867006175840373                     10
                  702.5     -2.023391283644361     0.3100521762497521                    0.1                    0.1     0.4310498252449023                     10
                    705     -1.214548898636956      1.189080125406806                    0.1                    0.1     0.4503629958409257                     10
                  707.5     -1.054112000952265      1.067884427099778                    0.1                    0.1     0.4374423796158344                     10
                    710     -2.434206923794129     0.5737691464777682                    0.1                    0.1     0.4730597639115319                     10
                  712.5    -0.8289862501274274       0.34290206298708                    0.1                    0.1     0.5551743747726634                     10
                    715     -1.515332536156918     0.8752166721826354                    0.1                    0.1     0.2894360911055267                     10
                  717.5     -2.211622793504711     0.5063690679950167                    0.1                    0.1     0.3480170446174487                     10
                    720     -1.511218779967725  -0.007568478488249763                    0.1                    0.1      0.508783001272315                     10
                  722.5      -2.26624129880147     0.7459110833609289                    0.1                    0.1     0.3043036172446073                     10
                    725     -1.753235875511883    0.02580289757643691                    0.1                    0.1     0.5236642477003052                     10
                  727.5     -1.587446886826787     0.1354743930880866                    0.1                    0.1     0.4294365517460806                     10
                    730      -2.01168567297801      1.298601926866031                    0.1                    0.1     0.4589619389012675                     10
                  732.5     -2.153962527740871     0.9094624870644284                    0.1                    0.1     0.2848241760609486                     10
                    735     -2.106390876290737     0.9260963137997748                    0.1                    0.1     0.2577219021088912                     10
                  737.5     -1.262942270015269     0.6569252158026198                    0.1                    0.1     0.4038137660839294                     10
                    740     -1.012312503944758      1.431795876849795                    0.1                    0.1     0.5323377210451279                     10
                  742.5    -0.5222120065005308     0.7423453047730901                    0.1                    0.1     0.5498708492602672                     10
                    745     0.2038683518808281      1.239025373387748                    0.1                    0.1     0.5555555555555556                     10
                  747.5     -1.798540393391024     0.4823776935592968                    0.1                    0.1     0.3024637889113432                     10
                    750     -2.251665043744048      0.762778177315198                    0.1                    0.1      0.289173022371443                     10
                  752.5     -2.056131456636311     0.5249026535092519                    0.1                    0.1     0.2918578116755759                     10
                    755     -1.225603825646235     0.4894327028052902                    0.1                    0.1     0.4045753102674207                     10
                  757.5     -1.500093676161822    -0.1745268778803673                    0.1                    0.1       0.53825572567019                     10
                    760     -1.987266587083181     0.5046913317965522                    0.1                    0.1     0.2813873447102785                     10
                  762.5     -1.714062137483956      0.600594530241885                    0.1                    0.1     0.3190150092338512                     10
                    765     -1.798341230005927      1.233448979210333                    0.1                    0.1     0.3747542213204803                     10
                  767.5     -1.401613816655138     0.2183773168590528                    0.1                    0.1      0.433257074523383                     10
                    770      -2.32672303540951     0.3802924568695606                    0.1                    0.1     0.4786649538439445                     10
                  772.5     -1.023961453842027      1.128073855069368                    0.1                    0.1     0.4328322178543111                     10
                    775     -1.902131596647757     0.6923955793200968                    0.1                    0.1     0.2601967532036772                     10
                  777.5     -1.218378406497578      1.272046420541557                    0.1                    0.1     0.4642711879898857                     10
                    780     -1.301626648324372      0.382428075939467                    0.1                    0.1     0.4030679087111794                     10
                  782.5     -1.853811315648017      1.106966244789027                    0.1                    0.1     0.3309760102496679                     10
                    785     -1.409343164955624      1.003303319198009                    0.1                    0.1     0.3594087987714421                     10
                  787.5     -1.846161131784533     0.4270740783178368                    0.1                    0.1     0.3057120641008665                     10
                    790     -1.884100552597621      1.134448801914901                    0.1                    0.1     0.3288371891997192                     10
                  792.5     -1.953588195499681      0.776935793683574                    0.1                    0.1     0.2317064820936776                     10
                    795       -1.7985241056901      1.052584743880404                    0.1                    0.1      0.292267493041353                     10
                  797.5     -1.691270908687039     0.5414550862050929                    0.1                    0.1     0.3127853713310099                     10
                    800      -1.71656594143075     0.5739827971769055                    0.1                    0.1     0.2981635422325928                     10
                  802.5     -1.765610187144175     0.7011822961440848                    0.1                    0.1     0.2905591137767887                     10
                    805     -1.809882744087523     0.8430911686709918                    0.1                    0.1     0.2596474239196204                     10
                  807.5     -1.826501355874185     0.6959472773687005                    0.1                    0.1     0.2690677811865085                     10
                    810     -1.548580475550767     0.8373653450567961                    0.1                    0.1     0.2668635716324731                     10
                  812.5     -1.580589617476985     0.5816728805426788                    0.1                    0.1     0.2998534853736112                     10
                    815     -1.495252471276743      1.112146917107433                    0.1                    0.1      0.337761353028829                     10
                  817.5     -1.210936695784399     0.9810772537187707                    0.1                    0.1     0.4116461074808364                     10
                    820      -1.00439904108457     0.4966816743044127                    0.1                    0.1     0.4883176469514631                     10
                  822.5     -1.066436887940197     0.3517764482002098                    0.1                    0.1     0.4996133140433947                     10
                    825     -1.832882628193912      0.378481861356542                    0.1                    0.1     0.3238990813258045                     10
                  827.5     -1.576689715797487      0.252126990135728                    0.1                    0.1     0.3816539547137636                     10
                    830     -1.369417931038003      1.181125440874785                    0.1                    0.1     0.4027814387625051                     10
                  832.5     -2.116863471341461     0.7317542832583249                    0.1                    0.1     0.2430969311952158                     10
                    835     -2.002951079155091      1.215054564260114                    0.1                    0.1      0.363498430613597                     10
                  837.5     -1.321919669858083     0.1197990161090094                    0.1                    0.1     0.4631608689437405                     10
                    840     -1.627648899657563      1.374184019542908                    0.1                    0.1     0.4801736296156102                     10
                  842.5     -1.010945466381312     0.3843261050492385                    0.1                    0.1     0.4872561694593543                     10
                    845     -1.196941995911669      1.257847874709987                    0.1                    0.1      0.430580898106224                     10
                  847.5      -1.85893190922141      0.121172190752068                    0.1                    0.1     0.5049436226111383                     10
                    850     -1.692522244734358     0.5441192833587585                    0.1                    0.1     0.2863776228140963                     10
                  852.5    -0.7199779228162393      1.008492965543794                    0.1                    0.1     0.5457826325527956                     10
                    855    -0.9899531835433055      0.560875211118559                    0.1                    0.1     0.4408624232818359                     10
                  857.5     -1.526552112281586     0.9471877623028727                    0.1                    0.1     0.2786152457753246                     10
                    860     -2.438323920611253     0.6060139919876814                    0.1                    0.1     0.4441464037610834                     10
                  862.5     -1.189824526072205      1.122439684882339                    0.1                    0.1     0.3851116389488571                     10
                    865     -1.553027851001623       1.12526309558785                    0.1                    0.1     0.3224177293541908                     10
                  867.5     -1.548075439172032     0.5191232401101623                    0.1                    0.1     0.3102081510764997                     10
                    870     -1.318962452953394     0.6026175569299416                    0.1                    0.1     0.3488087086944957                     10
                  872.5     -1.874799498218312     0.5308818798420236                    0.1                    0.1     0.2516878295007776                     10
                    875     -2.238581049646318     0.6062749629055445                    0.1                    0.1     0.2878507427888234                     10
                  877.5     -1.203266879120149    0.09719151734839256                    0.1                    0.1     0.5072960296391612                     10
                    880      -2.34186137371283       1.03690886546207                    0.1                    0.1     0.4468533589570804                     10
                  882.5     -2.008456879998728     0.7270425898576075                    0.1                    0.1     0.2231165508157624                     10
                    885     -1.359819719871595     0.3688328960773366                    0.1                    0.1     0.3895863579627416                     10
                  887.5     -1.372216482138081      1.118484984088299                    0.1                    0.1     0.3727082000706711                     10
                    890     -1.042224373650117     0.9834748798098829                    0.1                    0.1     0.4130998847187853                     10
                  892.5     -2.224710682931821      1.149559596453917                    0.1                    0.1     0.4427685538112321                     10
                    895     -1.356393951806672       1.02928851331403                    0.1                    0.1     0.3627671962577416                     10
                  897.5     -1.104444967748958    -0.1318892181633283                    0.1                    0.1      0.553958944350644                     10
                    900     -1.645792405587823     0.6404960234856484                    0.1                    0.1     0.2673738262214264                     10
                  902.5     -2.104950788638216      1.000949049623707                    0.1                    0.1     0.2715385279613359                     10
                    905     -1.206406458577271     0.6734041085193506                    0.1                    0.1     0.3998900419554612                     10
                  907.5      -1.49260558012471     0.6241624785840901                    0.1                    0.1     0.2773939882819593                     10
                    910      -1.97839909727705     0.2033319065712624                    0.1                    0.1     0.4863817840955303                     10
                  912.5     -1.596340441825103     0.3532325930154327                    0.1                    0.1     0.3501424523347889                     10
                    915      -2.04292327881177      0.795421763977244                    0.1                    0.1     0.2201068325406712                     10
                  917.5     -1.722146587298184     0.5105176624509116                    0.1                    0.1     0.2654813264415014                     10
                    920     -2.035690852294499     0.2576431467703549                    0.1                    0.1     0.4327028282597096                     10
                  922.5     -1.928515314805716     0.2158710085015955                    0.1                    0.1     0.4393538858596422                     10
                    925     -1.355530745045186     0.5614163880261248                    0.1                    0.1     0.3146320456893367                     10
                  927.5     -2.266290850708618      1.106591978455061                    0.1                    0.1     0.4168200517500567                     10
                    930     -1.488253908583471     0.4778776725102015                    0.1                    0.1     0.3137601649081989                     10
                  932.5     -1.947627674241325     0.8633059048747137                    0.1                    0.1     0.2109239897623818                     10
                    935     -1.414576090500148     0.8584114840713306                    0.1                    0.1     0.3024777098341219                     10
                  937.5     -1.433695193206951     0.8761700395347722                    0.1                    0.1     0.2850360833412752                     10
                    940    -0.9291783388334208     0.4514224491789406                    0.1                    0.1     0.4763690034593629                     10
                  942.5     -1.620585280456269     0.6585570105235188                    0.1                    0.1     0.2493334105344159                     10
                    945     -1.466119844553608      1.241945474312415                    0.1                    0.1     0.3614100656649454                     10
                  947.5     -1.264334576538167    -0.2459063024013205                    0.1                    0.1     0.5471324693686014                     10
                    950      -1.57331719646076     0.7637811555573588                    0.1                    0.1     0.2367405389105546                     10
                  952.5     -2.086026186718244     0.8299921596421718                    0.1                    0.1      0.224649525407492                     10
                    955     -2.422732233440986       1.03908571553681                    0.1                    0.1     0.4567370113566601                     10
                  957.5     -1.558848029139612    -0.0395631912659643                    0.1                    0.1     0.4859631032313246                     10
                    960     -1.310374459285854     0.9722226630322006                    0.1                    0.1     0.3624531376553514                     10
                  962.5     -1.532768305183724    0.08859692900264463                    0.1                    0.1     0.4144902447036393                     10
                    965      -1.56884866952232      0.391305563183465                    0.1                    0.1     0.3264393850442907                     10
                  967.5     -2.212521983042385     0.4643941690822953                    0.1                    0.1     0.3486523104124652                     10
                    970     -1.595902780484149     0.3860459128578092                    0.1                    0.1     0.3123364446924445                     10
                  972.5     -1.142132568804798     0.2916352118414695                    0.1                    0.1      0.456346173048717                     10
                    975     -1.936052144553164    0.04075416108001755                    0.1                    0.1     0.5180229174412806                     10
                  977.5      -1.86240172694802      1.181402563524315                    0.1                    0.1     0.3226264018484963                     10
                    980     -1.294102154992148    -0.3408154608499407                    0.1                    0.1     0.5356303183385818                     10
                  982.5     -1.906393680588479     0.9177691879744222                    0.1                    0.1     0.2272943837752079                     10
                    985    -0.9433209708139232      0.230449468077687                    0.1                    0.1     0.5278433192341029                     10
                  987.5     -1.759377683817806      1.203617358822057                    0.1                    0.1     0.3248376854466954                     10
                    990     -1.820000393973818     0.4388542208202998                    0.1                    0.1     0.2662750898967313                     10
                  992.5      -1.94215384462154      0.156378124769072                    0.1                    0.1      0.444912430713569                     10
                    995     -1.871076497263737     0.9950595374417128                    0.1                    0.1     0.2596989249944832                     10
                  997.5     -1.083402344114363      1.060669842423665                    0.1                    0.1     0.3739018123141301                     10
                   1000     -1.394162218742596     0.8240556554307777                    0.1                    0.1     0.2921687677335221                     10
                 1002.5     -2.003261043258802      1.393031529717996                    0.1                    0.1      0.503468860958997                     10
                   1005     -1.141391492139158   -0.04430944977067149                    0.1                    0.1     0.5225784572436803                     10
                 1007.5     -1.511466503006264      1.244422824681635                    0.1                    0.1      0.348664054837467                     10
                   1010     -2.078376656435091     0.7594707249451008                    0.1                    0.1     0.2172988024501968                     10
                 1012.5     -1.918263649920461     0.4029732349408252                    0.1                    0.1     0.2964873045469364                     10
                   1015     -1.298331411269036     0.6922739746150041                    0.1                    0.1     0.3412574997636255                     10
                 1017.5     -2.156691985898263      1.249513424863866                    0.1                    0.1     0.4514551560452592                     10
                   1020     -1.895985138233324     0.4262255392733263                    0.1                    0.1     0.2700024612795567                     10
                 1022.5     -1.637674654542958      1.209595895991466                    0.1                    0.1     0.3357831942353461                     10
                   1025     -1.879368594915016       1.04700477493127                    0.1                    0.1     0.2715829608686995                     10
                 1027.5     -1.499406805045574     0.3625614096689977                    0.1                    0.1     0.3407662792474931                     10
                   1030     -1.388913419045196     0.6792027213209126                    0.1                    0.1     0.2866858918413135                     10
                 1032.5      -1.21253274180644     0.9205871819734524                    0.1                    0.1     0.3700788492279049                     10
                   1035     -1.409048080870481      1.075692923338029                    0.1                    0.1     0.3128728023071953                     10
                 1037.5     -1.734369103335277     0.5525275309541522                    0.1                    0.1     0.2472699918340046                     10
                   1040     -1.419421149580179      1.024484045516958                    0.1                    0.1     0.2888208564008439                     10
                 1042.5     -1.612503662385449     0.6287800225895718                    0.1                    0.1     0.2419088322779653                     10
                   1045      -1.88040061294665      1.125522163076602                    0.1                    0.1     0.2848329219642287                     10
                 1047.5     -1.734521008331137     0.7726150642736223                    0.1                    0.1     0.2562100730701378                     10
                   1050    -0.9491004029266196     0.9346582904943314                    0.1                    0.1     0.4436512803024652                     10
                 1052.5     -1.718326905317771     0.6119975109485134                    0.1                    0.1     0.2433721476525355                     10
                   1055     -2.207103565369466     0.4392254922742994                    0.1                    0.1     0.3511314474602755                     10
                 1057.5     -1.888241711567389     0.3780680727334066                    0.1                    0.1     0.2890957419988986                     10
                   1060     -1.779758913274917     0.3923117338021183                    0.1                    0.1     0.2697780323182497                     10
                 1062.5     -1.131787806017401     0.9004466132370045                    0.1                    0.1      0.369148823403692                     10
                   1065     -1.585061136095361     0.2078001384701981                    0.1                    0.1     0.3537374821490961                     10
                 1067.5     -1.901591592833923     0.7676088419168923                    0.1                    0.1     0.2183284962514681                     10
                   1070     -2.006866116724146       0.97946269376354                    0.1                    0.1     0.2254266589690764                     10
                 1072.5      -1.40174730774509     0.7871913911626047                    0.1                    0.1     0.2712811171662924                     10
                   1075     -2.111224775029163     0.4200802309737884                    0.1                    0.1     0.3295085345317378                     10
                 1077.5     -1.759635275539301        1.0267017156719                    0.1                    0.1     0.2590497157395646                     10
                   1080     -1.829660392547939     0.9049954210471205                    0.1                    0.1     0.2275226509131451                     10
                 1082.5      -1.67357647712831     0.7740137054368117                    0.1                    0.1     0.2354018344728421                     10
                   1085     -1.565134374921868     0.8790343225328513                    0.1                    0.1     0.2415592514427067                     10
                 1087.5     -1.679671678808358     0.7788614681702755                    0.1                    0.1     0.2296757886603021                     10
                   1090     -1.500153162315541      1.243052386073703                    0.1                    0.1      0.329050073673111                     10
                 1092.5     -1.849637449401959      1.280397881707588                    0.1                    0.1     0.3628139681936754                     10
                   1095      -1.40558456212199      1.046125619224578                    0.1                    0.1     0.2896034993718857                     10
                 1097.5     -1.950605177288079     0.3159468066313618                    0.1                    0.1     0.3334659370278571                     10
                   1100     -1.645817021087927     0.9292503594988519                    0.1                    0.1     0.2497016625304353                     10
                 1102.5      -1.93492582518642     0.7004185153881135                    0.1                    0.1     0.2144621799568956                     10
                   1105     -1.837330569446897     0.6306709535302492                    0.1                    0.1     0.2309455190809798                     10
                 1107.5     -1.275371323428228      1.282836516874641                    0.1                    0.1     0.4202452100245159                     10
                   1110      -1.24541616926676     0.9042051537028575                    0.1                    0.1     0.3422627428691136                     10
                 1112.5     -1.231257912639535     0.7755676230558038                    0.1                    0.1     0.3548273033981342                     10
                   1115     -1.897558702950431     0.3651131854662887                    0.1                    0.1     0.2795171765723596                     10
                 1117.5     -1.019330179077312      0.683387191928199                    0.1                    0.1     0.4146918032175442                     10
                   1120     -1.099908944551387     0.3516697676101496                    0.1                    0.1     0.4222441077952035                     10
                 1122.5     -2.264735384001367      1.182192410390902                    0.1                    0.1     0.4377928487755722                     10
                   1125     -1.990615564492124    0.02422045426180543                    0.1                    0.1      0.502697772878994                     10
                 1127.5     -2.260255204594429      0.989474564910758                    0.1                    0.1     0.3343875670988178                     10
                   1130     -2.169845663015655     0.5458936451321472                    0.1                    0.1     0.2715402999864203                     10
                 1132.5     -2.298680533556996      0.451588135571215                    0.1                    0.1     0.3731788477201431                     10
                   1135     -1.531476856006589       1.00874892494378                    0.1                    0.1     0.2491355884957008                     10
                 1137.5     -1.566130641544752     0.5240396140579849                    0.1                    0.1      0.258777512793353                     10
                   1140     -1.928879298388508     0.7837987049420018                    0.1                    0.1     0.1972301647951799                     10
                 1142.5     -1.945648422482803     0.3265512352472815                    0.1                    0.1     0.3071072311643481                     10
                   1145     -1.280941678166001     0.7319364625321088                    0.1                    0.1     0.3211402763702035                     10
                 1147.5     -1.181971510499642      1.040034772608866                    0.1                    0.1     0.3393042078545814                     10
                   1150     -1.759817533836307    0.09131208285101054                    0.1                    0.1     0.4380356174014281                     10
                 1152.5     -1.936520502688703     0.1779306999407102                    0.1                    0.1     0.3936245269673572                     10
                   1155     -2.000941406285316     0.5134067229840528                    0.1                    0.1      0.241770953967069                     10
                 1157.5     -1.321472331245412     0.7364240292941839                    0.1                    0.1     0.2916410861445524                     10
                   1160     -1.492453384831758     0.8529805540924842                    0.1                    0.1       0.22914251251623                     10
                 1162.5     -2.043565958327665     0.3252139629653759                    0.1                    0.1      0.329381308627674                     10
                   1165      -2.36961814487002     0.9083430649892025                    0.1                    0.1     0.3660897784089623                     10
                 1167.5     -1.579993898062322     0.3076941925687333                    0.1                    0.1     0.3154264840444226                     10
                   1170    -0.6050625707059958     0.7852233154498028                    0.1                    0.1     0.5233845423225475                     10
                 1172.5    -0.3256239583059511     0.8726385834215145                    0.1                    0.1     0.5533727181002279                     10
                   1175    -0.3901773226417053      1.496122968804886                    0.1                    0.1     0.5555555555555556                     10
                 1177.5     -1.581753756651674   -0.04879210867282702                    0.1                    0.1     0.4626808356929097                     10
                   1180      -2.33716035223907     0.6000100443128985                    0.1                    0.1     0.3333337162247216                     10
                 1182.5     -1.420554760309707     0.7987422915427834                    0.1                    0.1     0.2404426994613128                     10
                   1185     -1.495097219888105       1.35403212306857                    0.1                    0.1     0.4241464930301626                     10
                 1187.5     -1.412943513294833    -0.1898301568204601                    0.1                    0.1     0.5015601213498549                     10
                   1190     -2.117050348626494      1.084769913946068                    0.1                    0.1     0.2978584026406265                     10
                 1192.5     -2.169972576973187     0.5447910701416074                    0.1                    0.1     0.2582760938342595                     10
                   1195     -1.483881896078527    0.06738775053747552                    0.1                    0.1     0.4013993084986507                     10
                 1197.5     -2.153679302462949     0.4934661642784461                    0.1                    0.1     0.2698201520680488                     10
                   1200     -1.078723367163177     0.9244965836205467                    0.1                    0.1     0.3549772534288201                     10
                 1202.5     -2.182704761392948      1.079618053515097                    0.1                    0.1     0.3144931583870139                     10
                   1205     -2.235469476655884     0.1261214712404706                    0.1                    0.1      0.509972064292444                     10
                 1207.5     -1.495140479532377      1.365655066740627                    0.1                    0.1      0.419504759131496                     10
                   1210    -0.4192596837662015     0.5545651652430148                    0.1                    0.1     0.5517974296339508                     10
                 1212.5    0.02016203451768515      1.219791953764045                    0.1                    0.1     0.5500143891634405                     10
                   1215     -1.396887053740169      1.079694708299479                    0.1                    0.1     0.2875732886932187                     10
                 1217.5    -0.4166352248048981    -0.1592965489462356                    0.1                    0.1     0.5555555555555556                     10
                   1220     -1.264645334737822    -0.2241875952723256                    0.1                    0.1     0.4926880834691691                     10
                 1222.5     -1.235825034670299      1.047458496254164                    0.1                    0.1     0.3275234384615953                     10
                   1225     -1.488992634478553     0.3031270438774323                    0.1                    0.1     0.3372273638594846                     10
                 1227.5     -1.533494709837423     0.6794236764197177                    0.1                    0.1     0.2205811038810933                     10
                   1230     -1.771259672675648     0.1818825137030282                    0.1                    0.1     0.3795276866753069                     10
                 1232.5      -2.25247269203396     0.3674565926256861                    0.1                    0.1     0.3839422688947389                     10
                   1235     -2.214698754380486     0.8735752445186564                    0.1                    0.1     0.2681462043807057                     10
                 1237.5     -1.402129055546159     0.0203880354721539                    0.1                    0.1     0.4348251023286989                     10
                   1240      -1.34247030298195     0.8484199132245002                    0.1                    0.1     0.2725252265489809                     10
                 1242.5     -1.472813933613118    0.07516144298292171                    0.1                    0.1      0.374406764431654                     10
                   1245     -1.398068551942431    0.05961352236294968                    0.1                    0.1     0.3937143855014661                     10
                 1247.5     -1.286858417107942      1.379777211341533                    0.1                    0.1     0.4768481626612378                     10
                   1250    -0.7812439077116896     0.6082156885528838                    0.1                    0.1      0.513141550373053                     10
