#! FIELDS time p.x p.y sigma_p.x sigma_p.y height biasf
#! SET multivariate false
#! SET kerneltype stretched-gaussian
                    2.5    -0.9255600432090646      1.180466786708097                    0.1                    0.1     0.5555555555555556                     10
                      5       -2.2241441306117      1.148458991653917                    0.1                    0.1     0.5555555555555556                     10
                    7.5     -2.156343664969929     0.4588583349011477                    0.1                    0.1     0.5555555555555556                     10
                     10     -2.354832368264495     0.5145909539531869                    0.1                    0.1     0.5519262290561833                     10
                   12.5     -1.826053306663348     0.4551978564503701                    0.1                    0.1     0.5554829352884716                     10
                     15     -1.230578853768187     0.9000347962720258                    0.1                    0.1     0.5555555555555556                     10
                   17.5    -0.9603201438480449      1.179300395710933                    0.1                    0.1     0.5271900849303466                     10
                     20    -0.8444848735924352       0.66545731900196                    0.1                    0.1     0.5555555555555556                     10
                   22.5     -1.272411018779562       1.24440402422847                    0.1                    0.1     0.5554081496816023                     10
                     25     -1.640698514723385     0.4072265349384858                    0.1                    0.1     0.5506800086670866                     10
                   27.5     -1.581258533331776     0.9675306540431565                    0.1                    0.1     0.5555555555555556                     10
                     30      -1.55803285111681     0.7048327654497862                    0.1                    0.1     0.5544583157003551                     10
                   32.5     -1.177913142248323      1.023698253660378                    0.1                    0.1     0.5405078931178061                     10
                     35     -1.373020492650424     0.6060552921975918                    0.1                    0.1     0.5520483484415976                     10
                   37.5     -1.213522381282401     0.6142873459141048                    0.1                    0.1      0.546628432446857                     10
                     40     -2.088677071164862     0.9928831348853533                    0.1                    0.1     0.5519355888802649                     10
                   42.5     -2.077781547153745      1.193628115693448                    0.1                    0.1     0.5421688247924594                     10
                     45     -1.625039038110264      1.259627483914128                    0.1                    0.1     0.5552164102947197                     10
                   47.5      -1.90575930784877     0.4563251983947124                    0.1                    0.1     0.5315596124075764                     10
                     50     -2.157153989691622     0.8598138168951538                    0.1                    0.1     0.5453120257487288                     10
                   52.5     -2.338060777089241     0.9054185702964469                    0.1                    0.1     0.5486566207119555                     10
                     55     -2.319355908892648     0.9563282141391153                    0.1                    0.1     0.5202532901668806                     10
                   57.5     -2.191709393953191     0.5364729444505427                    0.1                    0.1     0.5265708360248077                     10
                     60     -2.021189981966064     0.8339837846599644                    0.1                    0.1     0.5371442079006842                     10
                   62.5     -1.719799463301728      1.011736927791676                    0.1                    0.1     0.5440964965204065                     10
                     65     -1.631709520471025     0.9361838117321454                    0.1                    0.1     0.5141678537493599                     10
                   67.5     -1.627871117377466     0.5083876437183176                    0.1                    0.1     0.5296256100764625                     10
                     70      -2.07565246539159      1.034170575754347                    0.1                    0.1     0.5065984525112628                     10
                   72.5     -1.429221620543534     0.7390673155115356                    0.1                    0.1     0.5289587432408828                     10
                     75      -1.68081190807687     0.8759462422249908                    0.1                    0.1     0.5091990517341227                     10
                   77.5     -2.055629909452939     0.9861971885034592                    0.1                    0.1     0.4835533967401527                     10
                     80     -1.797464648408724     0.7687886644948752                    0.1                    0.1     0.5407606706052803                     10
                   82.5     -1.820364371677652     0.9539795290111804                    0.1                    0.1     0.5171077942198035                     10
                     85     -1.881371721499723     0.6435257212140559                    0.1                    0.1     0.5341554365501863                     10
                   87.5      -1.87101983511168     0.7279294449997618                    0.1                    0.1     0.5052250546510194                     10
                     90     -2.133685964522271     0.8792154552194866                    0.1                    0.1     0.4771584189455125                     10
                   92.5     -1.958497446686847      0.596949946536508                    0.1                    0.1     0.5089303340854813                     10
                     95     -1.748420881156917     0.8796353997238133                    0.1                    0.1     0.4725097205482026                     10
                   97.5      -2.22502234896449     0.8262179567324124                    0.1                    0.1     0.4919362442713051                     10
                    100     -1.812954856540264     0.8126782827857866                    0.1                    0.1     0.4661614896577017                     10
                  102.5     -1.871604784468489     0.9222143073088319                    0.1                    0.1     0.4749456909487485                     10
                    105     -1.558634068874723      0.900597327105057                    0.1                    0.1     0.4840978163041185                     10
                  107.5     -1.968864709754062     0.8795558534466481                    0.1                    0.1     0.4626574522300345                     10
                    110     -1.841369828741831     0.6131773743497608                    0.1                    0.1     0.4764239815528612                     10
                  112.5     -1.657765723945911     0.4819233151029387                    0.1                    0.1       0.49580631081465                     10
                    115     -1.390031998787174      0.592292510359942                    0.1                    0.1     0.5066853580855771                     10
                  117.5     -1.381853559937235      1.067630526098154                    0.1                    0.1     0.5418631715372014                     10
                    120     -1.473832951003447     0.9800265052164342                    0.1                    0.1     0.4997808537672712                     10
                  122.5     -1.842311153952513     0.4612941763199615                    0.1                    0.1     0.4760367191116314                     10
                    125     -2.110969962253898     0.6518572323785434                    0.1                    0.1     0.5166944067384454                     10
                  127.5     -1.808764762005278      0.696868490425146                    0.1                    0.1     0.4468518773952356                     10
                    130     -2.096656536268872     0.3503840285214712                    0.1                    0.1     0.5338611580213364                     10
                  132.5     -2.014095061502854     0.2467339643406229                    0.1                    0.1     0.5394318050759098                     10
                    135     -1.790040733835534     0.3332942049302741                    0.1                    0.1     0.5109329707415418                     10
                  137.5     -1.362141181223063     0.5927870182547729                    0.1                    0.1     0.4824116989583042                     10
                    140      -1.19993484916035      1.002908289623698                    0.1                    0.1     0.5050580464753205                     10
                  142.5      -1.69683289041062      0.793745650482201                    0.1                    0.1     0.4480428265751631                     10
                    145     -1.960295312282093     0.5828427530891559                    0.1                    0.1      0.457432771761671                     10
                  147.5     -1.106963916502828     0.3839970243386467                    0.1                    0.1     0.5543149606766183                     10
                    150     -1.228769285052379     0.4557901556060475                    0.1                    0.1     0.5258015061757291                     10
                  152.5     -1.235589317312956     0.2457110470277629                    0.1                    0.1     0.5473142878779697                     10
                    155     -1.791186730265057     0.4503824625734831                    0.1                    0.1     0.4443573039584629                     10
                  157.5     -2.340393349909278     0.3450310853088622                    0.1                    0.1     0.5426099247803405                     10
                    160      -1.86051880070127     0.1726947291416119                    0.1                    0.1     0.5406557873666351                     10
                  162.5     -1.952066883660874      0.609017744411446                    0.1                    0.1     0.4311487504311041                     10
                    165     -1.893249636272304       1.11196079006842                    0.1                    0.1     0.5258019500134563                     10
                  167.5     -2.193633946483556     0.7471543526566102                    0.1                    0.1     0.4869424688058615                     10
                    170     -1.645145399408096     0.7708604418293027                    0.1                    0.1     0.4537110236054202                     10
                  172.5     -2.113060601087743     0.7410814462593349                    0.1                    0.1     0.4583764442654308                     10
                    175     -2.118583322502926     0.8190084537624767                    0.1                    0.1     0.4224333328094942                     10
                  177.5     -1.881088882800021     0.8685224618159123                    0.1                    0.1     0.4234960340952968                     10
                    180     -2.035545755771983      1.134562747067653                    0.1                    0.1     0.4843615442056389                     10
                  182.5     -2.084341753030219       1.12848610601842                    0.1                    0.1     0.4580348668884728                     10
                    185     -2.233559230429173     0.7064471178250389                    0.1                    0.1     0.4709749449237573                     10
                  187.5     -1.941270377484501      1.093929769176714                    0.1                    0.1     0.4650874995115477                     10
                    190     -1.967423155455708     0.7334145569819563                    0.1                    0.1     0.4213088180200439                     10
                  192.5     -1.045632610977483     0.9671644812948251                    0.1                    0.1     0.5295410238041273                     10
                    195     -2.184245205549947      0.804169170452967                    0.1                    0.1     0.4055266324508626                     10
                  197.5     -2.154550635181401       1.06959429183699                    0.1                    0.1     0.4432411901125132                     10
                    200     -1.117791869559758     0.9350560044592543                    0.1                    0.1     0.4891259966814226                     10
                  202.5     -1.375940218916613     0.6072360087862527                    0.1                    0.1        0.4546708882199                     10
                    205     -2.426674113554627     0.6150412409412372                    0.1                    0.1     0.5354310563180785                     10
                  207.5     -1.881729507021254      1.046332618648659                    0.1                    0.1     0.4499098787586688                     10
                    210     -1.090610722450969     0.8706476952454574                    0.1                    0.1     0.4964367311856961                     10
                  212.5     -2.345241651542389     0.7234827688276151                    0.1                    0.1     0.4935208831462884                     10
                    215     -1.979105522966576     0.8069360746766163                    0.1                    0.1     0.4032502048624597                     10
                  217.5     -1.807420179737271     0.9064385958590765                    0.1                    0.1     0.3941022613561749                     10
                    220     -1.622193914503708     0.5325266996510271                    0.1                    0.1     0.4714216754443372                     10
                  222.5     -1.300221753773209     0.2025164258027616                    0.1                    0.1     0.5318400233425055                     10
                    225     -1.653100450106398     0.3891395953908618                    0.1                    0.1     0.4651113644066417                     10
                  227.5     -2.248176025589373     0.6710216394859969                    0.1                    0.1      0.443443826846843                     10
                    230     -1.985130048165573     0.7031209328849446                    0.1                    0.1     0.3953259022995152                     10
                  232.5     -1.524934140851235     0.7551882683285749                    0.1                    0.1     0.4660236882265176                     10
                    235     -1.314814600277279      1.093274968958644                    0.1                    0.1     0.4981958044436645                     10
                  237.5     -1.551903876207726     0.5956857998191704                    0.1                    0.1      0.460144415774889                     10
                    240     -2.314546460009646     0.8497008318364406                    0.1                    0.1     0.4466846812102893                     10
                  242.5     -2.141969768339236      0.409160359800201                    0.1                    0.1     0.4844200327742547                     10
                    245     -1.708714094619454     0.2799325208081316                    0.1                    0.1     0.4970922327337994                     10
                  247.5     -0.787730043465623     0.7939668548875739                    0.1                    0.1     0.5438496756609634                     10
                    250     -1.783372894361254     0.8446436405678471                    0.1                    0.1     0.3725136626720879                     10
                  252.5     -2.074546312727465     0.4714766895351438                    0.1                    0.1     0.4581840287732551                     10
                    255     -1.788205731218334      1.167073019255432                    0.1                    0.1     0.5088154092434346                     10
                  257.5     -1.631046765868548      1.072446343659496                    0.1                    0.1     0.4822622948271792                     10
                    260     -1.734134930643651     0.9044174267453927                    0.1                    0.1     0.3715462659281311                     10
                  262.5     -1.540279571998424      0.997080567836106                    0.1                    0.1     0.4446522246856188                     10
                    265     -1.741948869957524     0.6541340039945126                    0.1                    0.1     0.4281898055061285                     10
                  267.5     -1.334217861237104     0.8298573350677333                    0.1                    0.1     0.5034441797147862                     10
                    270     -1.805411317396898     0.8836179591002381                    0.1                    0.1     0.3493543422590814                     10
                  272.5     -1.887202011207112      1.263018102098631                    0.1                    0.1     0.5179100111696963                     10
                    275      -1.85222016068997      1.226791738254037                    0.1                    0.1     0.4790475350740713                     10
                  277.5     -1.608713170382355     0.8491845388791104                    0.1                    0.1     0.3939086027553624                     10
                    280     -2.025260626435187     0.6170953561148672                    0.1                    0.1     0.4038618641158302                     10
                  282.5     -1.838434364233531     0.3074328914149089                    0.1                    0.1     0.4668461516544761                     10
                    285     -1.573427410056592     0.8048695438450014                    0.1                    0.1     0.4032440538352499                     10
                  287.5     -1.952953774230818      1.037579294209215                    0.1                    0.1     0.4019374345541519                     10
                    290      -1.90464141305581     0.8415700439979822                    0.1                    0.1     0.3546211948922797                     10
                  292.5     -1.537008075724494     0.9139518471501561                    0.1                    0.1     0.3990093146573731                     10
                    295       -1.7402838676435     0.4732502710379946                    0.1                    0.1     0.4041369793423205                     10
                  297.5     -1.799906494630323     0.9689376676717476                    0.1                    0.1     0.3611140606975601                     10
                    300     -1.801902842638418     0.6719803610832029                    0.1                    0.1     0.3764525575710224                     10
                  302.5     -1.537497659996472     0.5295554875390176                    0.1                    0.1     0.4444637755228431                     10
                    305     -1.452330880468487     0.8582144646758844                    0.1                    0.1     0.4359897192461721                     10
                  307.5     -2.047141592942465      0.551605453324452                    0.1                    0.1     0.4108310444444103                     10
                    310     -1.525714096406267     0.7173945939959864                    0.1                    0.1     0.4062402112305906                     10
                  312.5     -1.934505093366415     0.9423028259908002                    0.1                    0.1     0.3621105895595832                     10
                    315     -2.038753479090083     0.6033311368968123                    0.1                    0.1     0.3802187421492796                     10
                  317.5     -1.754207767911717     0.8953094590713483                    0.1                    0.1      0.318700282298025                     10
                    320      -1.39670723923266     0.8547361566991797                    0.1                    0.1     0.4420546604709578                     10
                  322.5     -1.706225558197477     0.3943975363984758                    0.1                    0.1      0.400778954245363                     10
                    325     -2.184946144242258     0.8188827900510927                    0.1                    0.1      0.369030150569037                     10
                  327.5     -1.446337893001757     0.9904930116151098                    0.1                    0.1     0.4286233261135693                     10
                    330     -1.944898187660473     0.6712100470457258                    0.1                    0.1     0.3429942428674552                     10
                  332.5     -1.648109740946059     0.1972869371632177                    0.1                    0.1     0.5195271031171579                     10
                    335     -2.134865495719385     0.9723262024557677                    0.1                    0.1     0.3923509705815256                     10
                  337.5     -1.735226976244082     0.5152697526818697                    0.1                    0.1     0.3812697218098147                     10
                    340     -1.447729250020598      1.143494918853819                    0.1                    0.1      0.493329511578134                     10
                  342.5     -1.476844952626878     0.6233908570848113                    0.1                    0.1     0.4056948354496118                     10
                    345     -1.566174125798214     0.7163766890873992                    0.1                    0.1     0.3781312044527294                     10
                  347.5     -2.113689510139882      0.696929171246317                    0.1                    0.1     0.3656689173381372                     10
                    350     -1.408608293150205     0.6801241539485708                    0.1                    0.1     0.3947999831733382                     10
                  352.5     -1.580538948004353      1.099726504431447                    0.1                    0.1     0.4506204389900508                     10
                    355     -1.954644078036841      0.803823986022968                    0.1                    0.1     0.3360697668360395                     10
                  357.5     -1.699543557732771     0.6453272352370549                    0.1                    0.1     0.3882278798032017                     10
                    360     -1.397370396986291     0.3638471419635636                    0.1                    0.1     0.5277683644993765                     10
                  362.5     -1.800474557826228      1.176680883808547                    0.1                    0.1     0.4465286206426461                     10
                    365     -1.689677396741261     0.5701297488212745                    0.1                    0.1     0.3721290679108239                     10
                  367.5     -1.756732083942563      0.485341446371691                    0.1                    0.1     0.3510159128477856                     10
                    370     -1.479776327950842      1.145150810509007                    0.1                    0.1     0.4612208932379568                     10
                  372.5     -1.856556805397969      1.004656315901452                    0.1                    0.1     0.3517706574263196                     10
                    375     -1.914795416078228     0.8659469762893103                    0.1                    0.1     0.3154952588565236                     10
                  377.5     -1.542149530347474     0.5380414696442563                    0.1                    0.1      0.390308799671823                     10
                    380     -1.489277012790541      1.257893806592611                    0.1                    0.1     0.5034837319081887                     10
                  382.5     -1.805892622455008      1.076471242130887                    0.1                    0.1     0.3819746660435179                     10
                    385     -1.094602492475755     0.5780926445990762                    0.1                    0.1       0.52877075687123                     10
                  387.5     -2.043264199780464     0.1311043194121266                    0.1                    0.1     0.5328229032920868                     10
                    390    -0.9916068758596109     0.6889927435626493                    0.1                    0.1     0.5282224952551113                     10
                  392.5      -2.36998381518648     0.9623513991853151                    0.1                    0.1     0.4821984736656165                     10
                    395      -1.31877664119818     0.7488216303541624                    0.1                    0.1     0.4431476646691135                     10
                  397.5     -2.185516654043332     0.3215562467386716                    0.1                    0.1     0.4876498821800033                     10
                    400     -1.334477875175153    0.09415725093253635                    0.1                    0.1     0.5339605250264411                     10
                  402.5     -1.737998787983997     0.8060450928040599                    0.1                    0.1     0.3135396962574772                     10
                    405     -1.735505940068085     0.9274666091280638                    0.1                    0.1     0.3052763861886741                     10
                  407.5     -1.505170934589381     0.6664180052844957                    0.1                    0.1     0.3526428008291508                     10
                    410     -1.325275216158338       0.97167169192324                    0.1                    0.1     0.4376073688518838                     10
                  412.5     -1.543693751284752      1.089370983904675                    0.1                    0.1     0.4046865317955319                     10
                    415     -1.807242142396981      1.075159446253495                    0.1                    0.1     0.3631165285615988                     10
                  417.5     -1.859793855623853     0.6241013629962092                    0.1                    0.1     0.3323019020551413                     10
                    420     -1.789821263938941      0.727771955537643                    0.1                    0.1     0.3136589503959072                     10
                  422.5     -1.978850123567046     0.6970356691769015                    0.1                    0.1     0.3175747747514153                     10
                    425     -1.615463945741322     0.6870559738259505                    0.1                    0.1     0.3449780057916061                     10
                  427.5     -2.316646876247135     0.5853403306091292                    0.1                    0.1     0.4616720760630659                     10
                    430     -1.515492125093378      1.193878185604447                    0.1                    0.1     0.4388689833132606                     10
                  432.5     -1.091233448266008      1.038657792148814                    0.1                    0.1     0.4693147578503555                     10
                    435     -2.151128367785312     0.4109250726215372                    0.1                    0.1     0.4273385601560944                     10
                  437.5     -1.160205450232227     0.5520369390139283                    0.1                    0.1     0.4807833887384972                     10
                    440     -2.278992342546018     0.9629970014666549                    0.1                    0.1     0.4251675542171823                     10
                  442.5    -0.9838714827344758     0.7089260577077755                    0.1                    0.1     0.5003740122851665                     10
                    445     -1.637047994293737     0.1146877062469134                    0.1                    0.1     0.5257665441861883                     10
                  447.5     -1.638690244503556      1.165652717912468                    0.1                    0.1     0.4289152394020292                     10
                    450     -1.206081263956648     0.5596659433263016                    0.1                    0.1     0.4489477714365268                     10
                  452.5     -1.816219003793695     0.9519009257786277                    0.1                    0.1     0.2898412722590437                     10
                    455     -1.673095979368242     0.5459250845343727                    0.1                    0.1     0.3357797879186118                     10
                  457.5      -1.88311179095928     0.4456246707852547                    0.1                    0.1     0.3829884251024023                     10
                    460     -1.627971661339998     0.7082595712586229                    0.1                    0.1     0.3282164392087051                     10
                  462.5     -2.083968612733119      0.536394331529582                    0.1                    0.1     0.3767380100827893                     10
                    465     -2.105971716530045     0.6162205686226805                    0.1                    0.1     0.3531012888713131                     10
                  467.5     -2.099929588810777     0.9551438268578414                    0.1                    0.1     0.3575532337226489                     10
                    470     -2.155234671344917     0.6106985564911535                    0.1                    0.1     0.3627995170497469                     10
                  472.5      -1.34611163436963     0.6863979862245302                    0.1                    0.1     0.3879087783195556                     10
                    475      -1.92362478889737      1.261465824131767                    0.1                    0.1     0.4606881218308682                     10
                  477.5     -1.545349718794299    0.09584127607556997                    0.1                    0.1     0.5217339549264312                     10
                    480     -1.716373067148336     0.8244797434990582                    0.1                    0.1     0.2853657271382828                     10
                  482.5      -1.08260409877207     0.9955203143882119                    0.1                    0.1     0.4393160651102516                     10
                    485       -1.7124943557659     0.7477807673208737                    0.1                    0.1     0.2976428291309832                     10
                  487.5     -1.205782158074431     0.6935696225109329                    0.1                    0.1     0.4540319329477852                     10
                    490     -2.322525709150824     0.9049037329818168                    0.1                    0.1     0.4058187980640962                     10
                  492.5     -1.729966427350043     0.8353703327855193                    0.1                    0.1     0.2669420794867299                     10
                    495     -1.740012949729112       0.98768065180093                    0.1                    0.1     0.3046447030980391                     10
                  497.5     -2.260964172797588     0.5571297518900901                    0.1                    0.1     0.4149166512769856                     10
                    500     -1.938631920276229     0.4335038797776815                    0.1                    0.1     0.3943692865455964                     10
                  502.5     -1.405531287631401     0.9389786949798105                    0.1                    0.1      0.392444041381662                     10
                    505     -2.357495785208834     0.7553368462261231                    0.1                    0.1     0.4341826473090579                     10
                  507.5     -1.798285066873254     0.7345605636565197                    0.1                    0.1     0.2795457590230839                     10
                    510     -1.645861030619113     0.2146837664989881                    0.1                    0.1     0.4633165122985078                     10
                  512.5     -1.800027878932171     0.4367066898619916                    0.1                    0.1     0.3354930079430028                     10
                    515     -1.457787571922357     0.4281728987712779                    0.1                    0.1     0.4667722309992808                     10
                  517.5     -2.046917486700386     0.9907452512986744                    0.1                    0.1     0.3445398214437387                     10
                    520     -1.875951084463864     0.5559150051343041                    0.1                    0.1     0.3140745020454023                     10
                  522.5     -1.824729906627266      1.123559204361121                    0.1                    0.1      0.357995849816607                     10
                    525     -1.960613712909898     0.6435259748725796                    0.1                    0.1     0.2918946962424391                     10
                  527.5      -1.71927802470692     0.6035130595399392                    0.1                    0.1     0.3102488583415375                     10
                    530     -2.030515352112274     0.4379826148207714                    0.1                    0.1     0.3822375182225737                     10
                  532.5     -1.469005133516084     0.8655177766642864                    0.1                    0.1     0.3528851972075617                     10
                    535     -1.348150944502061     0.9642997506207907                    0.1                    0.1     0.3938108899833573                     10
                  537.5     -1.683273231309746      0.125749176748241                    0.1                    0.1     0.4700727792132922                     10
                    540     -1.224478806757512     0.9744334642037943                    0.1                    0.1      0.403842851715049                     10
                  542.5      -2.39314761280433      1.081344183259895                    0.1                    0.1     0.5094924340594578                     10
                    545     -1.166883622620417       1.30950011168354                    0.1                    0.1     0.5371546968677884                     10
                  547.5     -1.205551249507151       1.21099827847892                    0.1                    0.1     0.4900116734034839                     10
                    550     -1.702360661138294     0.3848634407765572                    0.1                    0.1     0.3498255263642529                     10
                  552.5     -1.938507567843196     0.5796802341047992                    0.1                    0.1     0.2917485550788413                     10
                    555     -1.463221466640317    0.03268721424815282                    0.1                    0.1     0.5189088930321868                     10
                  557.5     -1.948442468037353      1.025251691898832                    0.1                    0.1     0.3251237336957848                     10
                    560     -1.708460438641158      1.086417388778175                    0.1                    0.1     0.3589153577774409                     10
                  562.5     -1.433891799740083     0.7799398292937576                    0.1                    0.1     0.3443750550456796                     10
                    565     -2.181411500372906     0.4981151295388562                    0.1                    0.1     0.3719522898149611                     10
                  567.5     -1.379780597885829     0.8074186616155699                    0.1                    0.1     0.3573032045422727                     10
                    570     -1.772817660318668     0.6140746486165618                    0.1                    0.1      0.290851567570366                     10
                  572.5     -1.477598595399627     0.6164275969503183                    0.1                    0.1     0.3304958934362073                     10
                    575     -1.141638146566111     0.8929439889939851                    0.1                    0.1     0.4166896024732771                     10
                  577.5     -1.280657540395703      1.204137673621384                    0.1                    0.1     0.4597293437056738                     10
                    580     -1.493543052371574      0.706888966486196                    0.1                    0.1     0.3026545469062331                     10
                  582.5     -1.513823574178967      1.123555014159485                    0.1                    0.1     0.3766814779580695                     10
                    585      -1.69006010052811     0.4787824208307615                    0.1                    0.1     0.3011491644142569                     10
                  587.5     -1.753328413748771      1.326658892778692                    0.1                    0.1     0.4974037153287648                     10
                    590     -2.104958181957017     0.5413156741291929                    0.1                    0.1     0.3234245827255721                     10
                  592.5     -2.028628176115416      0.806644904771591                    0.1                    0.1     0.3128633168297428                     10
                    595     -1.760712068407817       1.15972836550214                    0.1                    0.1     0.3674910306688052                     10
                  597.5    -0.8578186439617768     0.9738215694618092                    0.1                    0.1     0.5352818279528817                     10
                    600     -2.028723172877943     0.9659471430352488                    0.1                    0.1     0.3178322360994769                     10
                  602.5     -1.919859548086359      1.001451122215573                    0.1                    0.1     0.2940443452241311                     10
                    605      -1.82074784727535     0.1534625285093493                    0.1                    0.1     0.4797894341225695                     10
                  607.5     -1.309135341305238      1.142058786139947                    0.1                    0.1     0.4178483763675219                     10
                    610     -1.658486559420747      1.365600918140311                    0.1                    0.1     0.5058120185997579                     10
                  612.5     -2.386759614906955     0.9650078234662514                    0.1                    0.1     0.4318457067541442                     10
                    615     -2.152747346414412     0.8205630086780966                    0.1                    0.1     0.3158476860800889                     10
                  617.5     -1.153561151637098     0.8472418898785725                    0.1                    0.1     0.4219209990408006                     10
                    620    -0.4765851691754562     0.8802190253695883                    0.1                    0.1     0.5554488444808007                     10
                  622.5     -2.161104141295757      1.087015681196293                    0.1                    0.1     0.3961058574571196                     10
                    625     -1.559101008139591     0.5213189247718024                    0.1                    0.1     0.3367558903023983                     10
                  627.5     -2.149813997950956     0.9924543165737845                    0.1                    0.1     0.3371757748356026                     10
                    630     -1.709105637615455      0.158902672248849                    0.1                    0.1     0.4293003902419016                     10
                  632.5     -1.766473881438685      1.138487398227503                    0.1                    0.1     0.3398280613146643                     10
                    635     -1.308702597932729     0.5300572237115713                    0.1                    0.1     0.4096560414273854                     10
                  637.5     -1.785730295266158     0.8696652306872937                    0.1                    0.1     0.2428339170146598                     10
                    640     -1.622379372269933     0.9899711697404104                    0.1                    0.1     0.3142825653896647                     10
                  642.5     -1.167802815493441     0.7407808703081632                    0.1                    0.1     0.4389924097467549                     10
                    645     -1.490804413549472      1.185548253150525                    0.1                    0.1     0.3893992128161587                     10
                  647.5     -1.996081256138087     0.8164738448731561                    0.1                    0.1      0.289899359576906                     10
                    650      -1.50212911940809     0.7913734614114993                    0.1                    0.1     0.3001376660883918                     10
                  652.5      -1.25717482620455     0.7504328424450198                    0.1                    0.1     0.3907065912722043                     10
                    655     -2.057603496412771      1.058961474255646                    0.1                    0.1     0.3215476340984522                     10
                  657.5      -2.15526379214389     0.8887150491442563                    0.1                    0.1     0.3041052313092282                     10
                    660     -2.123673420555349     0.8177667941711618                    0.1                    0.1     0.2891194686283259                     10
                  662.5     -1.785320260318002     0.3567587030244641                    0.1                    0.1     0.3467317114598117                     10
                    665     -2.232769119232023     0.6025757959549868                    0.1                    0.1     0.3599920175007881                     10
                  667.5     -1.677072427046612     0.6326690749824979                    0.1                    0.1     0.2892739368051085                     10
                    670     -1.991852571637004     0.7236089901834947                    0.1                    0.1     0.2741813602568063                     10
                  672.5     -1.899564363660177     0.8235769575258484                    0.1                    0.1     0.2560881166829468                     10
                    675     -1.224315401281347     0.7226886812222121                    0.1                    0.1     0.3879012188880604                     10
                  677.5     -2.203991638012312      1.083188704329934                    0.1                    0.1     0.3887797756396021                     10
                    680     -1.670027058112468   -0.02269624247847097                    0.1                    0.1     0.5173626135938574                     10
                  682.5     -1.709543123802245     0.3626064248648938                    0.1                    0.1     0.3311984796942722                     10
                    685     -2.313925658904622     0.8424179434296153                    0.1                    0.1     0.3591375233863429                     10
                  687.5    -0.8776520487356564     0.9585639885438632                    0.1                    0.1     0.5026198404289434                     10
                    690    -0.9022825796526377     0.6587611222451514                    0.1                    0.1     0.4857386004401902                     10
                  692.5     -1.840354580283584      1.216090539480998                    0.1                    0.1     0.3677222471639772                     10
                    695     -1.367285382391969     0.8249986417535302                    0.1                    0.1     0.3322758351255134                     10
                  697.5     -1.273728271843232     0.5466145099439049                    0.1                    0.1     0.3869167864464872                     10
                    700     -1.227025436709639     0.3152342454656151                    0.1                    0.1     0.4869463934320407                     10
                  702.5     -1.638203975768119      1.420887098546958                    0.1                    0.1     0.5095511563253687                     10
                    705     -1.547803279917927     0.3919100389561291                    0.1                    0.1     0.4082707013034111                     10
                  707.5     -0.933738701809375      1.229489141934554                    0.1                    0.1     0.5005234011450376                     10
                    710      -1.22238036425313      1.064978589418818                    0.1                    0.1     0.3926184621605807                     10
                  712.5     -2.118802116308172     0.7544201652243934                    0.1                    0.1     0.2827060930726319                     10
                    715     -2.008745975662154     0.4047500670360554                    0.1                    0.1     0.3792952763469167                     10
                  717.5      -1.65488775257903     0.7302395905064019                    0.1                    0.1     0.2749114790378692                     10
                    720     -1.705836655768653     0.6460921544431454                    0.1                    0.1     0.2726018517579019                     10
                  722.5     -2.215735515110043      0.540201207401793                    0.1                    0.1     0.3482153231354607                     10
                    725     -1.516104901458518     0.7824756717015338                    0.1                    0.1     0.2810152355096799                     10
                  727.5     -1.995887683578526     0.5420015790280762                    0.1                    0.1      0.288923310357153                     10
                    730     -1.611391439636757      1.064901184043453                    0.1                    0.1     0.3274074533823291                     10
                  732.5    -0.9258650129855098     0.7394175360490544                    0.1                    0.1     0.4610877221303918                     10
                    735      -1.45360358039283     0.8258447755602588                    0.1                    0.1     0.2914562811780702                     10
                  737.5      -2.13454702094293     0.4829129296244553                    0.1                    0.1      0.318703545566375                     10
                    740     -1.776535148469166      1.073738945490943                    0.1                    0.1     0.2906400308473359                     10
                  742.5     -1.751524433761339     0.3451796320991644                    0.1                    0.1     0.3258608248959399                     10
                    745    -0.9379766416586531      1.064113756127333                    0.1                    0.1     0.4660663360039193                     10
                  747.5    -0.7695137046055871       0.22839468364139                    0.1                    0.1     0.5555555555555556                     10
                    750     -1.088401872080121      1.019811377182685                    0.1                    0.1     0.3894470992317206                     10
                  752.5     -1.956359625002356       1.35030726276882                    0.1                    0.1     0.4975180611025186                     10
                    755     -1.498303111976405   -0.06513466809971664                    0.1                    0.1     0.5211830971080523                     10
                  757.5     -1.197041110585809     0.8833036980899125                    0.1                    0.1     0.3595272512422145                     10
                    760     -1.515111551996234     0.9413924235821918                    0.1                    0.1     0.3007064651805818                     10
                  762.5    -0.8286093962425507     0.4804350400672709                    0.1                    0.1     0.5421657563161386                     10
                    765     -1.410708087625822      1.172139765145511                    0.1                    0.1      0.384172745934205                     10
                  767.5     -1.240026163303821     0.7765212383783664                    0.1                    0.1      0.355764821287298                     10
                    770     -1.745946015875619      1.264439678750455                    0.1                    0.1     0.3942940940680387                     10
                  772.5      -0.80365933326158      1.424357299920381                    0.1                    0.1     0.5527573353398662                     10
                    775    -0.9525926072854382      1.416742080299513                    0.1                    0.1     0.5359378057384195                     10
                  777.5     -1.254488133261056      1.487144931003997                    0.1                    0.1     0.5487393243067817                     10
                    780     -2.255418565919888     0.5842722448953688                    0.1                    0.1      0.346923161116992                     10
                  782.5     -1.227980102508501     0.1330386567541411                    0.1                    0.1     0.5013599366629213                     10
                    785      -1.22266783963578     0.6543179691380534                    0.1                    0.1     0.3583364192392992                     10
                  787.5     -1.635973325992912      1.110123946170343                    0.1                    0.1     0.3246804793999326                     10
                    790     -1.589380305256217      1.036542633891454                    0.1                    0.1      0.296452593232165                     10
                  792.5     -2.194935737637561      1.012284522964549                    0.1                    0.1     0.3328898364974254                     10
                    795     -1.277040011106428      1.208858689846772                    0.1                    0.1     0.4123622118767095                     10
                  797.5     -1.231259291949203      1.172821530164711                    0.1                    0.1     0.3951512985641426                     10
                    800     -2.370039317593148     0.5670231823904954                    0.1                    0.1     0.4236879632399241                     10
                  802.5     -1.393563869011966     0.2369463366691172                    0.1                    0.1     0.4861899597474228                     10
                    805      -2.14399387635423     0.8441436633826488                    0.1                    0.1     0.2708290183089255                     10
                  807.5      -1.91650283935222     0.5493288376678797                    0.1                    0.1     0.2742065141887924                     10
                    810      -1.96378423019883     0.8335196121307556                    0.1                    0.1     0.2590064802526685                     10
                  812.5     -1.920660364611744  -0.005504664455664932                    0.1                    0.1     0.5373013794984201                     10
                    815     -2.148257639389409      1.231244300931446                    0.1                    0.1     0.4631763579456435                     10
                  817.5     -1.840911338779507       1.09225950327984                    0.1                    0.1     0.2821910541861884                     10
                    820     -1.142743921616179     0.2926298433596619                    0.1                    0.1     0.4840782572332347                     10
                  822.5     -1.269195931724253      1.368362948882774                    0.1                    0.1     0.4876150436991502                     10
                    825    -0.8940496906666953     0.8311230396193423                    0.1                    0.1     0.4665839994315275                     10
                  827.5     -1.388625090421344     0.9996278820186503                    0.1                    0.1     0.3321090918984577                     10
                    830     -1.958428499338854     0.2339332815855227                    0.1                    0.1     0.4566515983982104                     10
                  832.5     -1.456310646102081     0.3375140903684778                    0.1                    0.1     0.4561198801719165                     10
                    835     -2.089832280027629     0.6308676627069625                    0.1                    0.1       0.27079899033895                     10
                  837.5     -1.895061349305079     0.9867245197090488                    0.1                    0.1     0.2581674738484504                     10
                    840     -2.169795840547915     0.6523230057872754                    0.1                    0.1     0.2854118325039002                     10
                  842.5     -2.353104109493398     0.7018492687426885                    0.1                    0.1     0.3904375810213986                     10
                    845     -1.379296602393764     0.3948587285200476                    0.1                    0.1     0.4330762919254055                     10
                  847.5     -1.549826337134105       1.34556635478398                    0.1                    0.1     0.4663987025133359                     10
                    850      -1.33211749945952     0.9392011739884663                    0.1                    0.1     0.3262125807119841                     10
                  852.5     -1.800618317853815     0.5713765481846899                    0.1                    0.1     0.2642547520976591                     10
                    855     -1.610649518539076      1.257958791979436                    0.1                    0.1     0.3870435550356455                     10
                  857.5     -1.484379562314516     0.9144685204731977                    0.1                    0.1     0.2811157232728494                     10
                    860     -1.680965123155402     0.2261729490826719                    0.1                    0.1     0.3814875416894373                     10
                  862.5     -1.490424244422052      1.072346449427963                    0.1                    0.1     0.3024005506645706                     10
                    865     -1.157903969052868     0.3894466235337783                    0.1                    0.1     0.4483473326055633                     10
                  867.5      -2.41677560225783     0.6681446475087212                    0.1                    0.1     0.4289914526175465                     10
                    870      -1.54470264924585     0.4038655636266667                    0.1                    0.1      0.368758233579455                     10
                  872.5    -0.9397723706826311       1.00279327918045                    0.1                    0.1     0.4332219733633116                     10
                    875     -1.556201324025004     0.9674379790182672                    0.1                    0.1     0.2698670332819376                     10
                  877.5     -1.178130343951479      0.784331630092467                    0.1                    0.1     0.3590797118370608                     10
                    880     -2.039926856906785    0.06762817162050892                    0.1                    0.1     0.5061578475934277                     10
                  882.5       -2.0009291558762     0.8902666396599693                    0.1                    0.1     0.2578504197458178                     10
                    885     -1.559172564130354     0.7264728402570668                    0.1                    0.1     0.2615524240778083                     10
                  887.5     -2.412893569302332     0.8618167603915965                    0.1                    0.1     0.4187726175633109                     10
                    890     -2.050110313016091     0.9300558526966478                    0.1                    0.1      0.258245663564328                     10
                  892.5     -2.192982450165205     0.7572118537757743                    0.1                    0.1     0.2734715767153427                     10
                    895      -1.80044743745961     0.7191233303480739                    0.1                    0.1     0.2442819083456729                     10
                  897.5     -1.171375021589406     0.5122854972817111                    0.1                    0.1     0.3998635893877491                     10
                    900     -1.500023216286698     0.1147994180193669                    0.1                    0.1     0.4563023922179691                     10
                  902.5     -1.645063262376684      1.215724355771017                    0.1                    0.1     0.3477930102721964                     10
                    905     -1.846913451922137     0.3703426251062868                    0.1                    0.1     0.3261899637182477                     10
                  907.5     -1.523443667689046     0.5359463184836719                    0.1                    0.1     0.3126580832138385                     10
                    910     -2.010834043330325      1.173802562418878                    0.1                    0.1     0.3665644893393692                     10
                  912.5     -1.641484644946315     0.8549751023626633                    0.1                    0.1     0.2502001251792279                     10
                    915     -1.926929968655396     0.2691225382075855                    0.1                    0.1     0.4098939637843989                     10
                  917.5     -1.755894228528114     0.8194560955461432                    0.1                    0.1     0.2249920763707939                     10
                    920     -2.462887392795312     0.7936183180365803                    0.1                    0.1     0.4564396429196651                     10
                  922.5     -2.187830116118434     0.8575458079829048                    0.1                    0.1     0.2637220110164659                     10
                    925     -1.674822023519069      1.070032345952706                    0.1                    0.1     0.2779116444357976                     10
                  927.5     -1.866151973858646     0.7311083524276321                    0.1                    0.1      0.236008406494174                     10
                    930     -1.404920287441098     0.8631455910046584                    0.1                    0.1     0.2795048709465596                     10
                  932.5     -1.421905615568341     0.5614673726242175                    0.1                    0.1      0.320788177230141                     10
                    935     -1.554516574378972      1.190480716042189                    0.1                    0.1     0.3230732726570543                     10
                  937.5      -1.64978525373548      1.181233337271281                    0.1                    0.1     0.3078954828990337                     10
                    940      -2.06457341163314     0.2066477172041621                    0.1                    0.1     0.4525717643943311                     10
                  942.5     -2.108128431943457      1.112734500860066                    0.1                    0.1     0.3261372344161674                     10
                    945     -2.297966312810429     0.6896370034193382                    0.1                    0.1     0.3196306565406973                     10
                  947.5     -1.349100819015151     0.4677075463951069                    0.1                    0.1      0.379032341994983                     10
                    950     -1.504013065225679     0.6695378884697031                    0.1                    0.1     0.2599424249908415                     10
                  952.5     -1.490805025954528     0.5179409154972545                    0.1                    0.1     0.3090019210334298                     10
                    955     -1.308368072811229     0.8817005778513264                    0.1                    0.1     0.3058549620965128                     10
                  957.5     -2.143297659149299      1.091846995184647                    0.1                    0.1     0.3161220259177099                     10
                    960     -2.206813185444597      1.103802181598429                    0.1                    0.1     0.3536734702542446                     10
                  962.5     -2.035975778516156     0.7154265820372294                    0.1                    0.1     0.2456127314558461                     10
                    965     -1.902480799612382     0.5905253369305953                    0.1                    0.1     0.2458229107717826                     10
                  967.5     -1.644838462389245     0.6841040380129241                    0.1                    0.1     0.2499436671410336                     10
                    970     -2.038540028715704     0.7500556767597005                    0.1                    0.1     0.2381409379950455                     10
                  972.5     -1.866448280591984     0.7734891812534531                    0.1                    0.1     0.2235124880478898                     10
                    975     -1.984511114273605     0.6731402607858535                    0.1                    0.1     0.2279611006657481                     10
                  977.5      -2.02618222252668       1.28750836640433                    0.1                    0.1     0.4423256308059795                     10
                    980     -1.301116877448008   -0.02995319187283133                    0.1                    0.1     0.5230701598751755                     10
                  982.5    -0.1355562848423533      1.485204785286083                    0.1                    0.1     0.5555555555555556                     10
                    985   -0.09840617430883884      1.444471632964581                    0.1                    0.1     0.5296161726250032                     10
                  987.5   -0.06224616988106053      1.258349957131753                    0.1                    0.1     0.5490072586791094                     10
                    990    0.05415326997573842      0.991729491168869                    0.1                    0.1     0.5551699144765001                     10
                  992.5    -0.7121959773557311      1.415733472107497                    0.1                    0.1     0.5336971418973154                     10
                    995     -2.085064980302986      0.360185888158011                    0.1                    0.1     0.3697650498179952                     10
                  997.5      -1.20047260502062     0.4467689792528536                    0.1                    0.1     0.3921560424640996                     10
                   1000     -0.968654787749055      1.222624218664981                    0.1                    0.1      0.459083230485726                     10
                 1002.5     -1.188494346758297     0.6081467524367447                    0.1                    0.1     0.3489548499867894                     10
                   1005     -1.825531904472798     0.3961237582031736                    0.1                    0.1     0.2878989802409999                     10
                 1007.5     -2.048118694539947     0.2900895849205892                    0.1                    0.1     0.3908248317329212                     10
                   1010     -2.164433654253424     0.8931881866266863                    0.1                    0.1     0.2518575816832398                     10
                 1012.5     -1.698943421791711        1.0931509928013                    0.1                    0.1     0.2679440482591455                     10
                   1015     -1.954928774353272       1.15148104780069                    0.1                    0.1     0.3151068129822083                     10
                 1017.5     -1.979298765852607     0.6423629381261793                    0.1                    0.1     0.2246419661710213                     10
                   1020      -1.91087060843946     0.5830613652027072                    0.1                    0.1     0.2327606942499877                     10
                 1022.5     -1.754706501870811     0.6878930282336982                    0.1                    0.1     0.2309855948117724                     10
                   1025     -1.795246655287194      1.263422818680717                    0.1                    0.1     0.3520153096636974                     10
                 1027.5     -1.822543031396265       0.88994437099726                    0.1                    0.1     0.2140490275230818                     10
                   1030     -1.428533487230564     0.9810765080060829                    0.1                    0.1     0.2800928961589126                     10
                 1032.5      -1.43151879384411     0.9501959063740938                    0.1                    0.1     0.2652606579806875                     10
                   1035     -2.035345523337076     0.5419326816037716                    0.1                    0.1     0.2522339569344353                     10
                 1037.5     -1.324738668695971     0.7559793278501021                    0.1                    0.1     0.2904833719356218                     10
                   1040     -1.500584582443808     0.2448192626679338                    0.1                    0.1     0.4356591382381628                     10
                 1042.5     -1.183465827560913      1.399279659685913                    0.1                    0.1     0.4862035143380898                     10
                   1045     -1.001821904947498     0.4608511403246972                    0.1                    0.1     0.4942923579783235                     10
                 1047.5     -1.540263006042588     0.3565463979455446                    0.1                    0.1     0.3663509137766759                     10
                   1050     -2.339160941705765     0.4580503205291259                    0.1                    0.1     0.4297760915158371                     10
                 1052.5     -2.183800924937641     0.3503468831846671                    0.1                    0.1     0.3883144780896768                     10
                   1055     -2.091073816973371     0.6828608150610529                    0.1                    0.1      0.232832516893401                     10
                 1057.5      -2.11091620709758     0.7545972175639196                    0.1                    0.1     0.2271637292917264                     10
                   1060     -1.742293043551582     0.3428545236284595                    0.1                    0.1     0.2935464287543821                     10
                 1062.5      -2.00627877850678      1.001170398646233                    0.1                    0.1     0.2521921101018999                     10
                   1065    -0.8099857341803562      0.451933529427488                    0.1                    0.1     0.5159399517943125                     10
                 1067.5     -1.209852034649913      1.452796043385388                    0.1                    0.1     0.4794154624865963                     10
                   1070    -0.9899354901103831     0.2972596364022204                    0.1                    0.1     0.5163854265566542                     10
                 1072.5    0.04608453867786259       -2.0109209416091                    0.1                    0.1     0.5555555555555556                     10
                   1075    -0.3216770446389525     0.6523966467987248                    0.1                    0.1     0.5549190446304958                     10
                 1077.5    -0.5029742048883848     0.9352235821316716                    0.1                    0.1     0.5302953758666217                     10
                   1080     -1.333288666420256      1.452851990670205                    0.1                    0.1     0.4911926844883088                     10
                 1082.5     -2.007824136264372     0.2229026059418046                    0.1                    0.1      0.394928114375459                     10
                   1085     -1.641684233444199      0.809617481972102                    0.1                    0.1     0.2334338311530037                     10
                 1087.5     -1.761688688824953     0.4764507860200189                    0.1                    0.1      0.245017679008423                     10
                   1090     -1.313703435950803      1.246678194595518                    0.1                    0.1     0.3886461694541314                     10
                 1092.5     -1.625297635320471      1.059179830370397                    0.1                    0.1     0.2552378346854662                     10
                   1095     -1.374080699072224      1.152523100890921                    0.1                    0.1     0.3322792628337237                     10
                 1097.5     -1.493753421418649      1.347792106624972                    0.1                    0.1     0.4433697471615671                     10
                   1100     -2.017704397497451     0.8152801762937065                    0.1                    0.1     0.2206771519047379                     10
                 1102.5     -1.352508126668897      0.673706933529795                    0.1                    0.1     0.2796997738192664                     10
                   1105      -1.53097541484445     0.1122357282435851                    0.1                    0.1     0.4186806421980836                     10
                 1107.5     -1.306769818429717     0.6036150241794074                    0.1                    0.1      0.295429047887608                     10
                   1110     -1.747880701755484       1.19771574594627                    0.1                    0.1     0.2925060390897032                     10
                 1112.5     -2.308196910730524     0.5524049544606613                    0.1                    0.1     0.3382810353935766                     10
                   1115     -1.608833442911433       1.02040948239119                    0.1                    0.1     0.2439180972212345                     10
                 1117.5    -0.2621995888073338      1.050085017274789                    0.1                    0.1     0.5535674000837031                     10
                   1120     -1.364911671795753      1.377466281549409                    0.1                    0.1     0.4466715425749085                     10
                 1122.5    -0.5234878445609839      0.581310058335142                    0.1                    0.1     0.5518616508931009                     10
                   1125     -1.209507314286313      1.395361568304196                    0.1                    0.1     0.4210521783668829                     10
                 1127.5     -1.115823821303058     0.4384051803659204                    0.1                    0.1     0.4010834468837447                     10
                   1130     -1.072023221181724      1.092958257134438                    0.1                    0.1     0.4003478429138388                     10
                 1132.5     -1.809574236689821       1.07403538406396                    0.1                    0.1      0.243348859544669                     10
                   1135     -1.964599778540334      1.048762679332169                    0.1                    0.1     0.2558374576012653                     10
                 1137.5     -1.682388302664051     0.5019351776719666                    0.1                    0.1     0.2465624044250565                     10
                   1140     -1.461296678311392      1.101375496818882                    0.1                    0.1      0.279514687360413                     10
                 1142.5     -1.358648401808186     0.3373801481332662                    0.1                    0.1     0.4012500781660825                     10
                   1145      -1.25597101881085      1.037779497148335                    0.1                    0.1     0.3236890395701054                     10
                 1147.5     -1.637787348936869      1.153306952406165                    0.1                    0.1     0.2646958221944316                     10
                   1150     -1.462688673550281     0.8709856603793056                    0.1                    0.1      0.241536471943685                     10
                 1152.5       -1.6845936435728      1.338883544211535                    0.1                    0.1      0.389071459569089                     10
                   1155     -1.638416784370464     0.4150029096430127                    0.1                    0.1     0.2737298447085056                     10
                 1157.5     -1.400936733486614     0.7142105502843156                    0.1                    0.1     0.2517964275790094                     10
                   1160     -1.766997591735132     0.4819657932492268                    0.1                    0.1     0.2326351743111406                     10
                 1162.5      -1.71417890525938     0.9833270894541657                    0.1                    0.1     0.2264920673651636                     10
                   1165     -1.095895535880067       1.22994168569674                    0.1                    0.1     0.4358332990308903                     10
                 1167.5       -2.0320306604844     0.6654961224050249                    0.1                    0.1     0.2120105539062951                     10
                   1170     -2.027049783852288     0.4731977930586877                    0.1                    0.1     0.2759911699857123                     10
                 1172.5      -2.04656542683178     0.5753949517674327                    0.1                    0.1     0.2244337956534536                     10
                   1175      -1.62183565024925     0.9481060290795775                    0.1                    0.1     0.2285146146093768                     10
                 1177.5     -1.165881548133806      1.100827459269323                    0.1                    0.1     0.3530418765002398                     10
                   1180     -2.069165707278954      1.084341803979005                    0.1                    0.1      0.267137062185319                     10
                 1182.5      -2.29827029552204     0.9057035990249279                    0.1                    0.1     0.3080615523611378                     10
                   1185     -1.358669789226233     0.4125505325878687                    0.1                    0.1     0.3634404920496683                     10
                 1187.5     -1.336303184857299     0.2574822673072105                    0.1                    0.1      0.403224709651489                     10
                   1190     -2.005280186800857     0.8952968018425141                    0.1                    0.1     0.2238952835120035                     10
                 1192.5     -1.469232971404404     0.2754566311058428                    0.1                    0.1     0.3848692119430174                     10
                   1195      -1.53479693128936     0.4458070819994028                    0.1                    0.1     0.2970555375007947                     10
                 1197.5     -1.895377407608496      0.244847262887221                    0.1                    0.1     0.3712162417893413                     10
                   1200     -2.080510812051483      0.372434382883747                    0.1                    0.1     0.3190684565835434                     10
                 1202.5     -1.765244774328563     0.1133238288533122                    0.1                    0.1       0.41947146691472                     10
                   1205     -1.659111951640474     0.8134443062410641                    0.1                    0.1     0.2203134990041857                     10
                 1207.5     -1.799820866923885     0.7468272217322439                    0.1                    0.1     0.2077032825043808                     10
                   1210     -1.916802327859503     0.9564081187955835                    0.1                    0.1     0.2223068519481626                     10
                 1212.5     -1.603169959765709     0.5503563999496133                    0.1                    0.1     0.2470514930013134                     10
                   1215     -1.089771289555904   -0.08818335934714613                    0.1                    0.1     0.5518840998710705                     10
                 1217.5     -1.679260458141408     0.2400906872150933                    0.1                    0.1     0.3349880065367167                     10
                   1220    -0.4919760560023681      1.354884598617396                    0.1                    0.1     0.5532993663866216                     10
                 1222.5     -1.463524578811299      1.064909040668208                    0.1                    0.1     0.2585603302696747                     10
                   1225     -2.414063212911716      0.835024170928844                    0.1                    0.1     0.3814154885238396                     10
                 1227.5     -1.896776492561179     0.4036232426641807                    0.1                    0.1     0.2827210497203814                     10
                   1230     -1.256023753008339    -0.3613596802597335                    0.1                    0.1     0.5553775903938397                     10
                 1232.5     -2.108408270849714      1.046280313764445                    0.1                    0.1     0.2506156838073552                     10
                   1235    -0.6232590244115027     0.7120049836727911                    0.1                    0.1     0.5350593107633255                     10
                 1237.5     -1.482916716198534   -0.04591874143278319                    0.1                    0.1     0.4729845362665272                     10
                   1240     -1.215329154700868      1.405434648641021                    0.1                    0.1      0.402764770300952                     10
                 1242.5     -1.721180643178528    -0.1164016431094236                    0.1                    0.1     0.5281545589595305                     10
                   1245     -2.119664051289559      1.098838556008967                    0.1                    0.1     0.2718090892242123                     10
                 1247.5     -2.055725906208401     0.8713999125380401                    0.1                    0.1     0.2131292691430325                     10
                   1250      -2.36286576900818      1.059217427608511                    0.1                    0.1     0.4215514785207465                     10
