#! FIELDS time p.x p.y sigma_p.x sigma_p.y height biasf
#! SET multivariate false
#! SET kerneltype gaussian
                    2.5     0.7665982017388807    -0.7666365215052088                    0.1                    0.1     0.5555555555555556                     10
                      5     0.9012594773451532    -0.3647231432482301                    0.1                    0.1     0.5555555555555556                     10
                    7.5     0.9384171648871704    -0.6732150641952898                    0.1                    0.1     0.5507591651421686                     10
                     10     0.8651870839745991     -0.242005088211661                    0.1                    0.1     0.5420709018118551                     10
                   12.5     0.9140144885456192    -0.6042639413757207                    0.1                    0.1     0.5282461366756028                     10
                     15     0.7008341552325216    -0.7398422520776888                    0.1                    0.1     0.5294773539501576                     10
                   17.5     0.8455048182469584    -0.5784446772447731                    0.1                    0.1     0.5126260173405501                     10
                     20     0.9494800960843562    -0.4716363588771887                    0.1                    0.1      0.515101470372424                     10
                   22.5      1.130240325561156    -0.7283072265385553                    0.1                    0.1     0.5497161493880441                     10
                     25     0.6028812248865157    -0.4462505340865831                    0.1                    0.1     0.5542015396127706                     10
                   27.5      1.077484564954343    -0.6421868152451324                    0.1                    0.1     0.5155862714843796                     10
                     30     0.9638465829820134    -0.5214765514991169                    0.1                    0.1     0.4799820044455836                     10
                   32.5      1.363023048590511    -0.2718605047335962                    0.1                    0.1     0.5555555555555556                     10
                     35      1.360970797413036    -0.8804265228716998                    0.1                    0.1      0.554883993479385                     10
                   37.5      1.177027858619087    -0.2686779913380871                    0.1                    0.1     0.5490627349630546                     10
                     40      1.246690689327432    -0.6050629267437959                    0.1                    0.1     0.5407788317885338                     10
                   42.5      1.034035162747846    -0.5296509816631376                    0.1                    0.1     0.4788814288321793                     10
                     45     0.8379785227677615    -0.7658426145291621                    0.1                    0.1     0.4984517258213787                     10
                   47.5     0.8624740485672718    -0.8968473173563895                    0.1                    0.1     0.5312527335771808                     10
                     50     0.9457415239138943    -0.6967153904237862                    0.1                    0.1     0.4588380219843236                     10
                   52.5     0.7391729093621279    -0.5096832860659767                    0.1                    0.1      0.516185063842129                     10
                     55      1.119517907674813    -0.4967692277969911                    0.1                    0.1     0.5002860066841827                     10
                   57.5     0.7844056552611535    -0.1412444037821498                    0.1                    0.1     0.5413426325200551                     10
                     60     0.7283920326222001     -0.266532001423775                    0.1                    0.1     0.5242071306582075                     10
                   62.5      1.236606999018461    -0.6841709301680632                    0.1                    0.1     0.5062297140081649                     10
                     65      0.713891323418292    -0.6954774239840776                    0.1                    0.1     0.4830889593901653                     10
                   67.5      0.828042133887558    -0.3687578980348166                    0.1                    0.1     0.4854471559225068                     10
                     70      1.095804121196015    -0.4225331755443155                    0.1                    0.1     0.4919408491795417                     10
                   72.5      1.156086400740988    -0.5281194439333214                    0.1                    0.1     0.4656574681208186                     10
                     75     0.8570469015896865    -0.9676481647183559                    0.1                    0.1     0.5255105591255765                     10
                   77.5        1.0079583773129    -0.7408561201366856                    0.1                    0.1     0.4655812503748474                     10
                     80      1.105138258333162    -0.4948603294765569                    0.1                    0.1     0.4339980961288194                     10
                   82.5     0.8521105936315216    -0.6466101316928941                    0.1                    0.1     0.4248527383135972                     10
                     85     0.6343799609995597    -0.2204018494249792                    0.1                    0.1     0.5260588737227078                     10
                   87.5     0.5041415688288085    -0.3075336130397244                    0.1                    0.1     0.5373589450362456                     10
                     90     0.8971916600170314    -0.3729138692532083                    0.1                    0.1     0.4547867632608962                     10
                   92.5      1.037376214098961    -0.1671153396281075                    0.1                    0.1     0.5378046458482524                     10
                     95     0.8954673911025218    -0.5855049246998334                    0.1                    0.1     0.4005538518333798                     10
                   97.5      0.313402118618849    -0.8676291481245939                    0.1                    0.1     0.5555555555555556                     10
                    100     0.6127127739733386     0.1223121294088605                    0.1                    0.1     0.5552628765926758                     10
                  102.5     0.3606387990913958    -0.6319955803852169                    0.1                    0.1     0.5535196961318367                     10
                    105     0.6430143505094256    -0.6767292947785225                    0.1                    0.1     0.4921689387060225                     10
                  107.5     0.4214311322182655     -0.316141328522717                    0.1                    0.1      0.530105057482508                     10
                    110     0.9390396649422212    -0.1140372836147285                    0.1                    0.1     0.5175365466040501                     10
                  112.5     0.8295683589345996     -0.511572627933281                    0.1                    0.1     0.4238313521364193                     10
                    115     0.4541778544754748    -0.6710869592353227                    0.1                    0.1     0.5284087020296507                     10
                  117.5     0.4759886614514772    -0.7094434140512503                    0.1                    0.1     0.5059213965724039                     10
                    120      1.115118066452973    -0.4064611476555676                    0.1                    0.1     0.4516393997905607                     10
                  122.5      0.633401546765202     -0.701732157453187                    0.1                    0.1     0.4604529518502352                     10
                    125      1.250524994942563    -0.5212320242419107                    0.1                    0.1      0.476706439280854                     10
                  127.5     0.8536165121395884    -0.7548929732847472                    0.1                    0.1     0.4176559259988755                     10
                    130     0.5675468346672073    -0.8825248915610912                    0.1                    0.1     0.5329670623398685                     10
                  132.5     0.4892175080141838    -0.7811214640934687                    0.1                    0.1     0.4851237644263677                     10
                    135     0.9850649447478648     0.0110693242800372                    0.1                    0.1     0.5367332843991947                     10
                  137.5      1.185411929252931    -0.8419365408900197                    0.1                    0.1     0.5211052013750378                     10
                    140      1.395354480395337    -0.7057838075133214                    0.1                    0.1     0.5315606868047639                     10
                  142.5      1.383654230132937    -0.1545931114648254                    0.1                    0.1     0.5386365263791002                     10
                    145      1.130997864054578    -0.3476640794598695                    0.1                    0.1     0.4606739522757817                     10
                  147.5      1.045723222701096    -0.8271938744417676                    0.1                    0.1      0.485452603399091                     10
                    150       1.36974495671945    -0.6066508583083677                    0.1                    0.1     0.5031745089708052                     10
                  152.5      1.189152045330741    -0.6173421742249029                    0.1                    0.1     0.4218712977804933                     10
                    155     0.8017500694889647    -0.9529291863255503                    0.1                    0.1     0.4946303275603885                     10
                  157.5     0.9434137843431145     -0.796189295274917                    0.1                    0.1     0.4264547709583439                     10
                    160     0.9888886618288795    -0.1606335975543016                    0.1                    0.1     0.4796545208113048                     10
                  162.5     0.9180603355749579    -0.2754513945053602                    0.1                    0.1     0.4440113131017835                     10
                    165      0.672826230398323    -0.6151428362551098                    0.1                    0.1     0.4430969016988449                     10
                  167.5      1.126824673961602    -0.5589210403740557                    0.1                    0.1     0.3849184489636077                     10
                    170      1.660809067414295    -0.6608245184510156                    0.1                    0.1     0.5544174695547486                     10
                  172.5      1.513947524438162    -0.5005873675786682                    0.1                    0.1     0.5431503191359549                     10
                    175      1.394279856911099     -0.725330080050411                    0.1                    0.1     0.4885147545358597                     10
                  177.5     0.8245499922199611    -0.9969430765579602                    0.1                    0.1     0.4842055667365743                     10
                    180      1.086131384828019    -0.4234951515456616                    0.1                    0.1     0.3925034388951423                     10
                  182.5      1.078667663258461     -0.331468500739022                    0.1                    0.1     0.4246654205360876                     10
                    185     0.5970016408346468    -0.1025668183718235                    0.1                    0.1     0.5285604128536793                     10
                  187.5     0.9281054961761602   -0.05246354875435345                    0.1                    0.1     0.4809104090435375                     10
                    190      1.227343803801914    -0.7131054871840051                    0.1                    0.1     0.4321018789827202                     10
                  192.5     0.9418699070968946    -0.9030746413121722                    0.1                    0.1      0.455105738340719                     10
                    195      0.258163831317329    -0.7910850071274945                    0.1                    0.1     0.5254395659182725                     10
                  197.5      0.198781353402484    -0.6863361220389167                    0.1                    0.1     0.5297702794336498                     10
                    200     0.3431109471170169    -0.3826225899280997                    0.1                    0.1     0.5298903879818453                     10
                  202.5     0.5397305803571253    -0.2291504875086538                    0.1                    0.1     0.4895200525555906                     10
                    205     0.9993843106186296   -0.07458381614986861                    0.1                    0.1     0.4559042664936409                     10
                  207.5      1.379296531810577    -0.4528282727685736                    0.1                    0.1     0.5084508155396337                     10
                    210      1.205366737686131    -0.5745197362758955                    0.1                    0.1     0.3809091177672471                     10
                  212.5     0.4873181185043375    -0.4453124655067598                    0.1                    0.1     0.5003369071331133                     10
                    215      0.343539508821904    -0.3913865090408752                    0.1                    0.1     0.4947046028072519                     10
                  217.5     0.3470331697389858    -0.3343431133250995                    0.1                    0.1     0.4728971164869872                     10
                    220     0.9572069190739626    -0.3754825920243719                    0.1                    0.1     0.3969845546182765                     10
                  222.5      1.363276334509388    -0.1704273323961462                    0.1                    0.1     0.5058763395735846                     10
                    225      1.231957124965497    -0.1627667479017426                    0.1                    0.1     0.5009137199316923                     10
                  227.5      1.163725181165601    -0.5839120630032988                    0.1                    0.1     0.3570981055191527                     10
                    230      0.612486443858302    -0.3373003579071914                    0.1                    0.1      0.467596620433825                     10
                  232.5     0.7215334357747442    -0.1872883603408178                    0.1                    0.1     0.4593180229697723                     10
                    235     0.9197153236482664    -0.1494495205747549                    0.1                    0.1     0.4187086538071505                     10
                  237.5     0.9656867085126976    -0.2186115991054696                    0.1                    0.1     0.4022694844777517                     10
                    240     0.8505961781447343     -0.399450077554685                    0.1                    0.1     0.4000406156976089                     10
                  242.5     0.8677966583270585    -0.8181419370795442                    0.1                    0.1       0.39527041508938                     10
                    245      1.260686406199116    -0.3882343782795848                    0.1                    0.1     0.4545022099050356                     10
                  247.5     0.8070943646853068    -0.5642965825092254                    0.1                    0.1     0.3897127358261041                     10
                    250      1.278220685541343    -0.3092487529758526                    0.1                    0.1     0.4543531382409201                     10
                  252.5      1.252920117709793    -0.3675701825678877                    0.1                    0.1     0.4198668237024744                     10
                    255      1.407357395478128    -0.5648798813961105                    0.1                    0.1      0.461547493358111                     10
                  257.5      1.318747802159477    -0.8301388081859729                    0.1                    0.1     0.4773446427419291                     10
                    260     0.9512305311669736    -0.4761473849037609                    0.1                    0.1     0.3546427591354675                     10
                  262.5     0.4505563897819583    -0.6872883040005456                    0.1                    0.1     0.4532445162724777                     10
                    265     0.8224970010093979    -0.9245070226759677                    0.1                    0.1     0.4187810106630617                     10
                  267.5      1.383479490882529    -0.4107658090706904                    0.1                    0.1     0.4584726326269954                     10
                    270      0.829271799728392    -0.3527538505015353                    0.1                    0.1      0.389298181911916                     10
                  272.5      0.783110113810365    -0.4953125310072886                    0.1                    0.1     0.3918335387290974                     10
                    275      1.344805417277992     -0.724713572221623                    0.1                    0.1     0.4244239003001447                     10
                  277.5      0.562087226819706    -0.2668500642158851                    0.1                    0.1     0.4371122939480137                     10
                    280      0.598903650545663    -0.8601161027951837                    0.1                    0.1     0.4768770025600862                     10
                  282.5     0.8489317463022493     -0.323179442474659                    0.1                    0.1     0.3675779753330444                     10
                    285     0.7272798412057231    -0.5421966204774018                    0.1                    0.1     0.4003953236205993                     10
                  287.5     0.6682145481028164    -0.4133916575708376                    0.1                    0.1      0.430014867782655                     10
                    290     0.5807718986796022    -0.4512768949400274                    0.1                    0.1      0.438377676723704                     10
                  292.5     0.6111064892951151    -0.4855895125934538                    0.1                    0.1     0.4187106884194797                     10
                    295     0.9211677413524082    -0.5514167405040746                    0.1                    0.1     0.3340743759204214                     10
                  297.5     0.8675375380683098    -0.6827790684460597                    0.1                    0.1     0.3441467649900568                     10
                    300     0.6977866083237702    -0.4781967504150358                    0.1                    0.1     0.3779658643249104                     10
                  302.5     0.6088287705472804    -0.8151849496308092                    0.1                    0.1     0.4339537118453485                     10
                    305     0.5746930212256136     -0.698469467367426                    0.1                    0.1      0.404652057276651                     10
                  307.5     0.6870303708643538    -0.2459023593259403                    0.1                    0.1     0.4083518526136284                     10
                    310      0.535497971006449    -0.6426429233609567                    0.1                    0.1     0.4102009030943128                     10
                  312.5      1.214920475729671    -0.3211273201262519                    0.1                    0.1     0.3981114061371525                     10
                    315     0.9507397901183734    -0.7954629726651969                    0.1                    0.1     0.3776738651306059                     10
                  317.5     0.3710628142429884    -0.4536526605247297                    0.1                    0.1      0.459782884199346                     10
                    320     0.7316706781491907     -1.050576725030712                    0.1                    0.1     0.5021877508828545                     10
                  322.5      1.187311636137812    -0.7477573774705102                    0.1                    0.1     0.4038373663209573                     10
                    325      0.594050949945744    -0.2390429173239677                    0.1                    0.1     0.4025382283636514                     10
                  327.5     0.7763509979029266     -0.481691303625351                    0.1                    0.1     0.3400066208609415                     10
                    330      1.008951426618854    -0.7639223820607547                    0.1                    0.1     0.3751595752406675                     10
                  332.5     0.8534957849877279    -0.6874171541707977                    0.1                    0.1     0.3253192308456086                     10
                    335     0.9268747553312071    -0.7909575317261511                    0.1                    0.1     0.3398893431755156                     10
                  337.5      1.138833722774408    -0.2829306007401574                    0.1                    0.1     0.3957275377657397                     10
                    340     0.6614415644647054    -0.8880021497825611                    0.1                    0.1     0.4368745318770001                     10
                  342.5     0.7496907656691663    0.02240767509957097                    0.1                    0.1     0.5219026782488209                     10
                    345      1.169915917342759    -0.4744922053649975                    0.1                    0.1     0.3354103922056085                     10
                  347.5       1.05958534242289    -0.5260687494187901                    0.1                    0.1     0.3203022918464698                     10
                    350     0.9059363386739915    -0.1787130998354406                    0.1                    0.1     0.3780090078786402                     10
                  352.5      1.230238242698845    -0.8449941500175507                    0.1                    0.1      0.444253590082884                     10
                    355      1.021792302350851    -0.4529601483306861                    0.1                    0.1     0.3169609388647196                     10
                  357.5     0.7554955840525445    -0.7379315512603991                    0.1                    0.1     0.3453594045762234                     10
                    360       1.29489740543115    -0.6885695212492894                    0.1                    0.1     0.3736074138961173                     10
                  362.5     0.5506307504668397    -0.9823986682176037                    0.1                    0.1     0.5020496591689584                     10
                    365      1.272768051031501     -0.447296774369132                    0.1                    0.1     0.3726773022518612                     10
                  367.5     0.3484385723967596    -0.8129678393026734                    0.1                    0.1      0.471341928790065                     10
                    370     0.6528094295739039    -0.7556882485899857                    0.1                    0.1      0.359182843981009                     10
                  372.5     0.9293849335458089     -1.026002798010721                    0.1                    0.1     0.4738824347992915                     10
                    375     0.8320305128155052    -0.7005526584449526                    0.1                    0.1     0.3062877981849423                     10
                  377.5      1.148417812494109    -0.8658320820522194                    0.1                    0.1     0.4409494777753937                     10
                    380     0.2980638219375016    -0.2198966572604863                    0.1                    0.1     0.5165288024845109                     10
                  382.5      1.103185148240551    -0.8100339653973532                    0.1                    0.1     0.3866045908134629                     10
                    385     0.8727996597968831    -0.4941542564809666                    0.1                    0.1     0.3048580660066843                     10
                  387.5      1.294977459907846     -1.048715758086271                    0.1                    0.1     0.5406413113971977                     10
                    390      1.241122395601252    -0.4882010505162957                    0.1                    0.1     0.3383510645688309                     10
                  392.5      0.277007434707657    -0.2407936955889083                    0.1                    0.1     0.4899026462666153                     10
                    395     0.3089889200770595  -0.009341798511376589                    0.1                    0.1     0.5497809582577295                     10
                  397.5     0.5135105321236517  -0.009288211638159329                    0.1                    0.1     0.5216001182135874                     10
                    400      1.079416446948708    -0.8709848273974806                    0.1                    0.1     0.4071940790058894                     10
                  402.5      1.435131617718399    -0.5446438870987232                    0.1                    0.1     0.4373066972181942                     10
                    405     0.8693024804159868    -0.8359047558563647                    0.1                    0.1     0.3281220474726367                     10
                  407.5     0.8720428109497824    -0.5841999872948321                    0.1                    0.1     0.2898248126711118                     10
                    410      1.044979252243469    -0.2976816791184345                    0.1                    0.1     0.3645443711349774                     10
                  412.5     0.7500619397390381    -0.5483843740136627                    0.1                    0.1     0.3188480325771318                     10
                    415     0.5368113198174542    -0.6152458618146219                    0.1                    0.1     0.3953407946174279                     10
                  417.5     0.7591131278760217    -0.6248043201926976                    0.1                    0.1     0.3029651636585624                     10
                    420      1.091083233410312    -0.9825706786274245                    0.1                    0.1     0.4837292865823578                     10
                  422.5     0.2461803202497359    -0.7001138748888629                    0.1                    0.1     0.4783400737021001                     10
                    425     0.7077180034896362    -0.3146195525725242                    0.1                    0.1     0.3701368663116136                     10
                  427.5      1.305974083087865      -1.00033241528954                    0.1                    0.1     0.4945580090596027                     10
                    430       0.53556904277548    -0.5399436102546068                    0.1                    0.1     0.3990991443830679                     10
                  432.5      1.226642886418905   -0.04013104068552431                    0.1                    0.1     0.5218454670495698                     10
                    435      0.732451760087648    -0.3863509058351605                    0.1                    0.1     0.3407518799105125                     10
                  437.5     0.2715731424832868     -0.724511073912536                    0.1                    0.1      0.444965531817184                     10
                    440      1.436754908604473    -0.4768809301286521                    0.1                    0.1     0.4289724326544542                     10
                  442.5      1.073490936326728    -0.1492616114215786                    0.1                    0.1     0.4139989650370891                     10
                    445     0.5049146640842898     -0.345528220516847                    0.1                    0.1     0.3866857904862629                     10
                  447.5      1.072516140749151    -0.9144350652672005                    0.1                    0.1      0.406853371983303                     10
                    450       1.07353643911434    -0.6373387649477411                    0.1                    0.1     0.3258590799407211                     10
                  452.5     0.9015846469796445    -0.2539379812013082                    0.1                    0.1     0.3400543122657962                     10
                    455      1.091279019891017    -0.9208741905678972                    0.1                    0.1     0.3974921887306954                     10
                  457.5     0.7595057109037033    -0.8272721769577875                    0.1                    0.1      0.342136637375626                     10
                    460     0.5788242553476232    -0.7354264191377634                    0.1                    0.1     0.3480868848995821                     10
                  462.5      1.172834319576249    -0.6447621443353214                    0.1                    0.1     0.3168951541449265                     10
                    465     0.7339814096262286    -0.2521474584685235                    0.1                    0.1     0.3573266471642567                     10
                  467.5     0.3360929915572816    -0.4456899018168605                    0.1                    0.1     0.4391016056556262                     10
                    470     0.7543312289091654   -0.04664867607109659                    0.1                    0.1      0.463831753137858                     10
                  472.5     0.9368828512171902    -0.9207963312080837                    0.1                    0.1      0.358564716285431                     10
                    475     0.9787925030520953    -0.2440779729116367                    0.1                    0.1     0.3380816101275603                     10
                  477.5     0.4295118574673192    -0.7172338591442105                    0.1                    0.1     0.3870446129042599                     10
                    480     0.7328136191521289    -0.6229267336111524                    0.1                    0.1     0.2987882940342823                     10
                  482.5     0.5394419937445077    -0.5749088474759019                    0.1                    0.1     0.3662001883183426                     10
                    485     0.6368966909570186    -0.0850127137204162                    0.1                    0.1      0.442202704833072                     10
                  487.5      0.917989446604714    -0.6078151306114875                    0.1                    0.1     0.2761954268802378                     10
                    490      0.486855372921643    -0.5138229813966021                    0.1                    0.1     0.3833493080426664                     10
                  492.5     0.9201377378785487    -0.7261653899891126                    0.1                    0.1     0.2776243394051586                     10
                    495       1.18516042723509     -0.463201306656378                    0.1                    0.1      0.301255963856111                     10
                  497.5     0.4444513848071889    -0.1317410417535157                    0.1                    0.1     0.4796807623240867                     10
                    500       1.41337386764158    -0.8825260374753305                    0.1                    0.1     0.4763378711883843                     10
                  502.5     0.2834845169690936    -0.7666945177131965                    0.1                    0.1     0.4197429484453721                     10
                    505      1.292792267368732    -0.4760789716041173                    0.1                    0.1     0.3398449286252027                     10
                  507.5     0.6690453173880825    -0.2775550579417948                    0.1                    0.1     0.3396675357340309                     10
                    510     0.7084927224742291     -0.556083747140807                    0.1                    0.1     0.2991852043534766                     10
                  512.5      1.364443128881788    -0.6237364570922659                    0.1                    0.1     0.3677371895675944                     10
                    515     0.6311154336032937    -0.3491644348358771                    0.1                    0.1      0.331209316560526                     10
                  517.5     0.7386785772937835    -0.6421290638100885                    0.1                    0.1     0.2779901097722012                     10
                    520     0.9349252783936387    -0.6266605647003007                    0.1                    0.1     0.2676701183408101                     10
                  522.5     0.4803586751120523    -0.8558285121615203                    0.1                    0.1      0.421397360309851                     10
                    525      1.163624236838578    -0.7038707300349667                    0.1                    0.1     0.3173365419846854                     10
                  527.5     0.6711209633147733    -0.1625977144384564                    0.1                    0.1     0.3676712419709063                     10
                    530      1.259875751395907    -0.2967510261926735                    0.1                    0.1     0.3733594620271635                     10
                  532.5     0.4961279622136004    -0.4193002342873148                    0.1                    0.1     0.3584310959597492                     10
                    535     0.6921327664237791     -1.009823016189918                    0.1                    0.1     0.4526866241784396                     10
                  537.5     0.6925357055836679     -0.414808419859669                    0.1                    0.1      0.307797847807191                     10
                    540     0.5547823883027372    -0.5525841663837885                    0.1                    0.1     0.3316306959929597                     10
                  542.5     0.8285102348604526     -0.923013137998019                    0.1                    0.1     0.3405352389548724                     10
                    545     0.2941927216036144    -0.4459811476220897                    0.1                    0.1     0.4387356072992937                     10
                  547.5     0.4206488462900738    -0.4041990334520588                    0.1                    0.1     0.3571544639713775                     10
                    550      1.389877836585979    -0.5723630897415642                    0.1                    0.1     0.3641205934015603                     10
                  552.5     0.4772424528720342     0.1128471072423072                    0.1                    0.1     0.5234288107303071                     10
                    555        1.4424863566149    -0.1640543843365443                    0.1                    0.1     0.4895060291671762                     10
                  557.5      1.108038470569675    -0.1946306572986975                    0.1                    0.1     0.3848538179315574                     10
                    560     0.3052411706168697    -0.2593515602767909                    0.1                    0.1     0.4324968367911524                     10
                  562.5      1.260702577002959    -0.4268673336027817                    0.1                    0.1     0.3142548292563799                     10
                    565     0.7862649931068912    -0.2967406225088037                    0.1                    0.1      0.309656614719523                     10
                  567.5      1.249995066410605    -0.5432723070531048                    0.1                    0.1     0.2900395255778387                     10
                    570      1.135453855584193    -0.7955590396760781                    0.1                    0.1     0.3273341877661121                     10
                  572.5      1.136380371696817     -1.012105530757223                    0.1                    0.1     0.4561142380579092                     10
                    575      1.015401910886972    -0.3903332456650884                    0.1                    0.1     0.3026694346269679                     10
                  577.5     0.5257659534450324    -0.5448514364123054                    0.1                    0.1     0.3281672981835093                     10
                    580       1.17697784494882     -0.096019581963289                    0.1                    0.1     0.4491545403308782                     10
                  582.5      1.003980544853038    -0.5984592289163898                    0.1                    0.1     0.2790888009400754                     10
                    585     0.8764354659299928    -0.3931706978892286                    0.1                    0.1     0.2836130039583149                     10
                  587.5     0.9776392911125888    -0.5094865921546247                    0.1                    0.1     0.2665584956792637                     10
                    590      1.143198945833702    -0.7357536650134533                    0.1                    0.1     0.3030606455669486                     10
                  592.5     0.8712902460424303    -0.5305292099061096                    0.1                    0.1     0.2482498422451948                     10
                    595     0.8420453829069452    -0.3684488057996353                    0.1                    0.1     0.2766144306221235                     10
                  597.5      1.405230163810669    -0.6700383085579762                    0.1                    0.1     0.3753982636304437                     10
                    600     0.9868406541631328     -0.532102072341609                    0.1                    0.1     0.2550488107211979                     10
                  602.5     0.7234898755836743    -0.8337555964572959                    0.1                    0.1     0.3299672503024339                     10
                    605     0.5206190156382963    -0.3045051824889378                    0.1                    0.1     0.3374654286534227                     10
                  607.5      1.383712650337775    -0.4252903476731514                    0.1                    0.1     0.3699171679319646                     10
                    610     0.6347681701037656    -0.3310484541977259                    0.1                    0.1     0.2969543163074224                     10
                  612.5      1.044803938760598    -0.9907969837332927                    0.1                    0.1     0.4095550031724112                     10
                    615     0.8017987539391865     -0.183619271866203                    0.1                    0.1      0.338831119295011                     10
                  617.5     0.9750708925130203     0.1641076329907011                    0.1                    0.1      0.540362265384101                     10
                    620      1.011205315509231    -0.4073946407893778                    0.1                    0.1     0.2745625700316096                     10
                  622.5      0.432055069875142     -1.021903221852144                    0.1                    0.1     0.5203188309433343                     10
                    625     0.8948466302583887   -0.03781870509093289                    0.1                    0.1     0.4120506854357918                     10
                  627.5     0.7224007575343856    -0.5789612431708238                    0.1                    0.1     0.2665894085594956                     10
                    630      1.317132827588025    -0.8356554499602648                    0.1                    0.1     0.3845259744761202                     10
                  632.5     0.5136216108407979   -0.04388343061424745                    0.1                    0.1     0.4550740003751659                     10
                    635     0.9898175508055919    -0.5648786679305901                    0.1                    0.1     0.2480564417635578                     10
                  637.5      1.330686673766089    -0.5970933610263837                    0.1                    0.1     0.3065540009790386                     10
                    640     0.6880303004994623    -0.6242039977796545                    0.1                    0.1      0.270868602583924                     10
                  642.5     0.5565814910794882    -0.9773086443156606                    0.1                    0.1     0.4432588048146919                     10
                    645      1.455515356524137    -0.8484705105740294                    0.1                    0.1     0.4605281496615642                     10
                  647.5    0.08151237805728345    -0.6583066199136052                    0.1                    0.1     0.5268328742042031                     10
                    650      1.514712839987554    -0.2682585687937638                    0.1                    0.1     0.5060990742899116                     10
                  652.5     0.3551544540396719     -0.493541096098837                    0.1                    0.1     0.3889097045951078                     10
                    655     0.6939397623900597     -1.148704879989785                    0.1                    0.1     0.5145660335042592                     10
                  657.5     0.7012108261532578    -0.9227672306700154                    0.1                    0.1     0.3644844127816658                     10
                    660     0.5547295240708585    -0.2894395030007915                    0.1                    0.1     0.3123830397766809                     10
                  662.5     0.8987472336103769    -0.9442032404770879                    0.1                    0.1     0.3333849976391572                     10
                    665     0.4868007726283943    -0.3932632018562597                    0.1                    0.1     0.3098673968324799                     10
                  667.5      1.113466510524578    -0.1957003208060229                    0.1                    0.1     0.3608361235159221                     10
                    670     0.2786075138846056    -0.5872167260777438                    0.1                    0.1     0.4364366948514817                     10
                  672.5     0.4803138724632452    -0.7159020310735302                    0.1                    0.1     0.3330730030646996                     10
                    675     0.4383727355539627    -0.9148062034495735                    0.1                    0.1      0.433368290535668                     10
                  677.5     0.4430906363605834    -0.2150775976212379                    0.1                    0.1     0.3887435153259471                     10
                    680      1.043432370662789    -0.9389070363424327                    0.1                    0.1     0.3500531987494817                     10
                  682.5     0.7316786389769588    -0.3463736616603494                    0.1                    0.1     0.2763345121430117                     10
                    685     0.8995368179547636    -0.8868266638244015                    0.1                    0.1      0.291463482814368                     10
                  687.5     0.9058635625200772    -0.2148593774684458                    0.1                    0.1      0.301982918224219                     10
                    690      0.633778645355362    -0.4986405237649547                    0.1                    0.1     0.2795200812253642                     10
                  692.5      1.022192575579322    -0.8065063173510481                    0.1                    0.1      0.286621390386668                     10
                    695     0.7279975704316642     0.1187151746200934                    0.1                    0.1     0.5050568256615497                     10
                  697.5     0.7208116423856796    -0.9402909179751276                    0.1                    0.1     0.3487234454827117                     10
                    700     0.4628726736379987    -0.3373088478095732                    0.1                    0.1     0.3073819446484618                     10
                  702.5      1.268187536661565    -0.6988600478491177                    0.1                    0.1     0.2977819898157428                     10
                    705     0.6144478454038702    -0.1913881427596664                    0.1                    0.1     0.3215974552316189                     10
                  707.5     0.7120435618603965    -0.8872302990204766                    0.1                    0.1      0.319540613056482                     10
                    710      1.516568756054214    -0.6788090799249987                    0.1                    0.1     0.4539991371718085                     10
                  712.5      1.527509863776738    -0.7570438226116887                    0.1                    0.1     0.4633404178891293                     10
                    715     0.4081064409484694    -0.1638200910164438                    0.1                    0.1     0.4155717495616468                     10
                  717.5     0.6418003897931407    -0.4735470663189956                    0.1                    0.1      0.269607354622606                     10
                    720      1.254099865086921    -0.2882865295980222                    0.1                    0.1     0.3442654380964474                     10
                  722.5      0.817850158195422    -0.7839826666372042                    0.1                    0.1     0.2592085022330544                     10
                    725     0.9546290350426473    -0.9013932389199251                    0.1                    0.1     0.2910484121525823                     10
                  727.5      1.045383665386159    -0.7248050639756284                    0.1                    0.1     0.2745874995347894                     10
                    730     0.6834233443868154    -0.4825570101372375                    0.1                    0.1     0.2562467426264392                     10
                  732.5     0.9228679892608932      -0.52028468384533                    0.1                    0.1     0.2314252854275536                     10
                    735      1.068856496200502    -0.5442713684264978                    0.1                    0.1     0.2467963940443915                     10
                  737.5     0.7565979142964196   -0.09101576416675752                    0.1                    0.1     0.3767408970382168                     10
                    740      1.227100665331063    -0.0264221373695122                    0.1                    0.1     0.4758903979830559                     10
                  742.5      1.277170116749647    -0.8713982505192802                    0.1                    0.1     0.3663171953915705                     10
                    745     0.7994880444128002    -0.3197027586692798                    0.1                    0.1     0.2633221242102765                     10
                  747.5      1.554113220407471    -0.2551881517149636                    0.1                    0.1     0.5024694825163616                     10
                    750     0.4852444445848366      -1.11556139895862                    0.1                    0.1     0.5113262252160217                     10
                  752.5     0.7246102156463955    -0.1036415963416999                    0.1                    0.1     0.3546545478234052                     10
                    755     0.7697926525679448    -0.4069450522398256                    0.1                    0.1     0.2472546007661071                     10
                  757.5     0.8550214563967404    0.01832684771530492                    0.1                    0.1     0.4288321089964183                     10
                    760     0.6049657651991293    -0.6453181421589863                    0.1                    0.1     0.2774989317634055                     10
                  762.5     0.9680573393600694    -0.2762749002772099                    0.1                    0.1     0.2859999834086225                     10
                    765      1.043115149888189    -0.6412523045757174                    0.1                    0.1     0.2550436481228943                     10
                  767.5      1.143885364320011    -0.9055526642871147                    0.1                    0.1      0.331443466961904                     10
                    770     0.7122511997423219    -0.6928822750175571                    0.1                    0.1     0.2542204571277769                     10
                  772.5     0.6846803613970507    -0.5755140448750509                    0.1                    0.1     0.2421165040125068                     10
                    775     0.5839037034956716    -0.7681689923272348                    0.1                    0.1     0.2994993588925065                     10
                  777.5     0.5467022475227207    -0.9256589845685373                    0.1                    0.1     0.3720706095691035                     10
                    780      1.017136509948286    -0.3973445531446098                    0.1                    0.1     0.2591219393205844                     10
                  782.5     0.9548090417527989    -0.3018868581930422                    0.1                    0.1     0.2663895451042418                     10
                    785     0.6089025893603753    -0.3955051733633458                    0.1                    0.1     0.2571781190786466                     10
                  787.5      1.532755270879624     -0.625115339889974                    0.1                    0.1     0.4309297066826901                     10
                    790      0.609055993487293    -0.9703097215927668                    0.1                    0.1      0.367417093765652                     10
                  792.5     0.6271188067502005    -0.3425006812935306                    0.1                    0.1      0.250973367053286                     10
                    795      1.134473797957449    -0.3758884349452343                    0.1                    0.1     0.2720290833473738                     10
                  797.5      1.119168758897446    0.03827489841200942                    0.1                    0.1     0.4838057096075395                     10
                    800     0.6997980698243442    -0.7939764818585574                    0.1                    0.1     0.2702017041438122                     10
                  802.5     0.2744452211494833    -0.2794170999778214                    0.1                    0.1     0.4123068016866083                     10
                    805      1.326140176132433    -0.2577590719326253                    0.1                    0.1     0.3709500772569934                     10
                  807.5      1.193241748059113    -0.8698938986719744                    0.1                    0.1     0.3195495992543582                     10
                    810     0.3869420718113649    -0.4532910879489355                    0.1                    0.1     0.3271251416914406                     10
                  812.5     0.5368768733875475     -1.153385365629583                    0.1                    0.1     0.4956428214217856                     10
                    815      1.484231503967747    -0.4605764330001988                    0.1                    0.1     0.4079405893348345                     10
                  817.5      0.825064657499027    -0.7217308651071853                    0.1                    0.1     0.2323627683871952                     10
                    820      1.180886511633547     -0.808414808127728                    0.1                    0.1     0.2840178535391112                     10
                  822.5      1.453005261138727    -0.4286064730084565                    0.1                    0.1     0.3799052963811719                     10
                    825     0.3868800905962579     -0.587721570548397                    0.1                    0.1     0.3580257321771932                     10
                  827.5     0.6325892849753797    0.06367203553071332                    0.1                    0.1     0.4499234355275232                     10
                    830     0.8505732635858332    -0.2947968554998757                    0.1                    0.1     0.2499722570560906                     10
                  832.5        1.1951240473139    -0.6434366643471618                    0.1                    0.1     0.2580027273644016                     10
                    835      1.057138663567303    -0.4173409172243591                    0.1                    0.1     0.2430634916043709                     10
                  837.5     0.5803105656845069    -0.9121908822329745                    0.1                    0.1     0.3292533694485432                     10
                    840     0.5437455130409395    -0.6484305670684447                    0.1                    0.1     0.2746964821814366                     10
                  842.5     0.2156736963283169    -0.3174061577786233                    0.1                    0.1     0.4453106627319545                     10
                    845     0.5025815478576933     -0.226327601785542                    0.1                    0.1      0.317357893091658                     10
                  847.5     0.9533344170817731      0.103138656578825                    0.1                    0.1     0.4702015740979469                     10
                    850     0.5575076888255244    -0.4599264473345907                    0.1                    0.1      0.258171310569084                     10
                  852.5     0.8906294795500698    -0.6212977144728196                    0.1                    0.1      0.215748605616327                     10
                    855       0.64055224489767    -0.3635977431232255                    0.1                    0.1     0.2373051407282303                     10
                  857.5     0.4659070763251109    0.09016468814218552                    0.1                    0.1     0.4782469064428953                     10
                    860      1.393067858955097    -0.8082073958719652                    0.1                    0.1      0.360968233803907                     10
                  862.5     0.7211479513508706    -0.5758924390840284                    0.1                    0.1     0.2230689691975732                     10
                    865     0.1532202738799187     -0.838143665823786                    0.1                    0.1      0.496094578888044                     10
                  867.5     0.6446810439373796    -0.4162404535519261                    0.1                    0.1     0.2290902847235571                     10
                    870     0.4510123604261732    -0.1893663653318917                    0.1                    0.1     0.3515618005517278                     10
                  872.5       1.26786189764824    -0.4846878047601754                    0.1                    0.1      0.269965168465699                     10
                    875      1.540618030509026    -0.8012734872936147                    0.1                    0.1     0.4549976964809574                     10
                  877.5     0.9150506060541918    -0.2639733147210174                    0.1                    0.1     0.2548108633177334                     10
                    880     0.7103387889954891    -0.5104690266943734                    0.1                    0.1     0.2184515357289442                     10
                  882.5     0.8951609298167106   -0.07115570868272716                    0.1                    0.1     0.3413527702277731                     10
                    885      1.113743276654909    -0.3851451998598632                    0.1                    0.1     0.2514261310118696                     10
                  887.5      1.319010148360253    -0.3449815166129498                    0.1                    0.1     0.3185069794104361                     10
                    890     0.9337214563107875    -0.7469878829378741                    0.1                    0.1     0.2345522654836526                     10
                  892.5      1.000262587551632     -1.085223480509892                    0.1                    0.1     0.4608150542133881                     10
                    895     0.7782076003738059    -0.5707694677860422                    0.1                    0.1     0.2082145603059234                     10
                  897.5     0.6740918130604785    -0.8086012289350362                    0.1                    0.1     0.2655417123918066                     10
                    900     0.8882543489245718    -0.1596385816706646                    0.1                    0.1     0.2844194798878883                     10
                  902.5     0.9069274381453559    -0.3951770689069453                    0.1                    0.1     0.2248903759387865                     10
                    905      1.143081623184053    -0.1368793186640302                    0.1                    0.1     0.3670754560355036                     10
                  907.5      1.184492845570706    -0.7293411480032833                    0.1                    0.1     0.2592535958103107                     10
                    910      1.098670339411206    -0.6245500832249754                    0.1                    0.1     0.2400058248428821                     10
                  912.5      1.026366802920144   -0.08661513473866782                    0.1                    0.1     0.3398333264794889                     10
                    915     0.9297395183235839    -0.4618300806592239                    0.1                    0.1     0.2137267829560962                     10
                  917.5     0.2856068118246596    -0.3935878561331341                    0.1                    0.1     0.3614809149418593                     10
                    920     0.6284111958656152    -0.7422874766360902                    0.1                    0.1     0.2508156574553894                     10
                  922.5     0.2517996903753207    -0.9920223882702294                    0.1                    0.1     0.5180846974525859                     10
                    925      1.245267166202815    -0.1706037000176051                    0.1                    0.1     0.3651940092107308                     10
                  927.5     0.7402295379258973    -0.7393260023923088                    0.1                    0.1     0.2268161653456771                     10
                    930     0.5316395298582087    -0.8322036163042408                    0.1                    0.1      0.305838000116913                     10
                  932.5     0.9932147927898742    -0.3136690301526482                    0.1                    0.1     0.2448723159171158                     10
                    935     0.2414640515598845    -0.3201539139290026                    0.1                    0.1     0.3896109594446052                     10
                  937.5     0.7350011707962327     0.1505973023092626                    0.1                    0.1     0.4766123608326108                     10
                    940      1.257964762433443    -0.7458961354438831                    0.1                    0.1     0.2709880508441118                     10
                  942.5     0.9468710657079906     -1.019119746497154                    0.1                    0.1     0.3643530648383159                     10
                    945      0.130728099283635    -0.3885009897592259                    0.1                    0.1     0.4964995939703444                     10
                  947.5      1.296205684782179    -0.1767196893093982                    0.1                    0.1     0.3646148296986085                     10
                    950      1.166598398886441     -1.028412807847362                    0.1                    0.1     0.4164475798878294                     10
                  952.5    0.08423273935245705    -0.5200712188436154                    0.1                    0.1     0.5169686527417539                     10
                    955      1.550899427474053    -0.2785095592064005                    0.1                    0.1     0.4672522558334249                     10
                  957.5      1.148276629822522     -0.633318897134772                    0.1                    0.1     0.2341347233979127                     10
                    960     0.5703305401313988     -0.916553314529996                    0.1                    0.1     0.3120836135782801                     10
                  962.5     0.9039462600675148    -0.9077140875757548                    0.1                    0.1     0.2642962838152563                     10
                    965     0.5959723169892102   -0.07626201498628149                    0.1                    0.1     0.3669757684483725                     10
                  967.5      1.481458223733337     -0.911233098492896                    0.1                    0.1     0.4534322561191147                     10
                    970     0.8024564753896953     -1.246908478497758                    0.1                    0.1     0.5361779843426304                     10
                  972.5   0.004376734845948421    -0.5336780044644425                    0.1                    0.1     0.5184437726031028                     10
                    975      1.449957911852298   -0.08004457109092454                    0.1                    0.1     0.4817810850631537                     10
                  977.5     0.4878879981999425     -1.081828035307417                    0.1                    0.1     0.4380744690568435                     10
                    980     0.3456990383982163      -0.94435269793529                    0.1                    0.1      0.439082606942274                     10
                  982.5      1.031595598029935    -0.2592775093657707                    0.1                    0.1      0.263677065014077                     10
                    985      1.421953890466896    -0.4627268764397652                    0.1                    0.1      0.326902957752094                     10
                  987.5      0.969609080291713    -0.4328925306496839                    0.1                    0.1     0.2116931458397307                     10
                    990     0.7451138589665113    -0.0239586567545291                    0.1                    0.1     0.3665094050264998                     10
                  992.5      1.150788081263814    -0.5290031368265756                    0.1                    0.1     0.2225521969190503                     10
                    995     0.8019123419809698     -1.090784002189656                    0.1                    0.1      0.419856323666889                     10
                  997.5      1.140114279924987    -0.7954798128773033                    0.1                    0.1     0.2512060149834182                     10
                   1000     0.3565805326592347    -0.8252525527746752                    0.1                    0.1     0.3726044133513344                     10
                 1002.5     0.2610242490354967    -0.1038926749190913                    0.1                    0.1     0.4804860782550726                     10
                   1005      1.371096236482278    -0.8359746205677656                    0.1                    0.1     0.3335344919130453                     10
                 1007.5     0.2193298364341325    -0.7222727105591934                    0.1                    0.1     0.3986039653005662                     10
                   1010      0.797647605707583    -0.1261426756698141                    0.1                    0.1     0.2987305717899795                     10
                 1012.5    0.04698591645584196    -0.9665820902875264                    0.1                    0.1     0.5426666017694081                     10
                   1015      0.727157997471823     -1.022044942308888                    0.1                    0.1     0.3496539615246406                     10
                 1017.5      1.130876575057203    -0.4593260359003755                    0.1                    0.1     0.2192772303289237                     10
                   1020     0.3618404756993537    0.07339979676101933                    0.1                    0.1     0.4901326099673667                     10
                 1022.5      1.414922492199599     -1.013188593089528                    0.1                    0.1     0.4711254207607984                     10
                   1025     0.4752689256962363     -0.711006136859051                    0.1                    0.1     0.2889961140166694                     10
                 1027.5     0.6552723494254042    -0.3395358885373344                    0.1                    0.1     0.2267843280045378                     10
                   1030     0.8401017343458624     -1.138648589343384                    0.1                    0.1     0.4440367599787134                     10
                 1032.5      1.083282263398462     -1.003221773074317                    0.1                    0.1     0.3502950811337641                     10
                   1035      1.039367612530938    -0.4240293192484861                    0.1                    0.1     0.2107141231206419                     10
                 1037.5     0.9607197466143858     -1.121890496947434                    0.1                    0.1     0.4389010414833535                     10
                   1040      0.343831787041055    -0.6222663777297179                    0.1                    0.1     0.3539950686889604                     10
                 1042.5     0.8507041119921405    -0.2280588579986874                    0.1                    0.1     0.2425392359740364                     10
                   1045     0.9374653251134182    -0.4237807788304815                    0.1                    0.1     0.2026260974603164                     10
                 1047.5      1.256610393013156    -0.4629253481078864                    0.1                    0.1     0.2474823955640155                     10
                   1050      1.406690725132561    -0.7875105724126421                    0.1                    0.1     0.3224760649405926                     10
                 1052.5     0.9853868504335952    -0.2826622256225929                    0.1                    0.1      0.230813081557725                     10
                   1055      1.553176052714736    -0.6167771311882742                    0.1                    0.1      0.415803507411693                     10
                 1057.5      1.028616095333149    -0.9464630829441295                    0.1                    0.1     0.2859561006641767                     10
                   1060     0.6185689637113654    -0.9286286009711328                    0.1                    0.1     0.2915161074727877                     10
                 1062.5       1.22294928465034     -0.628280171679231                    0.1                    0.1     0.2305106294085759                     10
                   1065      0.803018627076216     0.2157227446978121                    0.1                    0.1     0.5015594464313502                     10
                 1067.5     0.5907482533448598     -1.050487157814468                    0.1                    0.1     0.3715815509796878                     10
                   1070      1.278926048302212    -0.9725226557463289                    0.1                    0.1     0.3792728973971548                     10
                 1072.5     0.3715347187890743     -0.785678255791574                    0.1                    0.1      0.333847923996569                     10
                   1075      1.384842517470364   -0.09197796370642128                    0.1                    0.1     0.4265690672519207                     10
                 1077.5     0.3892491939011439    -0.9261225821708248                    0.1                    0.1     0.3785564031798109                     10
                   1080     0.6219380831976865     -1.218148966133307                    0.1                    0.1     0.4885503223584602                     10
                 1082.5     0.6472289829295027    -0.9451447450874966                    0.1                    0.1     0.2827496413496083                     10
                   1085     0.4506508255554442    -0.2523361772736964                    0.1                    0.1     0.2989073636057718                     10
                 1087.5      1.576716026260955    -0.9615742804369172                    0.1                    0.1      0.507532425409579                     10
                   1090   -0.01906695625565081     -0.341561274337268                    0.1                    0.1     0.5366752439752136                     10
                 1092.5      0.820075270719414   -0.08933331912465622                    0.1                    0.1     0.3017456582938242                     10
                   1095     0.7002894618888604    -0.3207462771876649                    0.1                    0.1     0.2236679737926559                     10
                 1097.5     0.3845103320389935   -0.02928916481107395                    0.1                    0.1     0.4341400974145395                     10
                   1100     0.3462986567461495    -0.6064610834092815                    0.1                    0.1     0.3404465981998995                     10
                 1102.5      1.255759662594724    -0.1426718091372824                    0.1                    0.1     0.3496011700765427                     10
                   1105      1.035948836069425    -0.7999655871533379                    0.1                    0.1     0.2411433802760964                     10
                 1107.5     0.4996947047472656    -0.4273972315848584                    0.1                    0.1     0.2542331417466718                     10
                   1110     0.8716180700272663    -0.5877583640603753                    0.1                    0.1     0.1969538682243498                     10
                 1112.5      1.220183571727369    -0.4709308993619004                    0.1                    0.1     0.2267747829546986                     10
                   1115      1.322378631915605    -0.6474526555800747                    0.1                    0.1     0.2588987053991198                     10
                 1117.5     0.8554922324615438    -0.6169695469354278                    0.1                    0.1      0.195091108420771                     10
                   1120       1.09393796822324     -0.117324549238102                    0.1                    0.1     0.3262631207071928                     10
                 1122.5     0.8762416054802153     -0.465826858993318                    0.1                    0.1     0.1959551277367932                     10
                   1125      1.219888579636511    -0.7317773090293764                    0.1                    0.1     0.2334044585490519                     10
                 1127.5     0.6495893847646419    -0.2899638489554341                    0.1                    0.1     0.2253107050325113                     10
                   1130      1.016369299990893    0.00873022760601808                    0.1                    0.1      0.384109795502118                     10
                 1132.5     0.9069562382752333    -0.7960385829267708                    0.1                    0.1     0.2225543009501466                     10
                   1135      1.102462626556178    -0.7628609069484058                    0.1                    0.1     0.2284242776813816                     10
                 1137.5     0.8815818539556837     -0.781318134022538                    0.1                    0.1     0.2139249355304615                     10
                   1140      0.637127736201653    -0.3992142145901844                    0.1                    0.1     0.2094098629464743                     10
                 1142.5      0.777507360028009    -0.8408977140265139                    0.1                    0.1     0.2338652382662047                     10
                   1145     0.4819267026342779    -0.1151146407816372                    0.1                    0.1     0.3541056372049918                     10
                 1147.5       1.02418070525425   -0.03821620517731852                    0.1                    0.1     0.3368213571142054                     10
                   1150     0.5015551703017407    -0.2441606602052652                    0.1                    0.1     0.2670871058747262                     10
                 1152.5     0.6299027506217115      0.106281849748636                    0.1                    0.1     0.4215951575001996                     10
                   1155      1.204577002748524    -0.3781872129279599                    0.1                    0.1     0.2408100591052686                     10
                 1157.5     0.8928310578775372     -0.846003813373896                    0.1                    0.1     0.2196875957926067                     10
                   1160      1.162790647182391    -0.3373161056044209                    0.1                    0.1     0.2424759793337666                     10
                 1162.5     0.6463697540004518    -0.5060376214375152                    0.1                    0.1     0.2123385199125659                     10
                   1165     0.6730751980112613   -0.05991971087241783                    0.1                    0.1     0.3286496950997151                     10
                 1167.5      1.589876163670823    -0.8684098734137533                    0.1                    0.1     0.4638829956604647                     10
                   1170      1.448516478648763    -0.3063508429103468                    0.1                    0.1     0.3793451262946196                     10
                 1172.5      1.056671773331838    -0.4028684648559727                    0.1                    0.1     0.2021423167060699                     10
                   1175      1.522431349817162      -0.64228521037986                    0.1                    0.1     0.3712322779567694                     10
                 1177.5     0.9454951654050421     -1.054689317255944                    0.1                    0.1     0.3478706885361053                     10
                   1180      1.241928727285385    -0.7943856209406011                    0.1                    0.1     0.2474472294350296                     10
                 1182.5      1.470841982620175    -0.5630539590762546                    0.1                    0.1     0.3230469222051342                     10
                   1185      0.710746286084377   -0.06304979739287833                    0.1                    0.1     0.3105352476277441                     10
                 1187.5     0.5285226540869554    -0.5881029956939898                    0.1                    0.1     0.2545901245905239                     10
                   1190     0.7496506229992014     -1.042846806326536                    0.1                    0.1     0.3295274577162475                     10
                 1192.5      1.410794219607853    -0.3242880074681982                    0.1                    0.1     0.3386004530484488                     10
                   1195     0.9656101823688241    -0.7775824206538673                    0.1                    0.1     0.2129488183261557                     10
                 1197.5     0.6360488231451423    -0.1252059812409964                    0.1                    0.1     0.2867187095488082                     10
                   1200     0.3974722271710608    -0.7924896887024679                    0.1                    0.1     0.3103593938671156                     10
                 1202.5     0.1642611964840254    -0.4713486083907343                    0.1                    0.1      0.443569108122109                     10
                   1205     0.8029133090854529     -1.212647063006426                    0.1                    0.1      0.456474056588601                     10
                 1207.5     0.4370036847378581    0.06004840684292408                    0.1                    0.1     0.4198911663572734                     10
                   1210      1.744441224749833    -0.6507228787670936                    0.1                    0.1     0.5208319784552241                     10
                 1212.5     0.2788580722040078    -0.8061375900621776                    0.1                    0.1     0.3479411508747121                     10
                   1215      1.578975271600205    -0.6804124104544093                    0.1                    0.1     0.3947174505392969                     10
                 1217.5     0.7302591791598054     0.0792141661044804                    0.1                    0.1     0.3788205850868621                     10
                   1220     0.4563441457963442    -0.7334214621533358                    0.1                    0.1     0.2697483181283742                     10
                 1222.5     0.9525789968049833    -0.5311740497441566                    0.1                    0.1      0.188383240067459                     10
                   1225     0.9562760121407703     -0.148809774838997                    0.1                    0.1     0.2517836998987503                     10
                 1227.5      1.191389495898094     -0.267545997068706                    0.1                    0.1     0.2681742552133343                     10
                   1230      1.075347111797245    -0.1443230626467109                    0.1                    0.1     0.2817972703116895                     10
                 1232.5     0.8516468677085245    -0.4194885164257643                    0.1                    0.1     0.1957945647211663                     10
                   1235      1.177883820926595    -0.2589817136029979                    0.1                    0.1     0.2603248280469467                     10
                 1237.5     0.5419004099327323    -0.6629420752740538                    0.1                    0.1     0.2383736308953989                     10
                   1240     0.6961954656787651    0.03738493418963968                    0.1                    0.1     0.3414426888775706                     10
                 1242.5       1.52784074176427    -0.3699456879193551                    0.1                    0.1     0.4037468518374668                     10
                   1245     0.5144350245775653      -1.09641629846504                    0.1                    0.1     0.3964617204439091                     10
                 1247.5     0.5519400312098768     0.2396405881628741                    0.1                    0.1     0.5027101656364896                     10
                   1250      1.418629442977134    -0.6543951736627428                    0.1                    0.1     0.2821744745617072                     10
