#! FIELDS time p.x p.y
 0.000000 -0.800000 -0.800000
 0.250000 -0.902194 -0.771659
 0.500000 -0.755842 -0.701785
 0.750000 -0.611362 -0.831894
 1.000000 -0.579954 -1.072239
 1.250000 -0.605295 -1.224965
 1.500000 -0.637554 -1.082880
 1.750000 -0.712289 -0.799671
 2.000000 -0.839254 -0.583480
 2.250000 -0.929964 -0.598108
 2.500000 -0.890163 -0.699422
 2.750000 -0.632507 -0.888234
 3.000000 -0.407883 -1.203738
 3.250000 -0.411324 -1.341072
 3.500000 -0.642329 -1.060788
 3.750000 -0.850312 -0.649468
 4.000000 -0.953814 -0.359885
 4.250000 -1.119299 -0.341898
 4.500000 -1.089951 -0.498398
 4.750000 -0.776125 -0.632135
 5.000000 -0.586267 -0.824171
 5.250000 -0.608042 -1.143675
 5.500000 -0.664014 -1.231358
 5.750000 -0.577164 -0.872278
 6.000000 -0.577266 -0.672813
 6.250000 -0.801331 -0.697068
 6.500000 -0.886346 -0.927238
 6.750000 -0.606147 -1.008762
 7.000000 -0.429194 -1.007218
 7.250000 -0.617789 -1.023186
 7.500000 -0.856274 -0.915362
 7.750000 -0.826693 -0.636972
 8.000000 -0.710664 -0.456605
 8.250000 -0.865143 -0.614114
 8.500000 -0.965158 -0.847258
 8.750000 -0.796271 -0.958607
 9.000000 -0.330499 -1.019964
 9.250000 -0.230456 -1.103391
 9.500000 -0.617426 -1.160797
 9.750000 -0.994263 -0.944150
 10.000000 -0.904518 -0.458275
 10.250000 -0.786702 -0.067979
 10.500000 -1.066720 -0.240211
 10.750000 -1.266694 -0.686392
 11.000000 -0.698811 -0.849424
 11.250000 -0.085582 -1.082962
 11.500000 -0.142590 -1.284385
 11.750000 -0.714832 -1.177351
 12.000000 -1.067406 -0.728395
 12.250000 -0.943346 -0.201732
 12.500000 -0.937679 -0.063079
 12.750000 -1.263161 -0.470768
 13.000000 -0.986907 -0.805872
 13.250000 -0.287413 -0.981440
 13.500000 -0.045050 -1.188476
 13.750000 -0.539001 -1.321982
 14.000000 -0.989354 -1.028868
 14.250000 -0.897345 -0.367099
 14.500000 -0.879127 0.014843
 14.750000 -1.114325 -0.083261
 15.000000 -1.392434 -0.449348
 15.250000 -0.838906 -0.638663
 15.500000 -0.183628 -0.915644
 15.750000 -0.148982 -1.331954
 16.000000 -0.697755 -1.366511
 16.250000 -0.986771 -0.852507
 16.500000 -0.972501 -0.247653
 16.750000 -1.169469 -0.064484
 17.000000 -1.327434 -0.276356
 17.250000 -0.983439 -0.494984
 17.500000 -0.505502 -0.850343
 17.750000 -0.253456 -1.312620
 18.000000 -0.518440 -1.424584
 18.250000 -0.791152 -0.893429
 18.500000 -0.843352 -0.282638
 18.750000 -1.023102 -0.110349
 19.000000 -1.339428 -0.362464
 19.250000 -1.071553 -0.354499
 19.500000 -0.624806 -0.380929
 19.750000 -0.664424 -0.862482
 20.000000 -0.795872 -1.360096
 20.250000 -0.448425 -1.289170
 20.500000 -0.210932 -0.850574
 20.750000 -0.527364 -0.620995
 21.000000 -1.138561 -0.684980
 21.250000 -1.147176 -0.510972
 21.500000 -0.780911 -0.292164
 21.750000 -0.724560 -0.536120
 22.000000 -0.852199 -1.091923
 22.250000 -0.533270 -1.308508
 22.500000 -0.198959 -1.090905
 22.750000 -0.410660 -0.796601
 23.000000 -0.878802 -0.682318
 23.250000 -1.181770 -0.590809
 23.500000 -0.979996 -0.371656
 23.750000 -0.807581 -0.375330
 24.000000 -0.787829 -0.748938
 24.250000 -0.622580 -1.232156
 24.500000 -0.360920 -1.335039
 24.750000 -0.436663 -0.999532
 25.000000 -0.847113 -0.790308
 25.250000 -1.174300 -0.614894
 25.500000 -0.953596 -0.358279
 25.750000 -0.793225 -0.326864
 26.000000 -0.837365 -0.657535
 26.250000 -0.665721 -1.056950
 26.500000 -0.406130 -1.226367
 26.750000 -0.392520 -1.186862
 27.000000 -0.624389 -1.022298
 27.250000 -0.806590 -0.814016
 27.500000 -0.652361 -0.575184
 27.750000 -0.575693 -0.575201
 28.000000 -0.663161 -0.871862
 28.250000 -0.773760 -1.213126
 28.500000 -0.551698 -1.202768
 28.750000 -0.341767 -0.972716
 29.000000 -0.554775 -0.781492
 29.250000 -0.963976 -0.604655
 29.500000 -1.206130 -0.424460
 29.750000 -0.982014 -0.283773
 30.000000 -0.755399 -0.438542
 30.250000 -0.753322 -0.985143
 30.500000 -0.563605 -1.389846
 30.750000 -0.297043 -1.227351
 31.000000 -0.489142 -0.857660
 31.250000 -0.911632 -0.605693
 31.500000 -1.165998 -0.367683
 31.750000 -1.211589 -0.180944
 32.000000 -1.111116 -0.217913
 32.250000 -0.911120 -0.495082
 32.500000 -0.666347 -0.913618
 32.750000 -0.369431 -1.334799
 33.000000 -0.344642 -1.313883
 33.250000 -0.705109 -0.820471
 33.500000 -1.102555 -0.319893
 33.750000 -1.368949 -0.003513
 34.000000 -1.263826 -0.027628
 34.250000 -0.971664 -0.384994
 34.500000 -0.656639 -0.953484
 34.750000 -0.311493 -1.407108
 35.000000 -0.307014 -1.277149
 35.250000 -0.691256 -0.784735
 35.500000 -1.135995 -0.373600
 35.750000 -1.337977 -0.036144
 36.000000 -1.245826 0.048954
 36.250000 -1.023910 -0.277818
 36.500000 -0.866936 -0.894078
 36.750000 -0.562762 -1.327412
 37.000000 -0.309730 -1.315207
 37.250000 -0.586183 -1.145905
 37.500000 -0.958776 -0.851002
 37.750000 -1.058911 -0.367560
 38.000000 -1.034549 0.000101
 38.250000 -1.296299 -0.137421
 38.500000 -1.213771 -0.480194
 38.750000 -0.625063 -0.717363
 39.000000 -0.203289 -0.976101
 39.250000 -0.300940 -1.216487
 39.500000 -0.769099 -1.190741
 39.750000 -0.934160 -0.791172
 40.000000 -0.855501 -0.395946
 40.250000 -0.871382 -0.206105
 40.500000 -1.059420 -0.446806
 40.750000 -0.996005 -0.775948
 41.000000 -0.531320 -0.979794
 41.250000 -0.242529 -1.195005
 41.500000 -0.466466 -1.158651
 41.750000 -0.855323 -0.918378
 42.000000 -0.926389 -0.588470
 42.250000 -1.007094 -0.345905
 42.500000 -1.127575 -0.324981
 42.750000 -1.101133 -0.525319
 43.000000 -0.800393 -0.850090
 43.250000 -0.460129 -1.200250
 43.500000 -0.424979 -1.306888
 43.750000 -0.680146 -1.033674
 44.000000 -0.896724 -0.657517
 44.250000 -1.047064 -0.361746
 44.500000 -1.083112 -0.413317
 44.750000 -0.839246 -0.723337
 45.000000 -0.458247 -1.051323
 45.250000 -0.210382 -1.260776
 45.500000 -0.309151 -1.129131
 45.750000 -0.770216 -0.843333
 46.000000 -1.160378 -0.527538
 46.250000 -1.209887 -0.126149
 46.500000 -1.130063 0.059581
 46.750000 -1.122830 -0.241366
 47.000000 -0.932449 -0.718800
 47.250000 -0.551751 -1.146112
 47.500000 -0.315090 -1.377526
 47.750000 -0.604220 -1.224244
 48.000000 -0.894062 -0.736296
 48.250000 -1.069540 -0.199180
 48.500000 -1.287021 0.039251
 48.750000 -1.360372 -0.056488
 49.000000 -1.120271 -0.358522
 49.250000 -0.705650 -0.796964
 49.500000 -0.320011 -1.211822
 49.750000 -0.184075 -1.333502
 50.000000 -0.425072 -1.049983
 50.250000 -0.956805 -0.613982
 50.500000 -1.330043 -0.199406
 50.750000 -1.281783 0.089508
 51.000000 -1.156674 -0.107143
 51.250000 -0.963510 -0.629137
 51.500000 -0.647920 -1.129796
 51.750000 -0.284347 -1.367202
 52.000000 -0.227500 -1.154747
 52.250000 -0.630142 -0.855689
 52.500000 -1.168684 -0.623807
 52.750000 -1.247754 -0.170499
 53.000000 -1.068860 0.080307
 53.250000 -1.094787 -0.235295
 53.500000 -0.983813 -0.774045
 53.750000 -0.458316 -1.147645
 54.000000 -0.184295 -1.319139
 54.250000 -0.378699 -1.081606
 54.500000 -0.909755 -0.861518
 54.750000 -1.143361 -0.530794
 55.000000 -0.905685 -0.158095
 55.250000 -0.776448 -0.196945
 55.500000 -0.895761 -0.708647
 55.750000 -0.870782 -1.193488
 56.000000 -0.421068 -1.218157
 56.250000 -0.298151 -0.960741
 56.500000 -0.700057 -0.753093
 56.750000 -1.144644 -0.591050
 57.000000 -1.079815 -0.283421
 57.250000 -0.966136 -0.201876
 57.500000 -1.067174 -0.502817
 57.750000 -0.795726 -0.919931
 58.000000 -0.357484 -1.280775
 58.250000 -0.416699 -1.325788
 58.500000 -0.838701 -0.900585
 58.750000 -1.047515 -0.298802
 59.000000 -1.195647 0.059968
 59.250000 -1.333137 -0.079294
 59.500000 -1.163921 -0.457255
 59.750000 -0.654226 -0.838715
 60.000000 -0.258604 -1.211728
 60.250000 -0.241203 -1.318137
 60.500000 -0.638361 -1.049068
 60.750000 -1.069131 -0.634752
 61.000000 -1.159910 -0.166052
 61.250000 -1.172933 0.081179
 61.500000 -1.224189 -0.143222
 61.750000 -1.093483 -0.562633
 62.000000 -0.683044 -0.972052
 62.250000 -0.299304 -1.356895
 62.500000 -0.252525 -1.297820
 62.750000 -0.511496 -0.792427
 63.000000 -0.985955 -0.379191
 63.250000 -1.405722 -0.206746
 63.500000 -1.282425 -0.036096
 63.750000 -0.942992 -0.172674
 64.000000 -0.970010 -0.724144
 64.250000 -0.823872 -1.170020
 64.500000 -0.327971 -1.201406
 64.750000 -0.380977 -0.938618
 65.000000 -0.902303 -0.818761
 65.250000 -1.212433 -0.573718
 65.500000 -1.031308 -0.187836
 65.750000 -1.007001 -0.154568
 66.000000 -1.231460 -0.386252
 66.250000 -1.101722 -0.506749
 66.500000 -0.619287 -0.652375
 66.750000 -0.410009 -1.061876
 67.000000 -0.491101 -1.353107
 67.250000 -0.732514 -1.112976
 67.500000 -0.748767 -0.576118
 67.750000 -0.945202 -0.233917
 68.000000 -1.290152 -0.292333
 68.250000 -1.194281 -0.346938
 68.500000 -0.814172 -0.487625
 68.750000 -0.678802 -0.984579
 69.000000 -0.626447 -1.376499
 69.250000 -0.408238 -1.195813
 69.500000 -0.366104 -0.765144
 69.750000 -0.732531 -0.623150
 70.000000 -1.161844 -0.746554
 70.250000 -1.031241 -0.560623
 70.500000 -0.595635 -0.544787
 70.750000 -0.419452 -0.883140
 71.000000 -0.466533 -1.387364
 71.250000 -0.551698 -1.395610
 71.500000 -0.608319 -0.835605
 71.750000 -0.909674 -0.423411
 72.000000 -1.285148 -0.253929
 72.250000 -1.242400 -0.119197
 72.500000 -0.959951 -0.191514
 72.750000 -0.974760 -0.728989
 73.000000 -0.895208 -1.134215
 73.250000 -0.302931 -1.143625
 73.500000 -0.039039 -1.024555
 73.750000 -0.483102 -0.983577
 74.000000 -1.061949 -0.945429
 74.250000 -0.922834 -0.664676
 74.500000 -0.656477 -0.296108
 74.750000 -0.774434 -0.433492
 75.000000 -1.077709 -0.884145
 75.250000 -0.749737 -1.106612
 75.500000 -0.187901 -1.066017
 75.750000 -0.153590 -1.002406
 76.000000 -0.661018 -0.932600
 76.250000 -1.161840 -0.934216
 76.500000 -0.935302 -0.690617
 76.750000 -0.455021 -0.387158
 77.000000 -0.516095 -0.639537
 77.250000 -0.943652 -1.147347
 77.500000 -0.735491 -1.161682
 77.750000 -0.277775 -0.753870
 78.000000 -0.371891 -0.660873
 78.250000 -0.950982 -0.927286
 78.500000 -0.980924 -1.011227
 78.750000 -0.428886 -0.828874
 79.000000 -0.246599 -0.914397
 79.250000 -0.565650 -1.261162
 79.500000 -0.718572 -1.297486
 79.750000 -0.437863 -0.864191
 80.000000 -0.460051 -0.613011
 80.250000 -0.945406 -0.805803
 80.500000 -1.167774 -0.739590
 80.750000 -0.792503 -0.490604
 81.000000 -0.551113 -0.556264
 81.250000 -0.699422 -0.831959
 81.500000 -0.866858 -1.145252
 81.750000 -0.579905 -1.027826
 82.000000 -0.399575 -0.886027
 82.250000 -0.559402 -0.950487
 82.500000 -0.717858 -1.156494
 82.750000 -0.512712 -0.979292
 83.000000 -0.442017 -0.797259
 83.250000 -0.685716 -0.728303
 83.500000 -1.085433 -0.606506
 83.750000 -1.102936 -0.422178
 84.000000 -0.887955 -0.295777
 84.250000 -0.732129 -0.417482
 84.500000 -0.587145 -0.757758
 84.750000 -0.571763 -1.295042
 85.000000 -0.488544 -1.432312
 85.250000 -0.447878 -1.001184
 85.500000 -0.630101 -0.561341
 85.750000 -0.964150 -0.496147
 86.000000 -1.065298 -0.718422
 86.250000 -0.643090 -0.692199
 86.500000 -0.345604 -0.835570
 86.750000 -0.439765 -1.267753
 87.000000 -0.732640 -1.390025
 87.250000 -0.594806 -0.883526
 87.500000 -0.499171 -0.427760
 87.750000 -0.963292 -0.351202
 88.000000 -1.330995 -0.454432
 88.250000 -0.892682 -0.380907
 88.500000 -0.534814 -0.416425
 88.750000 -0.741421 -0.925136
 89.000000 -0.873812 -1.326818
 89.250000 -0.444667 -1.073869
 89.500000 -0.265528 -0.775128
 89.750000 -0.677366 -0.827957
 90.000000 -1.111805 -1.004416
 90.250000 -0.645600 -0.951842
 90.500000 -0.036729 -0.972340
 90.750000 -0.196294 -1.169686
 91.000000 -0.815889 -1.214092
 91.250000 -0.958876 -0.911521
 91.500000 -0.636967 -0.386700
 91.750000 -0.671888 -0.242709
 92.000000 -1.169462 -0.656538
 92.250000 -1.107862 -0.884816
 92.500000 -0.418066 -0.646313
 92.750000 -0.110865 -0.735360
 93.000000 -0.471793 -1.240051
 93.250000 -0.865428 -1.447171
 93.500000 -0.715108 -0.832489
 93.750000 -0.621564 -0.291557
 94.000000 -0.982424 -0.353411
 94.250000 -1.296377 -0.633144
 94.500000 -0.854073 -0.603587
 94.750000 -0.329583 -0.713968
 95.000000 -0.284664 -1.215547
 95.250000 -0.811409 -1.371780
 95.500000 -0.839083 -0.848628
 95.750000 -0.560921 -0.332309
 96.000000 -0.951346 -0.345023
 96.250000 -1.387459 -0.581633
 96.500000 -0.929469 -0.546866
 96.750000 -0.280199 -0.563845
 97.000000 -0.224258 -1.072299
 97.250000 -0.861258 -1.436528
 97.500000 -0.889111 -1.012526
 97.750000 -0.409697 -0.223298
 98.000000 -0.596705 -0.090976
 98.250000 -1.287169 -0.610726
 98.500000 -1.140761 -0.846069
 98.750000 -0.232115 -0.621084
 99.000000 -0.049180 -0.806597
 99.250000 -0.615175 -1.272075
 99.500000 -1.017159 -1.235677
 99.750000 -0.490221 -0.599964
 100.000000 -0.398666 -0.255979
 100.250000 -1.042037 -0.500277
 100.500000 -1.384704 -0.726475
 100.750000 -0.642658 -0.486317
 101.000000 -0.192290 -0.723671
 101.250000 -0.479472 -1.357876
 101.500000 -0.944136 -1.331635
 101.750000 -0.621698 -0.669419
 102.000000 -0.315594 -0.317125
 102.250000 -0.656269 -0.698405
 102.500000 -1.101100 -1.251057
 102.750000 -0.467905 -1.187385
 103.000000 0.124395 -0.849405
 103.250000 -0.160189 -0.843063
 103.500000 -0.994173 -1.134417
 103.750000 -0.979533 -0.926711
 104.000000 -0.283501 -0.531757
 104.250000 -0.176571 -0.609514
 104.500000 -0.755581 -1.186620
 104.750000 -0.948389 -1.319627
 105.000000 -0.302708 -0.796713
 105.250000 -0.115861 -0.522528
 105.500000 -0.615618 -0.928478
 105.750000 -1.013475 -1.346624
 106.000000 -0.484806 -1.036480
 106.250000 -0.095385 -0.688145
 106.500000 -0.416950 -0.802671
 106.750000 -1.076680 -1.078582
 107.000000 -0.878764 -0.984010
 107.250000 -0.280509 -0.680946
 107.500000 -0.233798 -0.774002
 107.750000 -0.642846 -1.234624
 108.000000 -0.703700 -1.372922
 108.250000 -0.342785 -1.069331
 108.500000 -0.281497 -0.858899
 108.750000 -0.679943 -1.074028
 109.000000 -1.014637 -1.030137
 109.250000 -0.765989 -0.775218
 109.500000 -0.401527 -0.712190
 109.750000 -0.548788 -1.122974
 110.000000 -0.757908 -1.332903
 110.250000 -0.437966 -0.986263
 110.500000 -0.420388 -0.560064
 110.750000 -0.815857 -0.531908
 111.000000 -1.127972 -0.734011
 111.250000 -0.667333 -0.696651
 111.500000 -0.369350 -0.847950
 111.750000 -0.606826 -1.257969
 112.000000 -0.620963 -1.398306
 112.250000 -0.379702 -0.987640
 112.500000 -0.473982 -0.722656
 112.750000 -1.006937 -0.762378
 113.000000 -1.003514 -0.506274
 113.250000 -0.611993 -0.457494
 113.500000 -0.628653 -0.821695
 113.750000 -0.889658 -1.241030
 114.000000 -0.581918 -1.162371
 114.250000 -0.185401 -1.008997
 114.500000 -0.347175 -0.895461
 114.750000 -0.860825 -1.074212
 115.000000 -0.897986 -1.053825
 115.250000 -0.420182 -0.914969
 115.500000 -0.254992 -0.979730
 115.750000 -0.559192 -1.109866
 116.000000 -0.805637 -0.962453
 116.250000 -0.578050 -0.622666
 116.500000 -0.612648 -0.615432
 116.750000 -0.858275 -0.945130
 117.000000 -0.527020 -1.092179
 117.250000 -0.257351 -1.133457
 117.500000 -0.504357 -1.065505
 117.750000 -0.928039 -0.956817
 118.000000 -1.011066 -0.627777
 118.250000 -0.979155 -0.292046
 118.500000 -1.155602 -0.240710
 118.750000 -1.243500 -0.228418
 119.000000 -1.111316 -0.275089
 119.250000 -0.893512 -0.404161
 119.500000 -0.794226 -0.787253
 119.750000 -0.535238 -1.227274
 120.000000 -0.376890 -1.342285
 120.250000 -0.721178 -0.959172
 120.500000 -0.874274 -0.472202
 120.750000 -1.061098 -0.226564
 121.000000 -1.294002 -0.266625
 121.250000 -1.115807 -0.411516
 121.500000 -0.754392 -0.652346
 121.750000 -0.543132 -1.149339
 122.000000 -0.557194 -1.400880
 122.250000 -0.629320 -0.955911
 122.500000 -0.748720 -0.528770
 122.750000 -1.136740 -0.421995
 123.000000 -1.277017 -0.337369
 123.250000 -0.966936 -0.273825
 123.500000 -0.657013 -0.457395
 123.750000 -0.603654 -0.881992
 124.000000 -0.628639 -1.375417
 124.250000 -0.428651 -1.432972
 124.500000 -0.487067 -1.032282
 124.750000 -0.891921 -0.594268
 125.000000 -1.236242 -0.252999
 125.250000 -1.275230 -0.010385
 125.500000 -1.146559 -0.081785
 125.750000 -0.969740 -0.445413
 126.000000 -0.684462 -0.952858
 126.250000 -0.426598 -1.404058
 126.500000 -0.370769 -1.372498
 126.750000 -0.676688 -1.056252
 127.000000 -0.818347 -0.575460
 127.250000 -0.980518 -0.302940
 127.500000 -1.226737 -0.182394
 127.750000 -1.218512 0.023292
 128.000000 -1.182279 -0.149732
 128.250000 -0.899358 -0.477430
 128.500000 -0.650379 -1.010484
 128.750000 -0.405186 -1.458627
 129.000000 -0.235578 -1.364646
 129.250000 -0.163629 -0.967462
 129.500000 -0.418818 -0.645115
 129.750000 -1.064833 -0.751571
 130.000000 -1.206197 -0.758975
 130.250000 -0.608259 -0.485429
 130.500000 -0.275430 -0.586263
 130.750000 -0.557911 -1.153527
 131.000000 -0.813631 -1.551740
 131.250000 -0.442816 -1.101148
 131.500000 -0.113889 -0.667451
 131.750000 -0.375825 -0.754185
 132.000000 -1.034332 -1.085093
 132.250000 -0.924071 -0.989001
 132.500000 -0.334292 -0.538871
 132.750000 -0.284467 -0.456460
 133.000000 -0.887655 -0.821581
 133.250000 -1.085871 -1.140075
 133.500000 -0.274889 -0.924471
 133.750000 0.134786 -0.759058
 134.000000 -0.308148 -1.024918
 134.250000 -0.945391 -1.344998
 134.500000 -0.831960 -0.873809
 134.750000 -0.388528 -0.364462
 135.000000 -0.479419 -0.577885
 135.250000 -1.088106 -1.158315
 135.500000 -0.875053 -1.081532
 135.750000 -0.128418 -0.798785
 136.000000 0.011377 -1.007380
 136.250000 -0.634294 -1.271702
 136.500000 -1.107387 -0.966673
 136.750000 -0.766987 -0.243536
 137.000000 -0.752955 0.051244
 137.250000 -1.225810 -0.320538
 137.500000 -1.186580 -0.781142
 137.750000 -0.351438 -1.024735
 138.000000 0.107201 -1.125198
 138.250000 -0.295326 -1.160579
 138.500000 -1.021882 -1.031927
 138.750000 -0.979618 -0.557644
 139.000000 -0.620226 -0.219759
 139.250000 -0.817284 -0.390224
 139.500000 -1.129346 -0.882218
 139.750000 -0.639293 -1.125291
 140.000000 -0.054732 -1.155376
 140.250000 -0.026502 -1.156323
 140.500000 -0.669938 -1.096850
 140.750000 -1.209957 -0.841536
 141.000000 -0.986467 -0.248224
 141.250000 -0.794034 -0.021045
 141.500000 -0.935889 -0.444580
 141.750000 -0.982883 -1.054056
 142.000000 -0.450867 -1.355470
 142.250000 -0.042202 -1.246209
 142.500000 -0.331859 -0.862981
 142.750000 -1.062875 -0.598295
 143.000000 -1.394743 -0.167763
 143.250000 -1.139736 0.218665
 143.500000 -1.010463 -0.084482
 143.750000 -1.071749 -0.746211
 144.000000 -0.582820 -1.166330
 144.250000 0.034425 -1.239341
 144.500000 -0.087230 -1.095812
 144.750000 -0.869859 -0.801038
 145.000000 -1.341487 -0.407426
 145.250000 -1.167117 0.130188
 145.500000 -1.079733 0.223595
 145.750000 -1.161881 -0.344733
 146.000000 -0.897754 -1.009619
 146.250000 -0.172980 -1.282334
 146.500000 0.046918 -1.197263
 146.750000 -0.443741 -0.893245
 147.000000 -1.144880 -0.767157
 147.250000 -1.104400 -0.325019
 147.500000 -0.977658 -0.016410
 147.750000 -1.335665 -0.072394
 148.000000 -1.360278 -0.337222
 148.250000 -0.783977 -0.513161
 148.500000 -0.362536 -1.027234
 148.750000 -0.230711 -1.520998
 149.000000 -0.482041 -1.352902
 149.250000 -0.812496 -0.681658
 149.500000 -1.154901 -0.163349
 149.750000 -1.355369 0.194933
 150.000000 -1.368810 0.085003
 150.250000 -1.214210 -0.402038
 150.500000 -0.822073 -0.853862
 150.750000 -0.320786 -1.241643
 151.000000 -0.312400 -1.499222
 151.250000 -0.571269 -1.213252
 151.500000 -0.846881 -0.619634
 151.750000 -1.136144 -0.135352
 152.000000 -1.358582 0.008095
 152.250000 -1.293922 -0.271260
 152.500000 -0.880173 -0.753072
 152.750000 -0.333804 -1.247863
 153.000000 -0.255719 -1.547610
 153.250000 -0.638336 -1.155133
 153.500000 -0.858538 -0.441407
 153.750000 -0.889754 0.053467
 154.000000 -1.126079 -0.000467
 154.250000 -1.387021 -0.379122
 154.500000 -1.070747 -0.369830
 154.750000 -0.572932 -0.477282
 155.000000 -0.594192 -1.058169
 155.250000 -0.618448 -1.528556
 155.500000 -0.466569 -1.205969
 155.750000 -0.641384 -0.623891
 156.000000 -1.049349 -0.289788
 156.250000 -1.343408 -0.105225
 156.500000 -1.289325 -0.023720
 156.750000 -0.992000 -0.270588
 157.000000 -0.889180 -0.828753
 157.250000 -0.602906 -1.305356
 157.500000 -0.355739 -1.351708
 157.750000 -0.709649 -1.009286
 158.000000 -1.058586 -0.632474
 158.250000 -1.162104 -0.351930
 158.500000 -1.037421 -0.193681
 158.750000 -1.099834 -0.269183
 159.000000 -1.090946 -0.623847
 159.250000 -0.698145 -0.920263
 159.500000 -0.283255 -1.198384
 159.750000 -0.309265 -1.037612
 160.000000 -0.767759 -0.778578
 160.250000 -1.159408 -0.542937
 160.500000 -1.142705 -0.245589
 160.750000 -1.050334 -0.141888
 161.000000 -1.122969 -0.281358
 161.250000 -0.915455 -0.569283
 161.500000 -0.549486 -0.883019
 161.750000 -0.396850 -1.186351
 162.000000 -0.606536 -1.228322
 162.250000 -0.762340 -0.883909
 162.500000 -0.794874 -0.482574
 162.750000 -1.162406 -0.370819
 163.000000 -1.205679 -0.385332
 163.250000 -0.739744 -0.503060
 163.500000 -0.471731 -0.895005
 163.750000 -0.556489 -1.396205
 164.000000 -0.657847 -1.377838
 164.250000 -0.554443 -0.778068
 164.500000 -0.781620 -0.275562
 164.750000 -1.346742 -0.259269
 165.000000 -1.381681 -0.310451
 165.250000 -0.721798 -0.306589
 165.500000 -0.378195 -0.690113
 165.750000 -0.517664 -1.261791
 166.000000 -0.724935 -1.486065
 166.250000 -0.486113 -0.952564
 166.500000 -0.400794 -0.500614
 166.750000 -0.786009 -0.451181
 167.000000 -1.337394 -0.628907
 167.250000 -1.058670 -0.437686
 167.500000 -0.597445 -0.239851
 167.750000 -0.612912 -0.576977
 168.000000 -0.865442 -1.305917
 168.250000 -0.604711 -1.451790
 168.500000 -0.261838 -0.842968
 168.750000 -0.321131 -0.502306
 169.000000 -0.859097 -0.606318
 169.250000 -1.322919 -0.675613
 169.500000 -0.961330 -0.283551
 169.750000 -0.556783 -0.218471
 170.000000 -0.671501 -0.667464
 170.250000 -0.840298 -1.395649
 170.500000 -0.498328 -1.394421
 170.750000 -0.309540 -0.761778
 171.000000 -0.662274 -0.387187
 171.250000 -1.279543 -0.316325
 171.500000 -1.459721 -0.139513
 171.750000 -1.035524 0.039776
 172.000000 -0.786812 -0.144953
 172.250000 -0.914068 -0.697448
 172.500000 -0.985933 -1.057755
 172.750000 -0.318156 -1.058835
 173.000000 0.019367 -1.047369
 173.250000 -0.478859 -1.008196
 173.500000 -1.154267 -0.754551
 173.750000 -1.127471 -0.138777
 174.000000 -1.045663 0.216182
 174.250000 -1.246096 -0.126974
 174.500000 -1.202190 -0.578930
 174.750000 -0.505028 -0.830196
 175.000000 -0.189455 -1.148699
 175.250000 -0.250462 -1.419431
 175.500000 -0.531220 -1.394327
 175.750000 -0.744862 -0.894122
 176.000000 -0.863851 -0.389451
 176.250000 -1.195867 -0.192222
 176.500000 -1.159921 -0.035105
 176.750000 -1.103254 -0.088880
 177.000000 -1.024407 -0.480037
 177.250000 -0.640501 -0.838932
 177.500000 -0.354622 -1.097322
 177.750000 -0.340178 -1.084206
 178.000000 -0.573012 -0.801041
 178.250000 -0.980614 -0.560138
 178.500000 -1.191011 -0.369338
 178.750000 -1.166026 -0.380390
 179.000000 -0.932444 -0.598642
 179.250000 -0.531137 -0.811733
 179.500000 -0.343291 -1.078337
 179.750000 -0.398612 -1.120358
 180.000000 -0.737713 -1.213287
 180.250000 -0.842069 -1.146177
 180.500000 -0.546832 -0.695464
 180.750000 -0.758709 -0.445648
 181.000000 -1.217726 -0.335362
 181.250000 -1.199625 -0.311474
 181.500000 -0.770744 -0.410890
 181.750000 -0.541623 -0.608938
 182.000000 -0.834189 -1.078800
 182.250000 -0.751177 -1.246481
 182.500000 -0.346975 -1.119965
 182.750000 -0.314010 -0.976755
 183.000000 -0.764451 -0.904590
 183.250000 -1.074917 -0.915622
 183.500000 -0.692344 -0.861004
 183.750000 -0.225914 -1.023894
 184.000000 -0.135273 -1.063746
 184.250000 -0.512145 -0.909156
 184.500000 -1.035230 -0.950777
 184.750000 -0.925133 -0.623769
 185.000000 -0.731719 -0.302666
 185.250000 -0.933318 -0.284665
 185.500000 -1.236599 -0.602799
 185.750000 -1.003448 -0.615923
 186.000000 -0.477208 -0.615099
 186.250000 -0.441999 -1.034589
 186.500000 -0.704401 -1.395854
 186.750000 -0.532325 -1.292595
 187.000000 -0.375207 -0.801385
 187.250000 -0.757295 -0.625349
 187.500000 -1.231841 -0.662091
 187.750000 -1.115614 -0.310155
 188.000000 -0.724051 -0.231888
 188.250000 -0.592189 -0.712441
 188.500000 -0.618343 -1.461119
 188.750000 -0.433829 -1.500728
 189.000000 -0.485959 -0.806807
 189.250000 -0.897314 -0.212941
 189.500000 -1.434222 -0.073737
 189.750000 -1.432943 -0.083326
 190.000000 -0.978783 -0.178966
 190.250000 -0.794963 -0.704673
 190.500000 -0.631858 -1.280359
 190.750000 -0.263165 -1.462726
 191.000000 -0.215527 -1.230580
 191.250000 -0.530245 -0.741858
 191.500000 -1.178934 -0.520941
 191.750000 -1.362400 -0.273704
 192.000000 -1.083996 0.135058
 192.250000 -0.982211 -0.007073
 192.500000 -1.227645 -0.527660
 192.750000 -1.169904 -0.902196
 193.000000 -0.456697 -0.985290
 193.250000 -0.033847 -0.922576
 193.500000 -0.402053 -1.041824
 193.750000 -0.989126 -0.952167
 194.000000 -0.953317 -0.558708
 194.250000 -0.688012 -0.309646
 194.500000 -0.654590 -0.570056
 194.750000 -0.707321 -1.132083
 195.000000 -0.488329 -1.454696
 195.250000 -0.205042 -1.337234
 195.500000 -0.184809 -1.109602
 195.750000 -0.646112 -0.810720
 196.000000 -1.209607 -0.496768
 196.250000 -1.255734 -0.002619
 196.500000 -1.158435 0.151681
 196.750000 -1.123138 -0.313297
 197.000000 -0.882584 -0.967770
 197.250000 -0.375022 -1.257460
 197.500000 -0.408088 -1.146414
 197.750000 -0.909750 -1.027781
 198.000000 -1.012597 -0.550833
 198.250000 -0.890476 -0.181793
 198.500000 -0.793110 -0.434938
 198.750000 -1.060219 -0.849570
 199.000000 -0.869015 -0.887648
 199.250000 -0.420874 -0.978323
 199.500000 -0.270190 -1.021107
 199.750000 -0.555792 -0.895400
 200.000000 -0.975397 -0.848025
 200.250000 -1.019072 -0.690127
 200.500000 -0.639537 -0.428289
 200.750000 -0.668892 -0.614543
 201.000000 -0.784089 -1.116498
 201.250000 -0.826565 -1.243480
 201.500000 -0.736810 -0.867629
 201.750000 -0.643052 -0.455291
 202.000000 -0.776073 -0.396480
 202.250000 -1.077836 -0.760450
 202.500000 -0.866912 -0.979910
 202.750000 -0.275220 -0.941147
 203.000000 -0.163480 -1.073853
 203.250000 -0.604765 -1.037776
 203.500000 -1.055001 -0.797205
 203.750000 -0.998452 -0.256601
 204.000000 -0.796506 -0.031403
 204.250000 -0.893680 -0.349673
 204.500000 -1.041247 -0.848621
 204.750000 -0.765102 -1.110254
 205.000000 -0.310646 -1.121867
 205.250000 -0.115141 -1.133604
 205.500000 -0.394865 -0.951641
 205.750000 -1.007391 -0.859769
 206.000000 -1.156774 -0.852971
 206.250000 -0.633877 -0.584454
 206.500000 -0.322135 -0.446795
 206.750000 -0.583322 -0.765320
 207.000000 -1.055808 -1.137531
 207.250000 -0.702761 -1.030841
 207.500000 -0.251405 -0.822571
 207.750000 -0.290218 -1.149729
 208.000000 -0.749831 -1.332940
 208.250000 -0.837297 -0.922572
 208.500000 -0.486340 -0.547052
 208.750000 -0.612866 -0.549424
 209.000000 -1.060080 -0.804057
 209.250000 -0.952030 -0.773961
 209.500000 -0.523676 -0.451082
 209.750000 -0.540684 -0.569414
 210.000000 -0.850338 -1.054954
 210.250000 -0.560764 -1.470154
 210.500000 -0.171101 -1.349175
 210.750000 -0.253228 -0.873065
 211.000000 -0.854369 -0.708882
 211.250000 -1.327642 -0.440821
 211.500000 -1.080101 0.001703
 211.750000 -0.976407 0.041427
 212.000000 -1.232497 -0.339498
 212.250000 -1.147970 -0.749751
 212.500000 -0.501447 -0.705653
 212.750000 -0.125928 -0.853810
 213.000000 -0.305065 -1.177967
 213.250000 -0.882083 -1.266658
 213.500000 -0.928711 -0.810790
 213.750000 -0.794398 -0.257193
 214.000000 -0.895402 -0.075230
 214.250000 -0.781480 -0.323104
 214.500000 -0.882829 -0.855717
 214.750000 -0.740033 -1.313647
 215.000000 -0.365248 -1.232273
 215.250000 -0.482572 -0.679078
 215.500000 -0.978565 -0.463883
 215.750000 -1.333017 -0.365390
 216.000000 -0.959579 -0.200993
 216.250000 -0.680974 -0.554996
 216.500000 -0.502208 -1.159891
 216.750000 -0.662552 -1.487607
 217.000000 -0.563285 -1.092117
 217.250000 -0.372419 -0.618344
 217.500000 -0.456932 -0.606588
 217.750000 -0.922739 -0.964402
 218.000000 -0.989715 -1.056475
 218.250000 -0.412451 -0.879522
 218.500000 -0.032898 -1.101439
 218.750000 -0.328752 -1.365472
 219.000000 -0.728614 -1.528552
 219.250000 -0.692005 -0.983774
 219.500000 -0.646240 -0.272044
 219.750000 -1.003323 -0.016199
 220.000000 -1.491281 -0.136067
 220.250000 -1.324561 -0.318407
 220.500000 -0.653398 -0.477769
 220.750000 -0.233771 -0.764386
 221.000000 -0.158653 -1.276517
 221.250000 -0.526152 -1.565476
 221.500000 -0.857318 -1.050974
 221.750000 -0.870067 -0.323377
 222.000000 -0.893152 0.060293
 222.250000 -1.103867 -0.032185
 222.500000 -1.375425 -0.400923
 222.750000 -0.872397 -0.633141
 223.000000 -0.337400 -0.946769
 223.250000 -0.190303 -1.259255
 223.500000 -0.201900 -1.261277
 223.750000 -0.310116 -0.981794
 224.000000 -0.706683 -0.737581
 224.250000 -1.139524 -0.575601
 224.500000 -1.096762 -0.239330
 224.750000 -1.093515 -0.101536
 225.000000 -1.133989 -0.350006
 225.250000 -0.818949 -0.744634
 225.500000 -0.389297 -1.030080
 225.750000 -0.237876 -0.914813
 226.000000 -0.493479 -1.041049
 226.250000 -0.938867 -0.901795
 226.500000 -1.067705 -0.525899
 226.750000 -0.830555 -0.207092
 227.000000 -0.763803 -0.458736
 227.250000 -1.054680 -0.890148
 227.500000 -0.945303 -0.915293
 227.750000 -0.355623 -0.771424
 228.000000 -0.190560 -0.663296
 228.250000 -0.569350 -0.837452
 228.500000 -0.931020 -1.304823
 228.750000 -0.597999 -1.134572
 229.000000 -0.298000 -0.716568
 229.250000 -0.545804 -0.584871
 229.500000 -1.144337 -0.696480
 229.750000 -1.184764 -0.490660
 230.000000 -0.761192 -0.221642
 230.250000 -0.591578 -0.507965
 230.500000 -0.796893 -1.174939
 230.750000 -0.814392 -1.418155
 231.000000 -0.302088 -1.086094
 231.250000 -0.094412 -0.676184
 231.500000 -0.574537 -0.763347
 231.750000 -1.209343 -1.108217
 232.000000 -0.757513 -0.823195
 232.250000 -0.014522 -0.662728
 232.500000 -0.059873 -1.023387
 232.750000 -0.785667 -1.428526
 233.000000 -0.955014 -1.121085
 233.250000 -0.418651 -0.488070
 233.500000 -0.458523 -0.343132
 233.750000 -1.055754 -0.776651
 234.000000 -1.105747 -0.910343
 234.250000 -0.382926 -0.774322
 234.500000 -0.012472 -0.869446
 234.750000 -0.342222 -1.140874
 235.000000 -0.956966 -1.253203
 235.250000 -0.968222 -0.700108
 235.500000 -0.829245 -0.029357
 235.750000 -1.062730 0.060373
 236.000000 -1.421982 -0.299438
 236.250000 -1.351813 -0.332518
 236.500000 -0.845743 -0.077890
 236.750000 -0.607593 -0.264494
 237.000000 -0.822748 -0.998521
 237.250000 -0.648227 -1.565883
 237.500000 -0.221201 -1.339214
 237.750000 -0.070684 -0.807439
 238.000000 -0.576472 -0.587862
 238.250000 -1.291211 -0.697639
 238.500000 -1.201764 -0.422151
 238.750000 -0.666008 -0.263787
 239.000000 -0.589874 -0.691978
 239.250000 -0.847624 -1.258291
 239.500000 -0.760562 -1.192764
 239.750000 -0.584833 -0.629342
 240.000000 -0.738796 -0.309530
 240.250000 -1.196272 -0.494136
 240.500000 -1.232402 -0.549970
 240.750000 -0.855405 -0.416985
 241.000000 -0.601362 -0.481751
 241.250000 -0.676880 -0.949915
 241.500000 -0.874462 -1.228528
 241.750000 -0.687647 -0.929947
 242.000000 -0.610262 -0.508403
 242.250000 -0.735353 -0.460896
 242.500000 -0.998338 -0.721670
 242.750000 -0.969850 -0.800175
 243.000000 -0.636215 -0.551813
 243.250000 -0.576765 -0.545807
 243.500000 -0.976948 -0.795479
 243.750000 -1.012524 -0.753492
 244.000000 -0.655795 -0.531533
 244.250000 -0.605713 -0.558801
 244.500000 -0.905454 -0.849674
 244.750000 -0.939750 -1.084340
 245.000000 -0.675375 -1.223521
 245.250000 -0.259857 -1.178921
 245.500000 -0.388532 -0.845241
 245.750000 -0.961611 -0.701591
 246.000000 -1.191220 -0.366904
 246.250000 -1.088269 -0.119127
 246.500000 -1.129462 -0.188209
 246.750000 -1.192295 -0.472334
 247.000000 -0.756140 -0.679964
 247.250000 -0.296490 -0.993443
 247.500000 -0.187899 -1.293554
 247.750000 -0.124107 -1.251421
 248.000000 -0.361887 -0.951119
 248.250000 -0.898888 -0.639101
 248.500000 -1.296974 -0.291732
 248.750000 -1.262127 0.053648
 249.000000 -1.046117 -0.052980
 249.250000 -1.084143 -0.599932
 249.500000 -0.886256 -1.127205
 249.750000 -0.408654 -1.327775
 250.000000 -0.279873 -0.918917
 250.250000 -0.687401 -0.669694
 250.500000 -1.273328 -0.645601
 250.750000 -1.119881 -0.311770
 251.000000 -0.716439 -0.253899
 251.250000 -0.564997 -0.672458
 251.500000 -0.758251 -1.295638
 251.750000 -0.593002 -1.464352
 252.000000 -0.386924 -0.899799
 252.250000 -0.546831 -0.382850
 252.500000 -1.142487 -0.355065
 252.750000 -1.369230 -0.569106
 253.000000 -0.757795 -0.651450
 253.250000 -0.237040 -0.857150
 253.500000 -0.143769 -1.345521
 253.750000 -0.495109 -1.509520
 254.000000 -0.870650 -1.013371
 254.250000 -0.862972 -0.276989
 254.500000 -0.934516 0.124274
 254.750000 -1.302256 -0.136121
 255.000000 -1.451524 -0.436459
 255.250000 -0.935015 -0.577433
 255.500000 -0.309593 -0.941593
 255.750000 -0.195626 -1.366907
 256.000000 -0.329989 -1.426213
 256.250000 -0.777732 -1.084919
 256.500000 -0.796071 -0.464268
 256.750000 -1.043068 -0.202129
 257.000000 -1.298353 -0.393408
 257.250000 -0.916095 -0.502413
 257.500000 -0.681347 -0.918022
 257.750000 -0.513186 -1.394131
 258.000000 -0.532150 -1.082880
 258.250000 -0.800126 -0.603019
 258.500000 -1.193861 -0.396961
 258.750000 -1.134828 -0.428190
 259.000000 -0.729845 -0.706218
 259.250000 -0.518177 -1.242971
 259.500000 -0.487361 -1.294388
 259.750000 -0.671841 -0.862339
 260.000000 -0.973407 -0.493580
 260.250000 -1.280857 -0.376340
 260.500000 -1.013066 -0.147101
 260.750000 -1.138531 -0.132380
 261.000000 -1.261522 -0.406226
 261.250000 -0.816492 -0.689167
 261.500000 -0.301745 -0.982967
 261.750000 -0.310320 -1.381504
 262.000000 -0.566728 -1.525110
 262.250000 -0.617957 -1.024354
 262.500000 -0.623290 -0.572306
 262.750000 -0.832716 -0.330918
 263.000000 -1.173982 -0.279044
 263.250000 -1.203382 -0.122545
 263.500000 -1.010644 -0.123378
 263.750000 -1.230319 -0.327015
 264.000000 -1.115302 -0.460588
 264.250000 -0.722116 -0.711601
 264.500000 -0.480855 -1.080571
 264.750000 -0.557360 -1.353933
 265.000000 -0.588890 -1.036246
 265.250000 -0.698054 -0.643375
 265.500000 -1.104899 -0.615431
 265.750000 -0.987897 -0.466292
 266.000000 -0.928147 -0.265070
 266.250000 -1.011868 -0.473780
 266.500000 -1.065549 -0.672164
 266.750000 -0.750479 -0.718385
 267.000000 -0.545512 -0.831383
 267.250000 -0.723384 -1.120957
 267.500000 -0.746096 -0.805113
 267.750000 -0.860171 -0.586467
 268.000000 -1.086023 -0.641655
 268.250000 -0.808065 -0.567442
 268.500000 -0.798453 -0.792110
 268.750000 -0.652543 -1.122738
 269.000000 -0.428329 -1.274758
 269.250000 -0.669267 -1.093302
 269.500000 -0.837987 -0.719604
 269.750000 -0.889498 -0.454181
 270.000000 -0.904050 -0.671522
 270.250000 -0.778764 -0.856444
 270.500000 -0.627169 -1.208093
 270.750000 -0.394728 -1.206777
 271.000000 -0.766157 -1.092468
 271.250000 -0.706106 -0.731672
 271.500000 -0.574406 -0.673975
 271.750000 -0.803720 -1.003842
 272.000000 -0.582909 -1.084782
 272.250000 -0.425031 -1.080178
 272.500000 -0.667218 -1.210292
 272.750000 -0.589975 -1.389090
 273.000000 -0.477819 -1.045767
 273.250000 -0.757763 -0.632191
 273.500000 -1.204450 -0.512927
 273.750000 -1.184701 -0.277224
 274.000000 -1.008259 -0.160342
 274.250000 -1.233419 -0.312904
 274.500000 -1.092542 -0.508166
 274.750000 -0.617259 -0.781132
 275.000000 -0.390392 -1.303819
 275.250000 -0.745769 -1.485596
 275.500000 -0.793933 -0.929886
 275.750000 -0.622853 -0.261343
 276.000000 -0.900453 -0.053594
 276.250000 -1.393454 -0.347992
 276.500000 -1.437635 -0.293244
 276.750000 -1.018391 0.105931
 277.000000 -0.812289 -0.051500
 277.250000 -1.003995 -0.698730
 277.500000 -0.926407 -1.118308
 277.750000 -0.332172 -1.212700
 278.000000 -0.072600 -1.047617
 278.250000 -0.578824 -0.941440
 278.500000 -1.109266 -0.914216
 278.750000 -0.891252 -0.631114
 279.000000 -0.539021 -0.352760
 279.250000 -0.752725 -0.496936
 279.500000 -1.169764 -0.869172
 279.750000 -0.924455 -0.877745
 280.000000 -0.276057 -0.865424
 280.250000 -0.110493 -1.207606
 280.500000 -0.469490 -1.552464
 280.750000 -0.850018 -1.226773
 281.000000 -0.685918 -0.436719
 281.250000 -0.595265 -0.132760
 281.500000 -1.034192 -0.328283
 281.750000 -1.257498 -0.762422
 282.000000 -0.945083 -0.933451
 282.250000 -0.281500 -0.958243
 282.500000 -0.155388 -1.120659
 282.750000 -0.654918 -1.232786
 283.000000 -0.968261 -1.084943
 283.250000 -0.954336 -0.618631
 283.500000 -0.950246 -0.181623
 283.750000 -1.069616 -0.412645
 284.000000 -0.989848 -0.855727
 284.250000 -0.523849 -1.109894
 284.500000 -0.265171 -1.347479
 284.750000 -0.345428 -1.458202
 285.000000 -0.664604 -1.061397
 285.250000 -0.876725 -0.425641
 285.500000 -1.288513 -0.041593
 285.750000 -1.472104 -0.041773
 286.000000 -1.101287 -0.164287
 286.250000 -0.756438 -0.556964
 286.500000 -0.637673 -1.255937
 286.750000 -0.382045 -1.637104
 287.000000 -0.376630 -1.160066
 287.250000 -0.784693 -0.555246
 287.500000 -1.326298 -0.405179
 287.750000 -1.013860 -0.136943
 288.000000 -0.747901 -0.129389
 288.250000 -0.683080 -0.565671
 288.500000 -0.717307 -1.241887
 288.750000 -0.513980 -1.515508
 289.000000 -0.209846 -1.336158
 289.250000 -0.047887 -1.142444
 289.500000 -0.456526 -0.931571
 289.750000 -1.095356 -0.934200
 290.000000 -0.972458 -0.708008
 290.250000 -0.492775 -0.364379
 290.500000 -0.613275 -0.420253
 290.750000 -1.153085 -0.721370
 291.000000 -1.256419 -0.543273
 291.250000 -0.832594 -0.290251
 291.500000 -0.574459 -0.478365
 291.750000 -0.708821 -1.047594
 292.000000 -0.890233 -1.376658
 292.250000 -0.551274 -1.058018
 292.500000 -0.368029 -0.555839
 292.750000 -0.816411 -0.361882
 293.000000 -1.379892 -0.538388
 293.250000 -1.034824 -0.543221
 293.500000 -0.442076 -0.731433
 293.750000 -0.379740 -1.357335
 294.000000 -0.632786 -1.577319
 294.250000 -0.518463 -0.947683
 294.500000 -0.215197 -0.542837
 294.750000 -0.294577 -0.809034
 295.000000 -0.948463 -1.144095
 295.250000 -0.982005 -1.016571
 295.500000 -0.475287 -0.351907
 295.750000 -0.518124 -0.161599
 296.000000 -1.225403 -0.496953
 296.250000 -1.292277 -0.638747
 296.500000 -0.498912 -0.459717
 296.750000 -0.097768 -0.705340
 297.000000 -0.451695 -1.324853
 297.250000 -1.020225 -1.322509
 297.500000 -0.803449 -0.587273
 297.750000 -0.520998 -0.012707
 298.000000 -0.913198 -0.202543
 298.250000 -1.348922 -0.859770
 298.500000 -0.756814 -0.888672
 298.750000 0.025160 -0.889429
 299.000000 0.010197 -1.168936
 299.250000 -0.607202 -1.410014
 299.500000 -1.017394 -1.081548
 299.750000 -0.957038 -0.328731
 300.000000 -1.155410 0.126766
 300.250000 -1.529177 0.120980
 300.500000 -1.370519 -0.184079
 300.750000 -0.768923 -0.479610
 301.000000 -0.349566 -0.926653
 301.250000 -0.652718 -1.436156
 301.500000 -0.882489 -1.237176
 301.750000 -0.516326 -0.620413
 302.000000 -0.769749 -0.219399
 302.250000 -1.401729 -0.260135
 302.500000 -1.502683 -0.177019
 302.750000 -0.896891 -0.049329
 303.000000 -0.588643 -0.372863
 303.250000 -0.678183 -1.193667
 303.500000 -0.487526 -1.683505
 303.750000 -0.309554 -1.125529
 304.000000 -0.542484 -0.433936
 304.250000 -1.204300 -0.271094
 304.500000 -1.539309 -0.244689
 304.750000 -1.034314 -0.167777
 305.000000 -0.631574 -0.264528
 305.250000 -0.625552 -0.865585
 305.500000 -0.592650 -1.507248
 305.750000 -0.351124 -1.413517
 306.000000 -0.346617 -0.846056
 306.250000 -0.946274 -0.579626
 306.500000 -1.436042 -0.541712
 306.750000 -0.970747 -0.409223
 307.000000 -0.406605 -0.491101
 307.250000 -0.423285 -0.959184
 307.500000 -0.696009 -1.516182
 307.750000 -0.511248 -1.389599
 308.000000 -0.458732 -0.674332
 308.250000 -0.983115 -0.271420
 308.500000 -1.469371 -0.183719
 308.750000 -1.061501 -0.092571
 309.000000 -0.659662 -0.247652
 309.250000 -0.599640 -0.837289
 309.500000 -0.548153 -1.520815
 309.750000 -0.432102 -1.468415
 310.000000 -0.651433 -0.831755
 310.250000 -1.156226 -0.232444
 310.500000 -1.352251 0.243815
 310.750000 -1.275706 0.199520
 311.000000 -1.148700 -0.324273
 311.250000 -0.809293 -0.913711
 311.500000 -0.372154 -1.432362
 311.750000 -0.430630 -1.457604
 312.000000 -0.645900 -0.799708
 312.250000 -0.898574 -0.204171
 312.500000 -1.363679 -0.061546
 312.750000 -1.532644 -0.000919
 313.000000 -1.127741 -0.052897
 313.250000 -0.785704 -0.449044
 313.500000 -0.710567 -1.123879
 313.750000 -0.514699 -1.562038
 314.000000 -0.199728 -1.281361
 314.250000 -0.148557 -0.850259
 314.500000 -0.590831 -0.577360
 314.750000 -1.327736 -0.605016
 315.000000 -1.311205 -0.391754
 315.250000 -0.633637 -0.212111
 315.500000 -0.486425 -0.364550
 315.750000 -0.941933 -0.884014
 316.000000 -1.002199 -1.201512
 316.250000 -0.402918 -0.931256
 316.500000 -0.182865 -0.584965
 316.750000 -0.535876 -0.762395
 317.000000 -0.925520 -1.355119
 317.250000 -0.497200 -1.332036
 317.500000 -0.380305 -0.789470
 317.750000 -0.921770 -0.639285
 318.000000 -1.355715 -0.511851
 318.250000 -0.959033 -0.471805
 318.500000 -0.403602 -0.542386
 318.750000 -0.336184 -0.811458
 319.000000 -0.833212 -1.107975
 319.250000 -0.746632 -1.217288
 319.500000 -0.334541 -1.186153
 319.750000 -0.282344 -1.005277
 320.000000 -0.698975 -0.938757
 320.250000 -1.094691 -0.912947
 320.500000 -0.955155 -0.510159
 320.750000 -0.850219 -0.136333
 321.000000 -0.844184 -0.266392
 321.250000 -0.970563 -0.731782
 321.500000 -1.015510 -0.957201
 321.750000 -0.659204 -0.875924
 322.000000 -0.379467 -0.760832
 322.250000 -0.600177 -1.009740
 322.500000 -0.862135 -1.129466
 322.750000 -0.554219 -1.105030
 323.000000 -0.246212 -0.936798
 323.250000 -0.285660 -1.071182
 323.500000 -0.701320 -0.785090
 323.750000 -1.032061 -0.431894
 324.000000 -0.971480 -0.236300
 324.250000 -0.957228 -0.607566
 324.500000 -0.919297 -0.919162
 324.750000 -0.614639 -0.978468
 325.000000 -0.349480 -0.936516
 325.250000 -0.674946 -1.037582
 325.500000 -0.828608 -0.819171
 325.750000 -0.610631 -0.640831
 326.000000 -0.627185 -0.912097
 326.250000 -0.558327 -1.236738
 326.500000 -0.517483 -1.282116
 326.750000 -0.593825 -0.940521
 327.000000 -0.627847 -0.638503
 327.250000 -0.900207 -0.789847
 327.500000 -0.962971 -1.034483
 327.750000 -0.955353 -0.753584
 328.000000 -0.961796 -0.273365
 328.250000 -1.248188 -0.219377
 328.500000 -1.339677 -0.219166
 328.750000 -1.049779 -0.124923
 329.000000 -1.073614 -0.139269
 329.250000 -1.254037 -0.198088
 329.500000 -1.337439 -0.157068
 329.750000 -1.282237 -0.233135
 330.000000 -1.308335 -0.234192
 330.250000 -1.331081 -0.128341
 330.500000 -1.090390 -0.074785
 330.750000 -1.041905 -0.450242
 331.000000 -1.001452 -0.932897
 331.250000 -0.754004 -1.061699
 331.500000 -0.336023 -0.802710
 331.750000 -0.576565 -0.693359
 332.000000 -1.022944 -0.923165
 332.250000 -0.900825 -0.909200
 332.500000 -0.490100 -0.690636
 332.750000 -0.596041 -0.965713
 333.000000 -0.871458 -1.267674
 333.250000 -0.726384 -1.066955
 333.500000 -0.572656 -0.608079
 333.750000 -0.734072 -0.386633
 334.000000 -1.069321 -0.527220
 334.250000 -1.009772 -0.602338
 334.500000 -0.649863 -0.738624
 334.750000 -0.484028 -1.209037
 335.000000 -0.642244 -1.356365
 335.250000 -0.849300 -1.042112
 335.500000 -0.596829 -0.605146
 335.750000 -0.627975 -0.462883
 336.000000 -0.968886 -0.514642
 336.250000 -1.032488 -0.819875
 336.500000 -0.614621 -0.905251
 336.750000 -0.199305 -1.063118
 337.000000 -0.439298 -0.943220
 337.250000 -0.983240 -0.986061
 337.500000 -1.013590 -0.627750
 337.750000 -0.819983 -0.201806
 338.000000 -0.919296 -0.236017
 338.250000 -1.044055 -0.665303
 338.500000 -0.995821 -0.952721
 338.750000 -0.593754 -0.831041
 339.000000 -0.313190 -0.741698
 339.250000 -0.428078 -0.762065
 339.500000 -0.617946 -1.209187
 339.750000 -0.550454 -1.460401
 340.000000 -0.573704 -1.112540
 340.250000 -0.610635 -0.628616
 340.500000 -1.035366 -0.575871
 340.750000 -1.165627 -0.525712
 341.000000 -0.865216 -0.285111
 341.250000 -0.963561 -0.384659
 341.500000 -1.215333 -0.515391
 341.750000 -0.938120 -0.404372
 342.000000 -0.889351 -0.265273
 342.250000 -1.096725 -0.511514
 342.500000 -0.998249 -0.789867
 342.750000 -0.817859 -0.924639
 343.000000 -0.354189 -0.966320
 343.250000 -0.232737 -1.067782
 343.500000 -0.578762 -0.874449
 343.750000 -0.968462 -0.656486
 344.000000 -1.025720 -0.265081
 344.250000 -0.952999 -0.430005
 344.500000 -0.995524 -0.763502
 344.750000 -1.011992 -0.916224
 345.000000 -0.886080 -0.902887
 345.250000 -0.511468 -0.654348
 345.500000 -0.867123 -0.643425
 345.750000 -1.225455 -0.605229
 346.000000 -0.959223 -0.335874
 346.250000 -0.664318 -0.317295
 346.500000 -0.662154 -0.818084
 346.750000 -0.762643 -1.254614
 347.000000 -0.801388 -1.112913
 347.250000 -0.686342 -0.698230
 347.500000 -0.773459 -0.536129
 347.750000 -1.098068 -0.606919
 348.000000 -0.968386 -0.600888
 348.250000 -0.893899 -0.547612
 348.500000 -1.019075 -0.589034
 348.750000 -0.866580 -0.566281
 349.000000 -0.676735 -0.870825
 349.250000 -0.385653 -0.970213
 349.500000 -0.541820 -0.975244
 349.750000 -0.861333 -0.864763
 350.000000 -0.746525 -0.743621
 350.250000 -0.546191 -0.662228
 350.500000 -0.895876 -0.751701
 350.750000 -1.079841 -0.740528
 351.000000 -0.998770 -0.487362
 351.250000 -0.972052 -0.259077
 351.500000 -1.006393 -0.600466
 351.750000 -0.826172 -0.813956
 352.000000 -0.522790 -1.114687
 352.250000 -0.543019 -1.377776
 352.500000 -0.618070 -0.938511
 352.750000 -0.611199 -0.466635
 353.000000 -0.794985 -0.444979
 353.250000 -1.079527 -0.722537
 353.500000 -0.931154 -0.769388
 353.750000 -0.548197 -0.652042
 354.000000 -0.748463 -0.728831
 354.250000 -0.962169 -0.790387
 354.500000 -0.806409 -0.636239
 354.750000 -0.547908 -0.813019
 355.000000 -0.516425 -1.288316
 355.250000 -0.652100 -1.431856
 355.500000 -0.590620 -1.009826
 355.750000 -0.344375 -0.684983
 356.000000 -0.408554 -0.744272
 356.250000 -0.625728 -1.097767
 356.500000 -0.702398 -1.322522
 356.750000 -0.492790 -1.124324
 357.000000 -0.538064 -0.879250
 357.250000 -0.747152 -0.634530
 357.500000 -1.038336 -0.576492
 357.750000 -1.152353 -0.349118
 358.000000 -1.245115 -0.330427
 358.250000 -0.990934 -0.192773
 358.500000 -1.043063 -0.479525
 358.750000 -0.854880 -0.784944
 359.000000 -0.651702 -1.141016
 359.250000 -0.443252 -1.354276
 359.500000 -0.593477 -1.154611
 359.750000 -0.864220 -0.906283
 360.000000 -0.670830 -0.598821
 360.250000 -0.604665 -0.413979
 360.500000 -0.919945 -0.529062
 360.750000 -1.083505 -0.773812
 361.000000 -0.721120 -0.817731
 361.250000 -0.349662 -1.011009
 361.500000 -0.268288 -0.990557
 361.750000 -0.225185 -1.048330
 362.000000 -0.500187 -0.919280
 362.250000 -0.852178 -0.610225
 362.500000 -1.202713 -0.367285
 362.750000 -1.073540 -0.514029
 363.000000 -0.576870 -0.840964
 363.250000 -0.210261 -1.262372
 363.500000 -0.063225 -1.251223
 363.750000 -0.487523 -1.123668
 364.000000 -0.995602 -1.048575
 364.250000 -1.022281 -0.587814
 364.500000 -0.883890 -0.152896
 364.750000 -0.812202 -0.230126
 365.000000 -1.206233 -0.585463
 365.250000 -1.253836 -0.647134
 365.500000 -0.676775 -0.413551
 365.750000 -0.355275 -0.483202
 366.000000 -0.637296 -0.907422
 366.250000 -0.896832 -1.334196
 366.500000 -0.623923 -1.130655
 366.750000 -0.387339 -0.743908
 367.000000 -0.381973 -0.802078
 367.250000 -0.645886 -1.199188
 367.500000 -0.671392 -1.463437
 367.750000 -0.417607 -1.042458
 368.000000 -0.599503 -0.619237
 368.250000 -1.219214 -0.655637
 368.500000 -1.256712 -0.475307
 368.750000 -0.655195 -0.308581
 369.000000 -0.371828 -0.694454
 369.250000 -0.622684 -1.357741
 369.500000 -0.805943 -1.446026
 369.750000 -0.397294 -0.887115
 370.000000 -0.443503 -0.406618
 370.250000 -0.980558 -0.435465
 370.500000 -1.387165 -0.563751
 370.750000 -0.814623 -0.556277
 371.000000 -0.322830 -0.491433
 371.250000 -0.447805 -0.495953
 371.500000 -1.032851 -0.681858
 371.750000 -1.305481 -0.586924
 372.000000 -0.967584 -0.237099
 372.250000 -0.557577 -0.313988
 372.500000 -0.692999 -0.916954
 372.750000 -0.856484 -1.499508
 373.000000 -0.340709 -1.273536
 373.250000 -0.124165 -0.644394
 373.500000 -0.549678 -0.448919
 373.750000 -1.307938 -0.598353
 374.000000 -1.298227 -0.462050
 374.250000 -0.510307 -0.469873
 374.500000 -0.061854 -0.783364
 374.750000 -0.252168 -1.479355
 375.000000 -0.647858 -1.545796
 375.250000 -0.809892 -0.696306
 375.500000 -1.077228 0.061104
 375.750000 -1.554760 0.221970
 376.000000 -1.525067 -0.050031
 376.250000 -0.815794 -0.352141
 376.500000 -0.344483 -0.937060
 376.750000 -0.437477 -1.629740
 377.000000 -0.627467 -1.396442
 377.250000 -0.437543 -0.673882
 377.500000 -0.330697 -0.356193
 377.750000 -0.865306 -0.476696
 378.000000 -1.250547 -0.731230
 378.250000 -1.170166 -0.599038
 378.500000 -0.850043 -0.242172
 378.750000 -0.861660 -0.228994
 379.000000 -1.072774 -0.612202
 379.250000 -0.943695 -0.887469
 379.500000 -0.506641 -1.107263
 379.750000 -0.480660 -1.285910
 380.000000 -0.763206 -0.928014
 380.250000 -0.981891 -0.327229
 380.500000 -1.274533 -0.031767
 380.750000 -1.343366 -0.016524
 381.000000 -1.031655 -0.137696
 381.250000 -0.906962 -0.668271
 381.500000 -0.646705 -1.076270
 381.750000 -0.450447 -1.389908
 382.000000 -0.581006 -1.277290
 382.250000 -0.803788 -0.850065
 382.500000 -0.864342 -0.479182
 382.750000 -1.122616 -0.201981
 383.000000 -1.200212 -0.012061
 383.250000 -1.121236 -0.140407
 383.500000 -0.934839 -0.475537
 383.750000 -0.711415 -0.867325
 384.000000 -0.309882 -1.006188
 384.250000 -0.234662 -0.980923
 384.500000 -0.447008 -1.052860
 384.750000 -0.592252 -0.816857
 385.000000 -0.654960 -0.695650
 385.250000 -0.628284 -0.978318
 385.500000 -0.447087 -1.199202
 385.750000 -0.594124 -1.207174
 386.000000 -0.543024 -1.093883
 386.250000 -0.480471 -1.246475
 386.500000 -0.553183 -1.086977
 386.750000 -0.540220 -1.264594
 387.000000 -0.581940 -1.164232
 387.250000 -0.466395 -1.214070
 387.500000 -0.556730 -1.137205
 387.750000 -0.620268 -1.208782
 388.000000 -0.443434 -1.195097
 388.250000 -0.592414 -1.202199
 388.500000 -0.498475 -1.216275
 388.750000 -0.512162 -1.157733
 389.000000 -0.610911 -1.269592
 389.250000 -0.511984 -1.121099
 389.500000 -0.388517 -1.023766
 389.750000 -0.583175 -0.797597
 390.000000 -0.975684 -0.547610
 390.250000 -1.005875 -0.342427
 390.500000 -0.752256 -0.368529
 390.750000 -0.590807 -0.543904
 391.000000 -0.628431 -0.582649
 391.250000 -0.609748 -0.884372
 391.500000 -0.427082 -1.235365
 391.750000 -0.686727 -1.329852
 392.000000 -0.842383 -1.021537
 392.250000 -0.594663 -0.657960
 392.500000 -0.660524 -0.553062
 392.750000 -0.865110 -0.283562
 393.000000 -1.260180 -0.294193
 393.250000 -1.290469 -0.212951
 393.500000 -1.073915 0.050138
 393.750000 -1.113877 -0.085584
 394.000000 -1.218113 -0.532845
 394.250000 -0.697378 -0.837906
 394.500000 -0.159669 -1.102253
 394.750000 -0.158747 -1.284103
 395.000000 -0.585432 -1.162118
 395.250000 -1.099762 -0.736128
 395.500000 -1.100272 -0.149910
 395.750000 -1.080960 0.057529
 396.000000 -1.163925 -0.310679
 396.250000 -1.012086 -0.763064
 396.500000 -0.557470 -1.109343
 396.750000 -0.224346 -1.428283
 397.000000 -0.324092 -1.378301
 397.250000 -0.768447 -1.194846
 397.500000 -1.104070 -0.977071
 397.750000 -0.964496 -0.363180
 398.000000 -1.040991 0.119990
 398.250000 -1.343628 0.153995
 398.500000 -1.510811 -0.139345
 398.750000 -1.058320 -0.281675
 399.000000 -0.483158 -0.563039
 399.250000 -0.329967 -1.104399
 399.500000 -0.570050 -1.609535
 399.750000 -0.562153 -1.338815
 400.000000 -0.392697 -0.622772
 400.250000 -0.556710 -0.285084
 400.500000 -1.109043 -0.735037
 400.750000 -1.038622 -1.116569
 401.000000 -0.322786 -0.993640
 401.250000 0.068996 -0.859551
 401.500000 -0.424117 -1.058227
 401.750000 -1.108019 -1.291271
 402.000000 -0.824387 -0.840635
 402.250000 -0.245054 -0.282262
 402.500000 -0.283317 -0.482253
 402.750000 -0.797550 -1.304367
 403.000000 -0.782745 -1.508051
 403.250000 -0.201057 -0.747849
 403.500000 -0.086827 -0.313400
 403.750000 -0.773519 -0.614644
 404.000000 -1.393109 -1.014270
 404.250000 -0.673479 -0.588902
 404.500000 0.040019 -0.366679
 404.750000 -0.117882 -0.922845
 405.000000 -0.902718 -1.553236
 405.250000 -0.871704 -1.046471
 405.500000 -0.338002 -0.217084
 405.750000 -0.524405 -0.004222
 406.000000 -1.260035 -0.570707
 406.250000 -1.174761 -0.876566
 406.500000 -0.242330 -0.721192
 406.750000 0.230203 -0.857927
 407.000000 -0.203451 -1.354753
 407.250000 -0.877500 -1.616392
 407.500000 -0.702097 -0.817462
 407.750000 -0.294254 -0.086681
 408.000000 -0.723711 -0.189282
 408.250000 -1.447873 -0.718715
 408.500000 -0.912490 -0.698145
 408.750000 -0.041143 -0.535982
 409.000000 0.040470 -0.933276
 409.250000 -0.528256 -1.647257
 409.500000 -0.808646 -1.380825
 409.750000 -0.747324 -0.360216
 410.000000 -1.068719 0.277622
 410.250000 -1.659741 0.131869
 410.500000 -1.302966 -0.275145
 410.750000 -0.385916 -0.563305
 411.000000 0.073976 -0.969648
 411.250000 -0.295599 -1.494214
 411.500000 -0.915706 -1.398414
 411.750000 -0.968340 -0.596324
 412.000000 -0.903738 0.172883
 412.250000 -1.194695 0.166279
 412.500000 -1.448861 -0.392367
 412.750000 -1.020481 -0.735970
 413.000000 -0.200879 -0.956864
 413.250000 0.079885 -1.358799
 413.500000 -0.407736 -1.344687
 413.750000 -1.045706 -1.124222
 414.000000 -0.943542 -0.641234
 414.250000 -0.655438 -0.170537
 414.500000 -0.864660 -0.170833
 414.750000 -1.161019 -0.679626
 415.000000 -0.699307 -1.103960
 415.250000 -0.126383 -1.293805
 415.500000 -0.002586 -1.159286
 415.750000 -0.516495 -0.870712
 416.000000 -1.208318 -0.691378
 416.250000 -1.220362 -0.313682
 416.500000 -0.814821 0.078527
 416.750000 -0.860208 -0.097570
 417.000000 -1.128041 -0.748282
 417.250000 -0.785602 -1.132115
 417.500000 -0.193732 -1.222959
 417.750000 -0.035106 -1.238419
 418.000000 -0.392582 -1.213445
 418.250000 -0.897770 -0.989961
 418.500000 -0.929788 -0.505921
 418.750000 -0.852980 -0.095061
 419.000000 -0.835025 -0.170910
 419.250000 -1.067815 -0.567457
 419.500000 -0.973326 -0.794529
 419.750000 -0.490128 -0.917484
 420.000000 -0.226790 -1.115158
 420.250000 -0.560706 -0.817059
 420.500000 -1.075590 -0.509401
 420.750000 -1.227896 -0.249620
 421.000000 -0.951394 -0.067725
 421.250000 -1.227159 -0.340200
 421.500000 -1.025827 -0.459060
 421.750000 -0.505987 -0.529296
 422.000000 -0.511753 -0.501694
 422.250000 -1.007288 -0.607877
 422.500000 -1.234298 -0.674904
 422.750000 -0.968774 -0.306169
 423.000000 -0.681382 -0.196738
 423.250000 -0.938194 -0.257632
 423.500000 -1.137453 -0.730131
 423.750000 -0.553133 -0.899087
 424.000000 -0.062235 -1.082095
 424.250000 -0.068254 -1.106088
 424.500000 -0.541401 -0.903627
 424.750000 -1.070502 -0.777354
 425.000000 -0.965235 -0.482548
 425.250000 -0.864888 -0.171316
 425.500000 -0.881568 -0.417719
 425.750000 -0.842543 -0.879748
 426.000000 -0.500138 -1.311849
 426.250000 -0.348934 -1.489696
 426.500000 -0.489944 -1.322403
 426.750000 -0.804997 -0.898372
 427.000000 -0.902917 -0.400251
 427.250000 -1.140623 -0.200585
 427.500000 -1.066070 -0.259061
 427.750000 -0.759449 -0.458108
 428.000000 -0.492846 -0.492603
 428.250000 -0.694303 -0.703942
 428.500000 -0.823527 -1.111264
 428.750000 -0.415477 -1.303432
 429.000000 -0.379340 -1.073945
 429.250000 -0.718944 -0.663721
 429.500000 -1.184718 -0.551673
 429.750000 -1.113057 -0.370507
 430.000000 -0.757916 -0.417701
 430.250000 -0.541629 -0.556636
 430.500000 -0.683683 -1.120553
 430.750000 -0.490042 -1.493743
 431.000000 -0.321101 -1.372156
 431.250000 -0.494253 -0.900665
 431.500000 -0.984152 -0.554624
 431.750000 -1.319637 -0.477731
 432.000000 -0.941116 -0.429820
 432.250000 -0.866050 -0.207449
 432.500000 -1.044323 -0.490383
 432.750000 -1.215146 -0.456388
 433.000000 -0.884713 -0.416598
 433.250000 -0.673466 -0.380780
 433.500000 -0.525294 -0.780095
 433.750000 -0.510549 -1.304945
 434.000000 -0.425199 -1.316329
 434.250000 -0.617951 -0.815377
 434.500000 -0.626126 -0.356326
 434.750000 -0.747568 -0.507300
 435.000000 -0.812291 -0.989760
 435.250000 -0.719295 -1.345388
 435.500000 -0.398062 -1.254105
 435.750000 -0.629220 -0.839522
 436.000000 -0.957430 -0.547897
 436.250000 -1.089731 -0.712432
 436.500000 -0.714031 -0.885375
 436.750000 -0.450530 -1.256311
 437.000000 -0.504142 -1.388100
 437.250000 -0.712906 -0.970850
 437.500000 -1.022129 -0.553984
 437.750000 -1.172705 -0.068367
 438.000000 -1.257342 0.082405
 438.250000 -1.323661 -0.281265
 438.500000 -0.971172 -0.595672
 438.750000 -0.443180 -0.825773
 439.000000 -0.305478 -1.198538
 439.250000 -0.732562 -1.234040
 439.500000 -0.929690 -1.121618
 439.750000 -0.515703 -0.939942
 440.000000 -0.404457 -0.701695
 440.250000 -0.627382 -1.046848
 440.500000 -0.820377 -1.395459
 440.750000 -0.615835 -1.340577
 441.000000 -0.303268 -0.888607
 441.250000 -0.424338 -0.618320
 441.500000 -0.787908 -0.400630
 441.750000 -1.303807 -0.151986
 442.000000 -1.504983 0.077751
 442.250000 -1.207320 0.117608
 442.500000 -0.984002 -0.364286
 442.750000 -0.767165 -1.062264
 443.000000 -0.233581 -1.435790
 443.250000 -0.173376 -1.358434
 443.500000 -0.610907 -0.812725
 443.750000 -1.209363 -0.346621
 444.000000 -1.477572 0.048119
 444.250000 -1.265756 0.293562
 444.500000 -1.141488 -0.125981
 444.750000 -0.975553 -0.762214
 445.000000 -0.650270 -1.323283
 445.250000 -0.127761 -1.473366
 445.500000 -0.150704 -1.011920
 445.750000 -0.553574 -0.648352
 446.000000 -1.186377 -0.660204
 446.250000 -1.292735 -0.509613
 446.500000 -0.758782 -0.330431
 446.750000 -0.508566 -0.614243
 447.000000 -0.940636 -1.017170
 447.250000 -0.977210 -0.893329
 447.500000 -0.400364 -0.763024
 447.750000 -0.043691 -0.782320
 448.000000 -0.312880 -1.087579
 448.250000 -0.951985 -1.223580
 448.500000 -0.968045 -0.867115
 448.750000 -0.807260 -0.275285
 449.000000 -1.112413 0.055379
 449.250000 -1.540709 -0.073296
 449.500000 -1.434966 -0.037489
 449.750000 -0.935808 -0.012936
 450.000000 -0.607051 -0.440726
 450.250000 -0.505648 -1.200009
 450.500000 -0.313041 -1.662876
 450.750000 -0.440730 -1.214678
 451.000000 -0.719324 -0.506775
 451.250000 -1.020041 -0.060571
 451.500000 -1.461585 -0.040438
 451.750000 -1.412347 -0.028115
 452.000000 -0.944278 -0.098880
 452.250000 -0.704735 -0.558618
 452.500000 -0.508831 -1.208552
 452.750000 -0.328175 -1.639007
 453.000000 -0.497516 -1.215580
 453.250000 -0.617651 -0.529956
 453.500000 -0.834842 -0.100335
 453.750000 -1.359990 -0.078087
 454.000000 -1.484159 -0.230053
 454.250000 -0.923947 -0.327282
 454.500000 -0.443320 -0.584613
 454.750000 -0.247120 -1.008504
 455.000000 -0.510443 -1.422174
 455.250000 -1.004790 -1.233503
 455.500000 -0.935128 -0.556374
 455.750000 -0.827431 -0.054452
 456.000000 -1.040981 -0.072408
 456.250000 -1.292863 -0.395878
 456.500000 -0.819012 -0.649871
 456.750000 -0.271734 -1.091115
 457.000000 -0.154876 -1.480648
 457.250000 -0.464153 -1.360896
 457.500000 -0.846936 -0.827888
 457.750000 -0.918566 -0.158590
 458.000000 -1.085237 0.138079
 458.250000 -1.383191 -0.139802
 458.500000 -1.165021 -0.519247
 458.750000 -0.489081 -0.810338
 459.000000 -0.242402 -1.334320
 459.250000 -0.505116 -1.608522
 459.500000 -0.675515 -1.009598
 459.750000 -0.679308 -0.371920
 460.000000 -0.887532 -0.061461
 460.250000 -1.469808 -0.179999
 460.500000 -1.401053 -0.370713
 460.750000 -0.814051 -0.013881
 461.000000 -0.605238 -0.124056
 461.250000 -0.959908 -0.825250
 461.500000 -0.964719 -1.348700
 461.750000 -0.238265 -1.142354
 462.000000 -0.040531 -0.662558
 462.250000 -0.554747 -0.691540
 462.500000 -1.165648 -1.125768
 462.750000 -0.778733 -1.118700
 463.000000 -0.170043 -0.653705
 463.250000 -0.276954 -0.521641
 463.500000 -0.712000 -1.157226
 463.750000 -0.918312 -1.464362
 464.000000 -0.519029 -0.768193
 464.250000 -0.485549 -0.162705
 464.500000 -1.152077 -0.136727
 464.750000 -1.618185 -0.283924
 465.000000 -0.980857 -0.136774
 465.250000 -0.442103 -0.241390
 465.500000 -0.615929 -0.906423
 465.750000 -0.986571 -1.511710
 466.000000 -0.523427 -1.049431
 466.250000 -0.197376 -0.428367
 466.500000 -0.483313 -0.490347
 466.750000 -1.013183 -1.129893
 467.000000 -0.827340 -1.310980
 467.250000 -0.091797 -0.940129
 467.500000 -0.069423 -0.666057
 467.750000 -0.683253 -0.840846
 468.000000 -1.133740 -0.973016
 468.250000 -0.936907 -0.542727
 468.500000 -0.544703 -0.378349
 468.750000 -0.699638 -0.492655
 469.000000 -1.115146 -0.735427
 469.250000 -0.875015 -0.765344
 469.500000 -0.538691 -0.635734
 469.750000 -0.781329 -0.861651
 470.000000 -0.743186 -1.100877
 470.250000 -0.335582 -1.184794
 470.500000 -0.546636 -1.167460
 470.750000 -0.855637 -0.939702
 471.000000 -0.706553 -0.562440
 471.250000 -0.645491 -0.353964
 471.500000 -0.724440 -0.549082
 471.750000 -0.869887 -0.889720
 472.000000 -0.522274 -1.080816
 472.250000 -0.251354 -0.978028
 472.500000 -0.290567 -1.046520
 472.750000 -0.670898 -0.804870
 473.000000 -0.996697 -0.490387
 473.250000 -1.115874 -0.124226
 473.500000 -1.133898 0.002958
 473.750000 -1.154997 -0.306789
 474.000000 -0.970295 -0.511928
 474.250000 -0.715080 -0.845549
 474.500000 -0.755740 -1.194715
 474.750000 -0.805613 -1.186975
 475.000000 -0.774424 -0.799243
 475.250000 -0.981987 -0.368754
 475.500000 -1.197326 -0.050906
 475.750000 -1.269316 -0.057896
 476.000000 -1.038345 -0.209188
 476.250000 -0.874537 -0.545142
 476.500000 -0.724666 -1.070150
 476.750000 -0.490373 -1.328807
 477.000000 -0.529294 -1.184038
 477.250000 -0.796867 -0.941800
 477.500000 -0.796951 -0.599322
 477.750000 -1.037999 -0.450457
 478.000000 -1.248913 -0.384093
 478.250000 -1.046836 -0.546172
 478.500000 -0.725931 -0.747599
 478.750000 -0.453295 -0.951922
 479.000000 -0.513068 -1.337174
 479.250000 -0.629404 -1.238980
 479.500000 -0.462405 -0.846730
 479.750000 -0.528174 -0.895937
 480.000000 -0.672676 -1.233530
 480.250000 -0.414008 -1.293201
 480.500000 -0.595255 -0.943977
 480.750000 -0.583218 -0.549880
 481.000000 -0.564739 -0.551652
 481.250000 -0.601193 -0.983324
 481.500000 -0.380720 -1.308011
 481.750000 -0.714682 -1.238775
 482.000000 -0.968894 -1.059334
 482.250000 -1.018585 -0.649722
 482.500000 -1.087040 -0.305989
 482.750000 -0.872307 -0.320067
 483.000000 -0.907130 -0.722923
 483.250000 -0.925551 -1.057759
 483.500000 -0.568887 -0.998710
 483.750000 -0.413171 -0.814172
 484.000000 -0.804397 -1.123633
 484.250000 -0.764451 -1.250466
 484.500000 -0.375182 -1.242258
 484.750000 -0.439440 -1.004739
 485.000000 -0.764809 -0.640554
 485.250000 -1.173042 -0.639346
 485.500000 -0.831151 -0.608280
 485.750000 -0.543387 -0.909703
 486.000000 -0.226546 -1.058108
 486.250000 -0.193770 -0.855210
 486.500000 -0.317728 -1.098665
 486.750000 -0.714503 -1.251683
 487.000000 -0.832435 -1.144552
 487.250000 -0.486445 -0.842949
 487.500000 -0.410420 -0.981424
 487.750000 -0.892520 -1.063769
 488.000000 -1.049149 -0.695102
 488.250000 -1.245598 -0.337018
 488.500000 -1.229183 -0.082866
 488.750000 -1.043512 0.051073
 489.000000 -1.206233 -0.313052
 489.250000 -1.067017 -0.558886
 489.500000 -0.492724 -0.813049
 489.750000 -0.243176 -1.239808
 490.000000 -0.458110 -1.560143
 490.250000 -0.614543 -1.257412
 490.500000 -0.490166 -0.634992
 490.750000 -0.916676 -0.290867
 491.000000 -1.369808 -0.098177
 491.250000 -1.430482 0.032054
 491.500000 -1.090143 -0.108501
 491.750000 -0.862906 -0.599220
 492.000000 -0.679559 -1.172916
 492.250000 -0.306310 -1.462745
 492.500000 -0.295425 -1.370815
 492.750000 -0.619847 -0.993596
 493.000000 -1.006754 -0.620134
 493.250000 -1.265336 -0.322622
 493.500000 -1.192911 -0.064632
 493.750000 -1.070985 -0.020806
 494.000000 -1.174145 -0.294969
 494.250000 -1.243401 -0.301033
 494.500000 -1.097915 -0.135516
 494.750000 -1.134425 -0.021632
 495.000000 -1.201066 -0.209784
 495.250000 -0.837266 -0.361897
 495.500000 -0.537342 -0.561399
 495.750000 -0.752883 -0.889187
 496.000000 -1.035193 -0.924006
 496.250000 -1.085767 -0.547582
 496.500000 -1.257528 -0.302571
 496.750000 -1.026730 -0.189609
 497.000000 -1.194334 -0.232169
 497.250000 -1.197588 -0.471751
 497.500000 -0.809784 -0.730703
 497.750000 -0.370144 -0.890251
 498.000000 -0.531967 -1.323288
 498.250000 -0.677836 -1.349743
 498.500000 -0.475322 -1.103888
 498.750000 -0.183563 -0.908200
 499.000000 -0.260973 -1.007994
 499.250000 -0.823884 -0.972996
 499.500000 -1.137789 -0.785714
 499.750000 -0.740549 -0.500826
 500.000000 -0.558335 -0.449642
