#! FIELDS time p.x p.y sigma_p.x sigma_p.y height biasf
#! SET multivariate false
#! SET kerneltype gaussian
                    2.5     -1.203309836715799      1.712795737294109                    0.1                    0.1     0.5555555555555556                     10
                      5   -0.07570167308513029     -1.215459481595073                    0.1                    0.1     0.5555555555555556                     10
                    7.5      -2.03680040370129      1.535788941578896                    0.1                    0.1     0.5555555555555556                     10
                     10     -1.699779042283377      1.443239820472162                    0.1                    0.1     0.5554867079950426                     10
                   12.5    -0.3887711021464083      0.069701899036202                    0.1                    0.1     0.5555555555555556                     10
                     15    -0.3414853790538699     -1.168733435344221                    0.1                    0.1     0.5547450457278408                     10
                   17.5     -2.222370214492915      1.400798139201195                    0.1                    0.1     0.5533368271196508                     10
                     20      0.137406962958101      2.037374228264018                    0.1                    0.1     0.5555555555555556                     10
                   22.5      1.583936863709438    -0.1171196959043223                    0.1                    0.1     0.5555555555555556                     10
                     25     0.8143343207824654      1.520329292120145                    0.1                    0.1     0.5555555555555556                     10
                   27.5     0.3465436288466239     0.3476903059148553                    0.1                    0.1     0.5555555555555556                     10
                     30   -0.02284232542273163      1.083240765509367                    0.1                    0.1     0.5555555555555556                     10
                   32.5      0.474276197538671    -0.2852627361702043                    0.1                    0.1     0.5555555555555556                     10
                     35     0.2743515330461829     0.1751451452464038                    0.1                    0.1     0.5502014584897501                     10
                   37.5     0.1994218400291375     0.0951228848729324                    0.1                    0.1     0.5385899749294056                     10
                     40    -0.4694334121439866   -0.07778188199186624                    0.1                    0.1     0.5480757558687406                     10
                   42.5       1.43188064265454    -0.5834057940316698                    0.1                    0.1     0.5555555555555556                     10
                     45      1.519733302949706     -1.353865508551616                    0.1                    0.1     0.5555555555555556                     10
                   47.5     0.1567797971975349    -0.2496001174397789                    0.1                    0.1     0.5553232027988402                     10
                     50     0.3166306420683225     -1.375437539832778                    0.1                    0.1     0.5555555555555556                     10
                   52.5    -0.1490435668461526    -0.6127759079368704                    0.1                    0.1     0.5555555555555556                     10
                     55     0.9444841486352878     0.2876269758323009                    0.1                    0.1     0.5555555555555556                     10
                   57.5     -2.450545246108274    0.08707039644684243                    0.1                    0.1     0.5555555555555556                     10
                     60      1.012600705886266      1.137631090567248                    0.1                    0.1     0.5555555555555556                     10
                   62.5      1.416934292481324    -0.3940135771300292                    0.1                    0.1     0.5503244540277992                     10
                     65      2.261425241866369    -0.7289924982600583                    0.1                    0.1     0.5555555555555556                     10
                   67.5      2.519114967768057    -0.9109387027609223                    0.1                    0.1     0.5553419715831155                     10
                     70      1.870282465332012    -0.7171944685566422                    0.1                    0.1     0.5555555555555556                     10
                   72.5    -0.3876147845380451   -0.02602929754512723                    0.1                    0.1     0.5182105077304838                     10
                     75     -1.659255908386764     0.5902950542207599                    0.1                    0.1     0.5555555555555556                     10
                   77.5     -1.962945848759085      1.151339470955769                    0.1                    0.1     0.5555531722725506                     10
                     80      -1.73570244430497     0.9800494021300155                    0.1                    0.1     0.5550163280744189                     10
                   82.5     -1.448875139342669        1.1418202869007                    0.1                    0.1     0.5554190377179377                     10
                     85      -1.27058022771243     0.6755454720024744                    0.1                    0.1     0.5555555555555556                     10
                   87.5     -2.098337907531207      1.244722039603045                    0.1                    0.1     0.5431004921382399                     10
                     90    -0.9449297037752311   -0.06054926437209949                    0.1                    0.1     0.5555555555555556                     10
                   92.5       1.29844327063362   -0.05070382984378211                    0.1                    0.1     0.5551342543824557                     10
                     95      2.360007347380933    -0.1893970209286659                    0.1                    0.1     0.5555555555555556                     10
                   97.5     -1.071471982443146     -1.143778125327956                    0.1                    0.1     0.5555555555555556                     10
                    100     -0.795028628785388     0.1888548044637275                    0.1                    0.1      0.555107205892717                     10
                  102.5     -1.263820868120972     0.3793584488781485                    0.1                    0.1     0.5551715546051122                     10
                    105     -1.466848434586758    -0.3928913742192315                    0.1                    0.1     0.5555555555555556                     10
                  107.5      -1.70840244180293    0.07479098585216844                    0.1                    0.1     0.5555555555555556                     10
                    110     -1.383540374772396     0.3200322268630603                    0.1                    0.1     0.5430373244830867                     10
                  112.5     -1.910753817768391     0.9464567663515047                    0.1                    0.1     0.5459736518923454                     10
                    115      -1.89037286747693     0.7407180926070212                    0.1                    0.1      0.550766139598337                     10
                  117.5     -2.014755445364896     0.8628783668363639                    0.1                    0.1     0.5359767840546596                     10
                    120     -2.088087065014413     0.9876944542911097                    0.1                    0.1     0.5346347090359489                     10
                  122.5     -2.213661399440749     0.8636550482890916                    0.1                    0.1     0.5449666065800893                     10
                    125     -1.168529084929438    -0.1394145151332763                    0.1                    0.1     0.5536977868737435                     10
                  127.5     0.0633644440933611      1.927662116725789                    0.1                    0.1     0.5428206227658442                     10
                    130      2.217390155007513    -0.8167317791307449                    0.1                    0.1     0.5365696915880801                     10
                  132.5     -2.389186101902913     0.4805233073813356                    0.1                    0.1     0.5555555555555556                     10
                    135    -0.5937005590104527     -1.213977378664766                    0.1                    0.1     0.5543979363382578                     10
                  137.5     -2.341120512424649      1.341708711138985                    0.1                    0.1     0.5419481996290132                     10
                    140     -1.503324050831245    -0.8044182839322174                    0.1                    0.1     0.5555555555555556                     10
                  142.5      0.423470367222627      -2.01112942440353                    0.1                    0.1     0.5555555555555556                     10
                    145    -0.7314915774417164     -1.917565704171124                    0.1                    0.1     0.5555555555555556                     10
                  147.5     -1.077045038150766     -1.012953942413867                    0.1                    0.1      0.542583665738779                     10
                    150     0.6754278215478604    0.02097275488790494                    0.1                    0.1     0.5555555555555556                     10
                  152.5     0.9104833022120079     0.4899076723931626                    0.1                    0.1     0.5517941124466755                     10
                    155     0.9588593343037278     0.2678218047793405                    0.1                    0.1     0.5241367306968897                     10
                  157.5      1.030298952636109      0.906687348609494                    0.1                    0.1     0.5534437555829669                     10
                    160       1.71834618612624      -1.59170660822988                    0.1                    0.1     0.5553012296163972                     10
                  162.5      2.076228451978657    -0.8044629394850347                    0.1                    0.1     0.5381600479390861                     10
                    165      1.229189946932436     -1.181700287211061                    0.1                    0.1      0.555452360923044                     10
                  167.5     0.3215525740497607       1.76804964330115                    0.1                    0.1     0.5551029876082402                     10
                    170      1.242857134937784     0.1998576423622419                    0.1                    0.1     0.5537550561973406                     10
                  172.5     0.6860058483892966      1.319512664646063                    0.1                    0.1     0.5537506955370912                     10
                    175    -0.2351220490044255      1.905155182945733                    0.1                    0.1     0.5552131450340716                     10
                  177.5     0.2295800595838591      1.456602520308403                    0.1                    0.1      0.555397063301746                     10
                    180      -1.13138513879542      1.613662458945619                    0.1                    0.1      0.541134061361829                     10
                  182.5    -0.9912395628210092      1.729872533797715                    0.1                    0.1     0.5466649830715949                     10
                    185     -1.268559517104198      1.725904874403354                    0.1                    0.1     0.5247409311191326                     10
                  187.5     -1.238667400623018      1.688829991224204                    0.1                    0.1     0.4911895967647745                     10
                    190    -0.9349845242021726      1.474311109025395                    0.1                    0.1     0.5528746436042076                     10
                  192.5     -1.375555192003669     0.6265425726399685                    0.1                    0.1     0.5384400594382598                     10
                    195     -1.349352650273609     0.9272716417016353                    0.1                    0.1     0.5524086830989737                     10
                  197.5     -1.337315390438127      1.178853578381076                    0.1                    0.1     0.5390186666418533                     10
                    200     -1.912139898232705     0.1937424479984205                    0.1                    0.1     0.5536452722858213                     10
                  202.5      -2.63529814232299      1.218956873479953                    0.1                    0.1      0.555367981866831                     10
                    205     -2.670005082305077      1.199601041648056                    0.1                    0.1     0.5276752442299766                     10
                  207.5    -0.9024001856377155      1.825154993830149                    0.1                    0.1     0.5422204928799115                     10
                    210    -0.2116283728225736       1.14058068004008                    0.1                    0.1     0.5511559605027166                     10
                  212.5      1.251546674456933    -0.4163178306644289                    0.1                    0.1     0.5465073647599383                     10
                    215      1.345175599113322    0.02574314654453624                    0.1                    0.1     0.5307752967648479                     10
                  217.5    -0.2840673500238725    -0.9541581589702751                    0.1                    0.1     0.5528185025202969                     10
                    220     -2.543333839626923      1.009850538403507                    0.1                    0.1     0.5511205943472088                     10
                  222.5      1.997495948960414    -0.5422142038667142                    0.1                    0.1     0.5516581009740529                     10
                    225    -0.1104065396956836     0.3357993782464263                    0.1                    0.1     0.5555555555555556                     10
                  227.5    -0.5990645076200508     -2.073176728810445                    0.1                    0.1     0.5517332718793527                     10
                    230     0.4550232423813365      2.039521195397647                    0.1                    0.1     0.5550379905979623                     10
                  232.5     -1.284065982563837      1.030389784226477                    0.1                    0.1     0.5286643408914087                     10
                    235       1.30193551584569     0.3105081770276092                    0.1                    0.1     0.5411407203143426                     10
                  237.5      2.683527592108646    -0.1988898144599706                    0.1                    0.1     0.5553912656643893                     10
                    240     -2.699977500103448     0.5924932134273586                    0.1                    0.1     0.5554235184257477                     10
                  242.5    -0.4423832149597104      1.142869669452462                    0.1                    0.1      0.553418707992706                     10
                    245    0.01855309446744703      1.871084147242816                    0.1                    0.1     0.5277959711382139                     10
                  247.5      2.504927066840911    -0.5651269690755577                    0.1                    0.1     0.5550616683660083                     10
                    250      -1.55798919177967    -0.5168469872120339                    0.1                    0.1     0.5457455170688892                     10
                  252.5     -2.008587040063271      1.194597809062921                    0.1                    0.1      0.510233912368836                     10
                    255     -1.358620287798059      1.322866777615833                    0.1                    0.1      0.541040963065591                     10
                  257.5    -0.7014257189852752     -2.252681074389103                    0.1                    0.1     0.5518276497506504                     10
                    260     -1.875043823266535   -0.03934734152395553                    0.1                    0.1     0.5496613919054681                     10
                  262.5     0.8552769948833373     0.1857413956183364                    0.1                    0.1     0.5297788688737616                     10
                    265      1.775445626132364     -1.044587838960818                    0.1                    0.1     0.5554717016951717                     10
                  267.5    -0.1104207377880081     -0.324125904403551                    0.1                    0.1     0.5544516248251962                     10
                    270    -0.7334021141774898    -0.2687051931577739                    0.1                    0.1     0.5550260669242513                     10
                  272.5     -1.382179671649347    -0.8045128747241349                    0.1                    0.1     0.5408006451027139                     10
                    275     0.5122110880498918     -1.824631257602016                    0.1                    0.1     0.5519017853001695                     10
                  277.5    -0.7171431907960457       -2.0543012793271                    0.1                    0.1     0.5251250499586173                     10
                    280    -0.3381948624998553      2.042957861751289                    0.1                    0.1     0.5485671577715122                     10
                  282.5    0.05522778373447548    0.08808442989281104                    0.1                    0.1      0.542815305672152                     10
                    285      1.739294782015101     -1.182141615808987                    0.1                    0.1     0.5437969779151387                     10
                  287.5      1.621810402299342     0.3105669222506194                    0.1                    0.1     0.5553748013069282                     10
                    290       0.60892430230077     -1.678071107872185                    0.1                    0.1     0.5490171361228127                     10
                  292.5   -0.07632345932361388      -1.32123140081019                    0.1                    0.1     0.5378755970343635                     10
                    295     0.1260593373601719     -1.920888660519496                    0.1                    0.1     0.5553085337876117                     10
                  297.5    -0.1172831647949193     -2.034922183554874                    0.1                    0.1     0.5547205255847227                     10
                    300     -1.205546662431006    -0.8574631075064081                    0.1                    0.1     0.5456710811759209                     10
                  302.5     -1.407115626522759      1.682308060600395                    0.1                    0.1     0.5349357520691951                     10
                    305      -1.37741501752599      1.671219627372768                    0.1                    0.1     0.4986566235441585                     10
                  307.5    -0.9841362880396375     0.9919169474244188                    0.1                    0.1      0.555249525690374                     10
                    310     -0.530533800217774     0.7050005735929706                    0.1                    0.1     0.5555555555555556                     10
                  312.5    -0.6074164041830725      1.395166246917156                    0.1                    0.1     0.5551229039938562                     10
                    315       1.69217951882464    -0.6669924040861093                    0.1                    0.1     0.5491390470154138                     10
                  317.5      1.222751806956043     -1.695248200153093                    0.1                    0.1     0.5555555555555556                     10
                    320      1.656998871396037     0.2914712655637898                    0.1                    0.1     0.5277297796651075                     10
                  322.5    0.09904029231309044     0.4358470104281486                    0.1                    0.1     0.5522542569932115                     10
                    325     -2.207246192894154     0.1465564901999263                    0.1                    0.1     0.5538598787204863                     10
                  327.5     -1.530874308094642     0.4771698314261843                    0.1                    0.1     0.5419685867527554                     10
                    330     0.4510353059064695      1.597594452123286                    0.1                    0.1      0.551456767205316                     10
                  332.5     -1.921062471802259      1.244694251640024                    0.1                    0.1     0.5140048832293548                     10
                    335     0.9519500624195928   -0.02962052827221806                    0.1                    0.1     0.5525461101770764                     10
                  337.5     -2.750295069581835      1.039091872757221                    0.1                    0.1     0.5432037055455956                     10
                    340     -2.163011967280269   -0.05333438257405229                    0.1                    0.1     0.5510982581374491                     10
                  342.5     -1.258141680368924     0.2000067465828876                    0.1                    0.1     0.5427581274158876                     10
                    345   0.007350469515055853     0.2661892322326943                    0.1                    0.1     0.5319169612258779                     10
                  347.5   0.001784917751843104       1.45195644946667                    0.1                    0.1     0.5532533163104799                     10
                    350     0.2002386833385984      1.557790273297043                    0.1                    0.1     0.5329721186880755                     10
                  352.5     0.8023425764889713       1.17272448697531                    0.1                    0.1     0.5470158996182832                     10
                    355    -0.6158166021996657       1.39697375393966                    0.1                    0.1     0.5252088684163655                     10
                  357.5      -0.60979762677952      1.349312547133798                    0.1                    0.1     0.5033581545799666                     10
                    360    -0.6388419128561487      1.438837815946438                    0.1                    0.1      0.488733735668951                     10
                  362.5     -0.663213073523641      1.323713545412268                    0.1                    0.1     0.4824497876448228                     10
                    365     -1.592960298837414       1.48201453824038                    0.1                    0.1     0.5379131682359919                     10
                  367.5    -0.9792039257910683     0.9044889267563904                    0.1                    0.1     0.5347557546787445                     10
                    370     -2.414550591609926     0.5520652561363755                    0.1                    0.1     0.5323771940588193                     10
                  372.5     0.4767978102587633       1.02411186717773                    0.1                    0.1     0.5555435492331403                     10
                    375       1.21347069926282    -0.7399863897990161                    0.1                    0.1      0.554570148790962                     10
                  377.5      2.271030234351311    -0.7892087525016357                    0.1                    0.1     0.5023931359990954                     10
                    380    0.07242561123242493     0.5604574791142951                    0.1                    0.1     0.5412509537118081                     10
                  382.5     -0.964746375486173     0.5542435943836845                    0.1                    0.1     0.5552868683862657                     10
                    385     0.7170769434712296       1.03790562034368                    0.1                    0.1      0.544536145983323                     10
                  387.5      1.811514236497233     -1.241688075961664                    0.1                    0.1     0.5321353052423645                     10
                    390   0.004720813502506993      1.501245659252999                    0.1                    0.1     0.5232863581716124                     10
                  392.5    -0.1541631667626879     0.3308145589713817                    0.1                    0.1     0.5209870121220038                     10
                    395     -0.332348118435848     0.4868907570523974                    0.1                    0.1     0.5525644331240315                     10
                  397.5     -1.059527060097006      1.599194448461648                    0.1                    0.1     0.5063338015987588                     10
                    400    -0.3734999276240873      1.216586737175344                    0.1                    0.1     0.5297457578249984                     10
                  402.5    -0.6669986346322776      1.071128408731573                    0.1                    0.1      0.551487382795721                     10
                    405     -2.178459796226982     0.8541415099024009                    0.1                    0.1     0.5122398967713833                     10
                  407.5     -1.404003472094741      1.238119869164765                    0.1                    0.1     0.4997091212516305                     10
                    410     -2.040869545486654      0.554329996004664                    0.1                    0.1      0.553400140572285                     10
                  412.5     -2.428349521728637     0.1901119459197472                    0.1                    0.1     0.5352858834605446                     10
                    415      2.153111584707639    -0.4860310974107214                    0.1                    0.1     0.5464908904973991                     10
                  417.5     -1.946727416588564     0.0810942040215436                    0.1                    0.1     0.5256928519369751                     10
                    420    -0.6097483487638981     -1.318218205792232                    0.1                    0.1     0.5378663142634883                     10
                  422.5    -0.5274589359297528     -1.753381249105193                    0.1                    0.1     0.5543963514935476                     10
                    425    -0.2455146101297669     -1.590340530363741                    0.1                    0.1     0.5552105069255436                     10
                  427.5     0.5166213132858042     -1.642123541708036                    0.1                    0.1     0.5314533229690229                     10
                    430     0.1933539004775233     -1.607888401122257                    0.1                    0.1     0.5542520514907761                     10
                  432.5    -0.2383807208017756     -1.918818934169084                    0.1                    0.1     0.5477866571479917                     10
                    435     0.5717110196269983     -1.078988234063775                    0.1                    0.1     0.5555555555555556                     10
                  437.5   -0.05999608741084195      -1.64911347977842                    0.1                    0.1     0.5493551706999423                     10
                    440    0.05230839030685926    -0.9636225618158722                    0.1                    0.1     0.5548769890817927                     10
                  442.5     0.8282834628793363     0.9358371061593527                    0.1                    0.1     0.5396962786206835                     10
                    445       1.03905256325831     0.7896932560504013                    0.1                    0.1     0.5390116165768625                     10
                  447.5      1.048771271184264      0.438002874122887                    0.1                    0.1     0.5342131580276196                     10
                    450     0.9653804566576341     0.1813331244503695                    0.1                    0.1     0.5001242430212207                     10
                  452.5      1.604704945741973     0.2731530874453822                    0.1                    0.1     0.5041714818412776                     10
                    455     -1.015102058480247    -0.9720292694641518                    0.1                    0.1      0.524889937287489                     10
                  457.5    0.01538682076532643    -0.8960877042137536                    0.1                    0.1     0.5325088903078863                     10
                    460      1.546221226110547     0.1078588679614441                    0.1                    0.1      0.537983990003259                     10
                  462.5     0.2135981563185074   0.005031792322205677                    0.1                    0.1     0.5234777438058243                     10
                    465    -0.7418416971567577    -0.2799862764278162                    0.1                    0.1     0.5253585097762872                     10
                  467.5    -0.5470784570878749   0.002255315060439241                    0.1                    0.1     0.5247686313219482                     10
                    470      -1.47063805770028    -0.2257227177570841                    0.1                    0.1     0.5474508258081328                     10
                  472.5      1.168706051523842    -0.3331841607323694                    0.1                    0.1      0.539089914015666                     10
                    475      2.548418470088881    -0.3930799659029998                    0.1                    0.1     0.5466834117713337                     10
                  477.5      2.179086025709347     -1.213076202415194                    0.1                    0.1     0.5555552482306008                     10
                    480      1.781363042572729    -0.7501970691516271                    0.1                    0.1     0.5213134085200269                     10
                  482.5      1.214922737023596     -1.144624710545752                    0.1                    0.1     0.5276968394075869                     10
                    485       1.79693529121581     -1.130664169936276                    0.1                    0.1     0.4994067618113892                     10
                  487.5     0.3726057332998147   -0.09178805420780096                    0.1                    0.1     0.5449255967625055                     10
                    490     0.2635884990875682     0.2547323521768494                    0.1                    0.1     0.5096508033898587                     10
                  492.5      0.623395133386466    -0.3299876853672246                    0.1                    0.1      0.546317297215257                     10
                    495    -0.3074319034981963      0.735021788907114                    0.1                    0.1     0.5517404122549202                     10
                  497.5     -1.703572093123891      1.100131744525751                    0.1                    0.1     0.5371333896238283                     10
                    500     -1.382103033800224    0.08035609281526056                    0.1                    0.1     0.5462740406239718                     10
                  502.5     -1.973894272206041     0.5481505367732689                    0.1                    0.1     0.5278759966771648                     10
                    505     -1.554911367882393      1.059746973924037                    0.1                    0.1     0.5247333397583167                     10
                  507.5     -1.886383514860518     0.9349956297885156                    0.1                    0.1     0.4976090150495156                     10
                    510     -2.096434103326274     0.3553970072346879                    0.1                    0.1     0.5459921303521577                     10
                  512.5      0.117397725616595      1.712278245032392                    0.1                    0.1      0.535527167156012                     10
                    515     0.3371174679420189      0.989607396812934                    0.1                    0.1     0.5446745826109359                     10
                  517.5     0.5028531715522779     0.8077958580421511                    0.1                    0.1     0.5509782015448194                     10
                    520    -0.7679349700737665     0.3789710656173746                    0.1                    0.1     0.5497369391308794                     10
                  522.5     0.8875247586976968      1.290233474852421                    0.1                    0.1     0.5350276139186199                     10
                    525      1.248449615669335     0.3942508104578107                    0.1                    0.1     0.5290343820188403                     10
                  527.5     0.3046665951734226      1.038090760796894                    0.1                    0.1     0.5235354251521723                     10
                    530    -0.4791250008108589      1.939262352371711                    0.1                    0.1     0.5475186902846224                     10
                  532.5    -0.3193983671077614      1.206284444285991                    0.1                    0.1     0.5064259291190167                     10
                    535     -1.323093809185953     0.8208000068967407                    0.1                    0.1     0.5230588035438106                     10
                  537.5     -1.395834312430762      1.512366359342015                    0.1                    0.1      0.527563597015033                     10
                    540     -1.447571541054457      1.085198002505198                    0.1                    0.1     0.4847338131731307                     10
                  542.5     0.2141497014269204    -0.5301538268345636                    0.1                    0.1      0.555019361046317                     10
                    545       1.74860116644778    -0.4781662033086847                    0.1                    0.1     0.5483796227877262                     10
                  547.5     0.7409429746049044     0.3293349628219953                    0.1                    0.1     0.5413262985119494                     10
                    550    -0.8239415074396288     0.9022747913501177                    0.1                    0.1     0.5389462647052191                     10
                  552.5     0.6820636784846098    -0.4466444392698402                    0.1                    0.1     0.5417888240605215                     10
                    555      1.152198412752891     0.0830926704788868                    0.1                    0.1       0.53003774397127                     10
                  557.5     0.3109222524365955    -0.7397655959564269                    0.1                    0.1     0.5532099715649378                     10
                    560     0.7948859516693528      1.649734610783462                    0.1                    0.1     0.5424766584609907                     10
                  562.5     -2.024025580284438    -0.1576289729442058                    0.1                    0.1     0.5426460869532432                     10
                    565    -0.2475221644506962     -1.902045984747071                    0.1                    0.1     0.5206217535466792                     10
                  567.5     0.8897071946881508     -1.110693140240596                    0.1                    0.1     0.5551857978065061                     10
                    570    -0.9557704831884608     -2.000057865383729                    0.1                    0.1     0.5523073865772471                     10
                  572.5     0.3149430586861147      1.502865936701178                    0.1                    0.1     0.5149931824445988                     10
                    575     -2.151950007376465      1.332193483627983                    0.1                    0.1     0.5075257408099528                     10
                  577.5     -1.221300961493254     0.2587743081131921                    0.1                    0.1     0.5115629380971326                     10
                    580    -0.8420844151323492    -0.1200070497606234                    0.1                    0.1     0.5297484769288856                     10
                  582.5     -2.339610706043256   -0.03693265465440099                    0.1                    0.1     0.5377179406241203                     10
                    585     -1.025775616646833     0.4140492707625283                    0.1                    0.1     0.5417265519866455                     10
                  587.5     -1.201986799066127     0.9319768301487165                    0.1                    0.1     0.5190569983716091                     10
                    590    -0.1570770758852339   -0.05169315451502323                    0.1                    0.1     0.5504882844547401                     10
                  592.5   -0.03202889376578916     -1.276296611766443                    0.1                    0.1     0.5093527080422229                     10
                    595      1.014952837271855     -1.852962416353413                    0.1                    0.1     0.5545268957398864                     10
                  597.5      -0.26680913298663      1.107127748316339                    0.1                    0.1     0.5015333690679685                     10
                    600     0.1169121643563057      1.609586877717629                    0.1                    0.1     0.5000397541727868                     10
                  602.5       1.26953681216704     0.4477419490715723                    0.1                    0.1     0.5168196524819528                     10
                    605    -0.7188579699324071     0.1104914675601216                    0.1                    0.1      0.532689403026206                     10
                  607.5    -0.9860818270448986     -1.803804463614592                    0.1                    0.1     0.5506590677573312                     10
                    610     0.6804915705754879    -0.2911931288490416                    0.1                    0.1     0.5198525726765092                     10
                  612.5      0.995076919676811     -0.392722523875359                    0.1                    0.1     0.5486074521740552                     10
                    615     0.1212926202327124      1.408181577709642                    0.1                    0.1     0.5054748734601424                     10
                  617.5     0.6365327562873627      1.490408759931799                    0.1                    0.1     0.5375536893164494                     10
                    620     0.1698967855354038      1.304681867970245                    0.1                    0.1     0.5263701375671982                     10
                  622.5     0.6355439403303954       1.53592160684506                    0.1                    0.1     0.5122755773572818                     10
                    625   -0.04402798833639029    -0.3252860122549543                    0.1                    0.1     0.5276234684733507                     10
                  627.5     -1.033758667221576       1.43990090455281                    0.1                    0.1     0.5259481845470484                     10
                    630     0.8920977813148279     -1.681476212304214                    0.1                    0.1      0.551549705975154                     10
                  632.5    -0.9729803290018523     -1.413884124181903                    0.1                    0.1     0.5550597166441709                     10
                    635    -0.2055024055931439    -0.7267815544814997                    0.1                    0.1     0.5396343538498474                     10
                  637.5       1.52568320868334      -1.07763684356607                    0.1                    0.1     0.5506624673116811                     10
                    640      1.109421480972646      -1.22187233498973                    0.1                    0.1     0.5283307406607897                     10
                  642.5      1.911566278415632    -0.4272455312099301                    0.1                    0.1     0.5358321446783995                     10
                    645       2.64659928225903    -0.9383551167454151                    0.1                    0.1     0.5424972144237047                     10
                  647.5     -1.434226008346951    0.01526021959089467                    0.1                    0.1     0.5306335576504392                     10
                    650     0.5960439269887013     0.3794228156215011                    0.1                    0.1     0.5447631603541385                     10
                  652.5      2.330978997830748    -0.4548646728700267                    0.1                    0.1     0.5420909406368142                     10
                    655     -1.150445366490799      -1.07518227337929                    0.1                    0.1     0.5111922610993405                     10
                  657.5      1.613123343749711     0.4314989529784893                    0.1                    0.1     0.5233745674547398                     10
                    660      1.001188381609753    -0.6472848779514274                    0.1                    0.1     0.5521294296278551                     10
                  662.5      0.632364821725243    -0.7459248998093347                    0.1                    0.1     0.5549775700717386                     10
                    665      1.204594410773896    -0.8774826545333675                    0.1                    0.1     0.5423697087933698                     10
                  667.5     -1.679495750066356    -0.2797941016565621                    0.1                    0.1     0.5497845163602372                     10
                    670    -0.4648264991451676      1.519790191487985                    0.1                    0.1     0.5388441206551731                     10
                  672.5      1.002677332835674      -1.50212362181207                    0.1                    0.1     0.5514156726438089                     10
                    675      1.666411694670883    -0.7530065672348241                    0.1                    0.1     0.5166746259893237                     10
                  677.5      2.271015458711739    -0.7166381803259136                    0.1                    0.1     0.4865465501260032                     10
                    680    -0.3726332434150696     -1.773604446085489                    0.1                    0.1     0.5340427861730955                     10
                  682.5      1.801266574933396     -1.319561255609317                    0.1                    0.1      0.518892290726798                     10
                    685     0.3531307599993894     0.8044613154180257                    0.1                    0.1     0.5374867352962978                     10
                  687.5    -0.1234321019385605     0.8524872149370386                    0.1                    0.1     0.5506999446659251                     10
                    690    -0.4222257799179108     -1.255443773455718                    0.1                    0.1     0.5298493826031907                     10
                  692.5     -1.001736080740665    -0.3252077802973909                    0.1                    0.1     0.5507903054054697                     10
                    695   -0.00106872398974078     -1.130622189390362                    0.1                    0.1     0.5187492782846267                     10
                  697.5      1.584845474590574    -0.9317867417928266                    0.1                    0.1     0.5379789893813407                     10
                    700     0.7865924098947292     -1.482931394314923                    0.1                    0.1     0.5490632648116829                     10
                  702.5     0.5491117898244269    -0.9341468645103556                    0.1                    0.1     0.5411909396870314                     10
                    705     0.3551223200785875    -0.7920190676346285                    0.1                    0.1     0.5291036479259735                     10
                  707.5     0.5293674035752831    -0.5797018004334432                    0.1                    0.1     0.5442135418661826                     10
                    710    -0.9301227671856994    -0.9287852036016583                    0.1                    0.1     0.5279868873346866                     10
                  712.5    -0.8802616917389463    0.03129126663130474                    0.1                    0.1     0.5190844725967838                     10
                    715   -0.03356327300741315     -0.549008975880093                    0.1                    0.1     0.5358355415752272                     10
                  717.5    0.02928944416396456     -0.321439195819468                    0.1                    0.1     0.5101475250735232                     10
                    720    -0.6181002562631001    -0.5653873004294834                    0.1                    0.1     0.5551290574379812                     10
                  722.5    -0.6123054617480236    -0.3668621619236608                    0.1                    0.1     0.5336007495730026                     10
                    725     -1.486059075447429    -0.6277172835469867                    0.1                    0.1     0.5313893984802631                     10
                  727.5    -0.8368284511301859    -0.6575732326186204                    0.1                    0.1     0.5532328023112308                     10
                    730     -1.931756363641894   -0.04799789782447052                    0.1                    0.1     0.5036771960753634                     10
                  732.5     -1.481239942341837     0.4896286220149464                    0.1                    0.1     0.5135432936962857                     10
                    735    -0.6007488443442459     0.8793772942016576                    0.1                    0.1     0.5436351169345544                     10
                  737.5     -2.262239955713977      1.348267739567759                    0.1                    0.1     0.4920080727076946                     10
                    740     -1.780348081750382     0.1688937554424241                    0.1                    0.1     0.5207424354927048                     10
                  742.5     -1.460647083946532    -0.1870691811256104                    0.1                    0.1     0.5184014809597264                     10
                    745     0.3748400725532089    -0.7206498237974164                    0.1                    0.1     0.5044580521468622                     10
                  747.5     -1.946308757544809      1.613745320351362                    0.1                    0.1     0.5402010282306072                     10
                    750    -0.4618058898776921    -0.5853924420962873                    0.1                    0.1      0.545202744282637                     10
                  752.5    -0.1832460075751831     -2.050940506454546                    0.1                    0.1     0.5137387489406904                     10
                    755    -0.3756045645260129     -1.361112134605275                    0.1                    0.1     0.5322053280466584                     10
                  757.5      1.973246216832022    -0.6522814773156836                    0.1                    0.1     0.5120407297571389                     10
                    760      -0.48650923173598    0.02322976688664924                    0.1                    0.1     0.4843174490838651                     10
                  762.5     0.5937354659682689      2.684738212016784                    0.1                    0.1     0.5555555555555556                     10
                    765      0.607181640540388      2.692999830868153                    0.1                    0.1       0.52582957944921                     10
                  767.5     0.4002176649634771     0.5389738698466142                    0.1                    0.1     0.5482514896234087                     10
                    770     -1.200426062389198      -2.26837044614318                    0.1                    0.1     0.5555555555555556                     10
                  772.5      1.265647359503445      1.606365256891226                    0.1                    0.1     0.5555555555555556                     10
                    775      0.843764278952628    -0.6119304510648209                    0.1                    0.1     0.5427875462462302                     10
                  777.5     -1.658541815408954     -0.953711280762765                    0.1                    0.1     0.5523047311411448                     10
                    780      2.586204396784406    -0.8735180008449651                    0.1                    0.1      0.513399607999156                     10
                  782.5     -1.860275796071825    -0.3505825464610095                    0.1                    0.1     0.5491730139986236                     10
                    785      1.594372683630587    -0.7742157326758746                    0.1                    0.1     0.5092629431598252                     10
                  787.5     0.6872744627582938      1.040295320304086                    0.1                    0.1     0.5108313565463429                     10
                    790     -1.426027475960656     -2.033543422814601                    0.1                    0.1     0.5554014721439812                     10
                  792.5     0.9366053352921837     0.1925260941681324                    0.1                    0.1      0.467123029360462                     10
                    795      1.016392790975335   -0.09702160044734962                    0.1                    0.1     0.5313769949747941                     10
                  797.5    -0.6376682707600998    -0.7557165248688178                    0.1                    0.1     0.5464495292192569                     10
                    800    -0.1103013397991159     -1.069523087173087                    0.1                    0.1     0.5174879475269313                     10
                  802.5     0.6021559379247713     -1.603439847748825                    0.1                    0.1     0.5105351462835245                     10
                    805    -0.8830431678998407     -1.939260183016016                    0.1                    0.1     0.5165501130483248                     10
                  807.5     -1.495429412673442     -0.482108103423846                    0.1                    0.1     0.5021791775259176                     10
                    810    -0.9711433999621657     -1.585220358026427                    0.1                    0.1     0.5457331014307996                     10
                  812.5    -0.6266422806518103     -1.806197255728968                    0.1                    0.1     0.5269880504468001                     10
                    815    0.02454883910273875      1.297248860710102                    0.1                    0.1      0.519565656568319                     10
                  817.5    -0.9724123102269111      1.472194388875891                    0.1                    0.1     0.4942798107447498                     10
                    820     0.2176633348877734    -0.8562506622984828                    0.1                    0.1     0.5254365130271478                     10
                  822.5     -2.331091829902779     0.9684956530394522                    0.1                    0.1     0.5378141256955884                     10
                    825        2.2084137061053    -0.2117834133324737                    0.1                    0.1     0.5447509247667589                     10
                  827.5     0.9759806986350649     0.1343482031254652                    0.1                    0.1     0.4681967506453137                     10
                    830     -1.869426019940365     0.9507422840921628                    0.1                    0.1      0.475705139304122                     10
                  832.5     0.4355407675307654      1.178350771219874                    0.1                    0.1      0.537719537475444                     10
                    835     0.3548831258627012      0.400413434167065                    0.1                    0.1     0.5090618511832111                     10
                  837.5     0.8831890999354417     -1.173940481508366                    0.1                    0.1     0.5283900225687211                     10
                    840     0.8472284575235581     0.1156459808231769                    0.1                    0.1     0.4800929303251587                     10
                  842.5    -0.9807109374666453     0.5177614723756527                    0.1                    0.1     0.5113678936666867                     10
                    845      0.974124435933978     0.8769075691250434                    0.1                    0.1     0.5059218073531129                     10
                  847.5      1.465869705150981    -0.4962770350416591                    0.1                    0.1     0.5169891024842839                     10
                    850    -0.8436590093422598     0.6570969963518529                    0.1                    0.1     0.5396871697174003                     10
                  852.5    -0.8174324522493066      1.093342372466367                    0.1                    0.1      0.534517183751724                     10
                    855     0.2042867896391008      1.374182620162016                    0.1                    0.1     0.4768919279065607                     10
                  857.5      2.029576014237545     -1.118640105213741                    0.1                    0.1      0.544258786780403                     10
                    860     -2.328701304712811     0.3372188677226204                    0.1                    0.1     0.5335037578132447                     10
                  862.5      1.846016065543456     -1.301598775553623                    0.1                    0.1     0.4937486598074452                     10
                    865    -0.3214893809228832      1.755427625392969                    0.1                    0.1     0.5459239919295489                     10
                  867.5     0.3306473577849005    -0.3203657296643151                    0.1                    0.1     0.5354951464049976                     10
                    870      1.034867527230764      1.312884976471094                    0.1                    0.1     0.5384245374556595                     10
                  872.5    0.04542559638784946   -0.04068214918030401                    0.1                    0.1     0.5257842095926956                     10
                    875     -1.714693015110601   -0.09456968971514537                    0.1                    0.1     0.5304135256599445                     10
                  877.5      0.840000495301008      1.714960073441247                    0.1                    0.1     0.5286558124154329                     10
                    880     -1.668456245751782   -0.04425073472990738                    0.1                    0.1     0.5080409334711621                     10
                  882.5    -0.4324397893421624    -0.5648715869180844                    0.1                    0.1     0.5202019127339764                     10
                    885      2.414348807052165    -0.8980411058230695                    0.1                    0.1     0.5180626431530302                     10
                  887.5     -1.991661153872946    -0.2209078178822273                    0.1                    0.1     0.5171735514176568                     10
                    890     -1.696034843724905    -0.0985896086486117                    0.1                    0.1     0.4844162272720013                     10
                  892.5    -0.2770005952924731       1.79041790357684                    0.1                    0.1     0.5138863699457715                     10
                    895   -0.07120753707689746      0.670242012291497                    0.1                    0.1     0.5424228192529058                     10
                  897.5    -0.3635632901465871     0.1767293531745135                    0.1                    0.1     0.5281500343077258                     10
                    900  -0.006364092642907456    -0.4222856369108475                    0.1                    0.1     0.4965878747845555                     10
                  902.5      1.027331179127499    -0.4396984224370072                    0.1                    0.1     0.5174151228503661                     10
                    905      2.420435815393429    -0.5270805053459687                    0.1                    0.1     0.5123751241848969                     10
                  907.5    -0.7895112874863707    -0.7887477265009859                    0.1                    0.1     0.5302716149282337                     10
                    910     -2.659499711642192     0.9789241532341022                    0.1                    0.1     0.5207049964326133                     10
                  912.5    -0.9614101610318923      1.201963799200973                    0.1                    0.1     0.5429576275716127                     10
                    915    -0.7964685440293966     0.6667769775563771                    0.1                    0.1     0.5202721279960026                     10
                  917.5    -0.1888469520155046      0.462912869849313                    0.1                    0.1     0.5205241329616906                     10
                    920    -0.5736296256337029     -2.009126781616623                    0.1                    0.1     0.5122551337343542                     10
                  922.5      1.960216613992085    -0.8023853153556452                    0.1                    0.1     0.5098050619227728                     10
                    925    -0.1158858059390663    -0.1477771264721195                    0.1                    0.1      0.519517362606806                     10
                  927.5     0.7348197425851422   -0.03639285994410529                    0.1                    0.1     0.5234856973962398                     10
                    930       0.33427099314722      1.762491025228043                    0.1                    0.1     0.5157814981009115                     10
                  932.5    -0.5819419901889887     -2.271333676042242                    0.1                    0.1     0.5348844264547391                     10
                    935     -0.970089064510413     -1.331344001995119                    0.1                    0.1      0.529452421609937                     10
                  937.5      1.035068113029019     0.5874453308043248                    0.1                    0.1     0.5317037487730497                     10
                    940      0.893700769609288     0.7112406279347628                    0.1                    0.1     0.5316060614481772                     10
                  942.5     -2.636075765673599     0.7821503163220717                    0.1                    0.1     0.5451477799055504                     10
                    945      2.006701945391038     -1.340245328504179                    0.1                    0.1     0.5364934511758047                     10
                  947.5     -1.856213889803611     0.4386118323123031                    0.1                    0.1     0.5399015930462386                     10
                    950      -1.60915504111039     0.2668963713218518                    0.1                    0.1      0.541439138026212                     10
                  952.5     -1.592679154102714     0.8944143720553167                    0.1                    0.1     0.5337702137106445                     10
                    955     -2.153717937075324      1.219000261251092                    0.1                    0.1     0.4887490291683279                     10
                  957.5     0.9553399272689636    -0.4127941124247534                    0.1                    0.1     0.5013911100950599                     10
                    960     -1.234318378200381  -0.008530096157304663                    0.1                    0.1     0.5296539853542247                     10
                  962.5      0.543290967205079    -0.5853727737284931                    0.1                    0.1     0.5115469101829282                     10
                    965      0.316023169010048    -0.8477867061961489                    0.1                    0.1     0.4883536800978044                     10
                  967.5        2.5863226207153     -1.050422368255409                    0.1                    0.1     0.5255867272097463                     10
                    970     0.3224474252218494     0.9049864687617363                    0.1                    0.1     0.4997651734111735                     10
                  972.5      1.095238182045673     -1.147619568431729                    0.1                    0.1     0.5029335523794004                     10
                    975     -1.025300172169432     -1.210696767015515                    0.1                    0.1     0.5087990647871654                     10
                  977.5   -0.05943986847846937     -2.173005538388764                    0.1                    0.1     0.5388305444930249                     10
                    980   -0.05560745034669808     -2.187987311589369                    0.1                    0.1     0.5142641575314765                     10
                  982.5    0.09704329072415421     -2.184410298947525                    0.1                    0.1     0.5360523176649923                     10
                    985    -0.9592488594809749     -1.490239982014222                    0.1                    0.1     0.5067701927037342                     10
                  987.5    -0.8473510835550484     -1.420611452566455                    0.1                    0.1     0.5163366988382396                     10
                    990    -0.2456636938771072     -1.027577230162027                    0.1                    0.1     0.5137815044378231                     10
                  992.5    -0.6238064433725916    -0.4862527204873425                    0.1                    0.1     0.5073850537641189                     10
                    995     0.1601887065344535     0.4770602775070277                    0.1                    0.1      0.509405537774787                     10
                  997.5    -0.6224145384122376      1.604257150965121                    0.1                    0.1     0.5344430207291017                     10
                   1000      2.081582210355416     -1.332013282806364                    0.1                    0.1     0.5193234513436775                     10
                 1002.5     -0.652471115481443     0.8335321088005253                    0.1                    0.1     0.5155673063083327                     10
                   1005      -2.43130182020178     0.5931948783885572                    0.1                    0.1     0.5131902658275738                     10
                 1007.5      2.006541724492802    -0.3524399259860944                    0.1                    0.1      0.530115295741959                     10
                   1010    -0.8402415911134967     -2.001172840401024                    0.1                    0.1     0.4933412866303425                     10
                 1012.5    -0.1321572032596302     0.4845526044609319                    0.1                    0.1      0.500657256099864                     10
                   1015    -0.1161419394941738    -0.1588580609714406                    0.1                    0.1      0.493023425065524                     10
                 1017.5     -2.091410516314313     0.8212899592242218                    0.1                    0.1     0.4901201813805059                     10
                   1020    -0.4859484091210823    -0.7732429774158154                    0.1                    0.1      0.535235101911374                     10
                 1022.5      1.403675960378262     -0.271764808298011                    0.1                    0.1       0.53096605765851                     10
                   1025   -0.03249105076212238      1.191995745783129                    0.1                    0.1     0.5144153978853104                     10
                 1027.5     0.3170259748565334       1.54475650149594                    0.1                    0.1     0.4795593388692954                     10
                   1030       1.34819742135535     -2.565698750332258                    0.1                    0.1     0.5555555555555556                     10
                 1032.5      2.379956641236497    0.04332348200926186                    0.1                    0.1     0.5532694202390853                     10
                   1035     -2.193769556824358     0.2371947988497017                    0.1                    0.1     0.5161124452046303                     10
                 1037.5    -0.9249319461337444      -1.40876435988806                    0.1                    0.1        0.4673326884578                     10
                   1040     -2.300784657229329     -0.359401010194116                    0.1                    0.1     0.5551146451268179                     10
                 1042.5     -1.997999789510353      1.702728323886316                    0.1                    0.1     0.5312679273097055                     10
                   1045     -1.373011033846542      0.975311449086237                    0.1                    0.1     0.4766334916639216                     10
                 1047.5    -0.4551967008296526      1.657577566700371                    0.1                    0.1     0.5264805278792457                     10
                   1050      2.464617724793999     -1.171540658063822                    0.1                    0.1     0.5464109769975241                     10
                 1052.5     -1.613911100611728    -0.4353082172569257                    0.1                    0.1     0.5051945370366623                     10
                   1055     -1.163398957194121     0.3922176804987646                    0.1                    0.1     0.5085070199480225                     10
                 1057.5     0.8418791719372873      1.763914520985307                    0.1                    0.1     0.5150427934119413                     10
                   1060     -0.739224042310145     -1.251246865764272                    0.1                    0.1     0.5279010319789494                     10
                 1062.5    -0.5791011085535588    -0.5285309766143103                    0.1                    0.1     0.4774582455266743                     10
                   1065     -1.052968123927249    -0.5232066540315091                    0.1                    0.1     0.5505790240185218                     10
                 1067.5      1.751563958314583    -0.6067923653975026                    0.1                    0.1     0.4916435035971036                     10
                   1070      1.189579987223805    -0.6764835138851948                    0.1                    0.1     0.5204734349012931                     10
                 1072.5    -0.9096537101585739     -1.114825123854037                    0.1                    0.1     0.5166630244830145                     10
                   1075     -1.218355201518206      -0.57045282903523                    0.1                    0.1      0.546033127069344                     10
                 1077.5     0.6371999458973114     -2.014241759877855                    0.1                    0.1     0.5499982749103943                     10
                   1080     -1.342847139917166     -3.859584841840426                    0.1                    0.1     0.5555555555555556                     10
                 1082.5      1.484448207683564    -0.6803034094564691                    0.1                    0.1     0.5141143537374698                     10
                   1085      2.159714284603222    0.07641215831515738                    0.1                    0.1     0.5524396015579898                     10
                 1087.5         0.770198473171      1.931859656717925                    0.1                    0.1       0.54733966509162                     10
                   1090     0.8881667659857312     -1.163929343916075                    0.1                    0.1     0.4969375063665685                     10
                 1092.5      2.168813696914158     0.3034691932098954                    0.1                    0.1     0.5531219939279628                     10
                   1095      1.839315742382017   -0.02106322898554736                    0.1                    0.1     0.5545176664940156                     10
                 1097.5    -0.5603518662899873    -0.8375093995723971                    0.1                    0.1     0.5180204431218659                     10
                   1100     -1.853797436027358     -0.228856555618895                    0.1                    0.1     0.5028958621609657                     10
                 1102.5      1.862807019604767     0.3139962251306824                    0.1                    0.1      0.548497061792242                     10
                   1105    -0.3242404346112727     0.7711248276740821                    0.1                    0.1     0.5204376536211064                     10
                 1107.5    -0.5866236728475061     -1.986537494257727                    0.1                    0.1     0.4838261705201882                     10
                   1110    -0.8388825274257062     -1.586282754271394                    0.1                    0.1     0.5197512903405653                     10
                 1112.5    -0.9823131996270021     -1.596849866324149                    0.1                    0.1     0.4877277000256308                     10
                   1115      1.706213415565132     0.4427601681691922                    0.1                    0.1      0.513254644147434                     10
                 1117.5     -1.965120957530739     0.8437690968476241                    0.1                    0.1     0.4632115082902242                     10
                   1120    -0.9076202010499678    -0.1308483397213485                    0.1                    0.1     0.4958693905076846                     10
                 1122.5    -0.6601571942759638        1.5747253564676                    0.1                    0.1     0.5004757746370125                     10
                   1125      -2.82476187836561      1.040601131575529                    0.1                    0.1     0.5232044156284061                     10
                 1127.5     0.6241813979859298      1.260100644983065                    0.1                    0.1     0.5193868372850359                     10
                   1130     -2.547120071955389     0.8812265575261908                    0.1                    0.1       0.51748220206875                     10
                 1132.5    -0.9103444311078639     -1.118693137241879                    0.1                    0.1     0.4903897090590908                     10
                   1135     -1.286773657054558    -0.4434318326948805                    0.1                    0.1     0.5328765832039466                     10
                 1137.5      0.200197358374291     0.9403932329191206                    0.1                    0.1     0.5179773619274514                     10
                   1140     0.8980670006957913     0.4705826750697729                    0.1                    0.1     0.4990021552385345                     10
                 1142.5     0.1986568870252196    -0.1664365374931757                    0.1                    0.1     0.5127578198347209                     10
                   1145      0.515346231224679    -0.2643247122007865                    0.1                    0.1     0.5004795577631787                     10
                 1147.5     0.6469576890194361     -0.279203655677611                    0.1                    0.1     0.4803507575771975                     10
                   1150     0.4441691508148754    -0.2649606440812621                    0.1                    0.1     0.4798803937901934                     10
                 1152.5     -0.129630866244269     -0.560802312625339                    0.1                    0.1      0.498797157987684                     10
                   1155    -0.6751484565828192    -0.2945925927520353                    0.1                    0.1     0.4848356281249636                     10
                 1157.5    -0.2280382242632118     0.4582984201118322                    0.1                    0.1     0.4806258096618192                     10
                   1160     0.3407936443983633   -0.01504871199858989                    0.1                    0.1     0.5069826560477262                     10
                 1162.5    -0.3104638288227132      1.344891807721978                    0.1                    0.1     0.5259864292174689                     10
                   1165    -0.2279560570051226       1.55652030226062                    0.1                    0.1     0.5430232189190117                     10
                 1167.5     0.1452297121606519      1.875174716825493                    0.1                    0.1     0.5030755009230978                     10
                   1170    -0.3415328414940018     0.9739643484923984                    0.1                    0.1     0.5286741690800516                     10
                 1172.5     0.2448031809607351       1.20384971543029                    0.1                    0.1     0.5175721653800646                     10
                   1175       1.55408824208972    -0.7911507343550315                    0.1                    0.1     0.4864823590868602                     10
                 1177.5      1.537139096507127     -0.243106817681388                    0.1                    0.1     0.5257445844347748                     10
                   1180      1.001763532759813    -0.4810314937592401                    0.1                    0.1     0.4792241119452439                     10
                 1182.5    -0.3898963407342498     -1.670745540662937                    0.1                    0.1     0.5207671029206659                     10
                   1185      1.751495090725835     0.2189937572311221                    0.1                    0.1     0.5092275764437023                     10
                 1187.5      1.053172931939282      -1.62497427519061                    0.1                    0.1     0.5281939503215414                     10
                   1190      1.942110424101023     -1.433181521259931                    0.1                    0.1     0.5183363185169196                     10
                 1192.5     -1.588821916005238     0.7731516276381243                    0.1                    0.1     0.5315656255739747                     10
                   1195      1.753787563080872     -1.325948635893221                    0.1                    0.1     0.4785933999766321                     10
                 1197.5     -2.624161558580689      1.195176071169384                    0.1                    0.1     0.4911426109655468                     10
                   1200     0.4618178139781731     -0.693326484352158                    0.1                    0.1     0.4872664472522072                     10
                 1202.5     -0.482270798712127     0.5688551383070658                    0.1                    0.1     0.5338606292774222                     10
                   1205       2.10527732750238     -1.178139826691216                    0.1                    0.1     0.5020916073945099                     10
                 1207.5      1.752604364252813   -0.09739536622499162                    0.1                    0.1     0.5312911878827484                     10
                   1210      -1.22493006521937    -0.7725329574988566                    0.1                    0.1     0.5209347093661948                     10
                 1212.5      1.405129276454465     -1.076026080487571                    0.1                    0.1     0.5302662269134752                     10
                   1215    -0.6364752123170789     -1.089229115547623                    0.1                    0.1     0.5327395612657925                     10
                 1217.5     -2.567161100115039     0.2560782867819024                    0.1                    0.1     0.5409600198212133                     10
                   1220      1.089780321101197     0.9796275855549332                    0.1                    0.1     0.5165908213949527                     10
                 1222.5     0.5203899657396167      2.160917185440512                    0.1                    0.1     0.5436409866728891                     10
                   1225     -1.826157374759628       1.40842496722541                    0.1                    0.1     0.5319134837264859                     10
                 1227.5    0.02641996001665274      1.228016220616744                    0.1                    0.1     0.4846548520623144                     10
                   1230    -0.8772505292841359    -0.4778326402409006                    0.1                    0.1     0.5335986524903591                     10
                 1232.5     -2.036809848309295     0.2737490459027336                    0.1                    0.1     0.5110364500348966                     10
                   1235     0.9009721878093091    -0.5206769719175256                    0.1                    0.1     0.4859707273967924                     10
                 1237.5   0.007105905160829089      1.942628779230638                    0.1                    0.1     0.4914576484629655                     10
                   1240    -0.8545928623665309     -1.277946155680887                    0.1                    0.1     0.4833552970218978                     10
                 1242.5      2.063775953196626      -1.22806509600121                    0.1                    0.1     0.4720267947079025                     10
                   1245     0.8263681134543708     0.1933228138525643                    0.1                    0.1     0.4534044426275185                     10
                 1247.5     0.5214876020471249     -1.113023025965307                    0.1                    0.1     0.5246232247818465                     10
                   1250      1.004867047366488     -0.677888301702164                    0.1                    0.1     0.5022695785346539                     10
