#! FIELDS p.x fes dfes_p.x
#! SET normalisation  1.000000
#! SET min_p.x -3
#! SET max_p.x 3
#! SET nbins_p.x  301
#! SET periodic_p.x false
 -3.000000 inf 0.000000
 -2.980066 inf 0.000000
 -2.960133 inf 0.000000
 -2.940199 inf 0.000000
 -2.920266 inf 0.000000
 -2.900332 inf 0.000000
 -2.880399 inf 0.000000
 -2.860465 inf 0.000000
 -2.840532 inf 0.000000
 -2.820598 inf 0.000000
 -2.800664 inf 0.000000
 -2.780731 inf 0.000000
 -2.760797 inf 0.000000
 -2.740864 inf 0.000000
 -2.720930 inf 0.000000
 -2.700997 inf 0.000000
 -2.681063 inf 0.000000
 -2.661130 inf 0.000000
 -2.641196 inf 0.000000
 -2.621262 inf 0.000000
 -2.601329 inf 0.000000
 -2.581395 inf 0.000000
 -2.561462 inf 0.000000
 -2.541528 inf 0.000000
 -2.521595 inf 0.000000
 -2.501661 inf 0.000000
 -2.481728 inf 0.000000
 -2.461794 inf 0.000000
 -2.441860 inf 0.000000
 -2.421927 inf 0.000000
 -2.401993 inf 0.000000
 -2.382060 inf 0.000000
 -2.362126 inf 0.000000
 -2.342193 inf 0.000000
 -2.322259 inf 0.000000
 -2.302326 inf 0.000000
 -2.282392 inf 0.000000
 -2.262458 inf 0.000000
 -2.242525 inf 0.000000
 -2.222591 inf 0.000000
 -2.202658 inf 0.000000
 -2.182724 inf 0.000000
 -2.162791 inf 0.000000
 -2.142857 inf 0.000000
 -2.122924 inf 0.000000
 -2.102990 inf 0.000000
 -2.083056 inf 0.000000
 -2.063123 inf 0.000000
 -2.043189 inf 0.000000
 -2.023256 inf 0.000000
 -2.003322 inf 0.000000
 -1.983389 inf 0.000000
 -1.963455 44.979132 -566.914634
 -1.943522 35.478253 -376.231028
 -1.923588 29.847566 -191.421989
 -1.903654 27.517038 -68.295268
 -1.883721 25.087446 -165.075380
 -1.863787 21.539539 -168.891245
 -1.843854 19.401949 -49.094510
 -1.823920 18.512183 -67.604351
 -1.803987 17.034431 -70.568315
 -1.784053 15.506650 -83.454218
 -1.764120 14.012039 -63.737084
 -1.744186 12.791493 -61.706682
 -1.724252 11.526499 -63.115056
 -1.704319 10.354977 -53.791147
 -1.684385 9.343132 -51.473942
 -1.664452 8.256224 -55.182942
 -1.644518 7.283319 -42.331520
 -1.624585 6.375285 -49.701199
 -1.604651 5.482446 -37.972537
 -1.584718 4.709626 -42.378615
 -1.564784 3.886926 -37.589796
 -1.544850 3.242612 -27.368092
 -1.524917 2.678213 -29.265442
 -1.504983 2.159206 -23.965569
 -1.485050 1.625688 -28.591811
 -1.465116 1.115934 -22.162924
 -1.445183 0.676323 -21.837864
 -1.425249 0.369064 -9.659397
 -1.405316 0.171596 -10.273836
 -1.385382 -0.006298 -8.430647
 -1.365449 -0.131590 -4.465480
 -1.345515 -0.230194 -5.501689
 -1.325581 -0.371280 -7.506553
 -1.305648 -0.431554 2.924827
 -1.285714 -0.345710 2.203213
 -1.265781 -0.334338 -0.273974
 -1.245847 -0.354967 0.013407
 -1.225914 -0.375450 -3.450414
 -1.205980 -0.337377 8.689672
 -1.186047 -0.124924 11.626623
 -1.166113 0.115535 10.111218
 -1.146179 0.283137 8.150243
 -1.126246 0.408658 6.423290
 -1.106312 0.694750 21.274831
 -1.086379 1.098864 16.885778
 -1.066445 1.419951 17.524943
 -1.046512 1.735436 13.429938
 -1.026578 2.051293 16.767961
 -1.006645 2.330410 14.066833
 -0.986711 2.647716 15.933720
 -0.966777 2.973085 17.716544
 -0.946844 3.468373 28.404464
 -0.926910 3.825629 10.162863
 -0.906977 4.089928 16.727147
 -0.887043 4.424053 17.953345
 -0.867110 4.798535 17.869891
 -0.847176 5.105360 12.903612
 -0.827243 5.482397 24.576468
 -0.807309 5.956081 24.450030
 -0.787375 6.470812 26.175043
 -0.767442 6.936586 21.625073
 -0.747508 7.409807 27.455694
 -0.727575 7.982260 27.961958
 -0.707641 8.465963 19.320776
 -0.687708 8.847386 21.800640
 -0.667774 9.265744 21.615498
 -0.647841 9.726000 21.929243
 -0.627907 10.065831 17.152116
 -0.607973 10.622969 32.899428
 -0.588040 10.939105 1.861367
 -0.568106 11.076114 18.014220
 -0.548173 11.538379 16.725932
 -0.528239 11.785830 18.089073
 -0.508306 12.427851 38.450868
 -0.488372 12.831333 4.815815
 -0.468439 13.240941 38.174000
 -0.448505 13.804764 9.921521
 -0.428571 13.938948 12.979773
 -0.408638 14.334513 20.580417
 -0.388704 14.740178 22.737043
 -0.368771 15.108514 13.264442
 -0.348837 15.396252 15.895779
 -0.328904 15.797928 27.852173
 -0.308970 16.222722 9.765418
 -0.289037 16.374329 3.658802
 -0.269103 16.429205 8.510080
 -0.249169 16.769968 20.570476
 -0.229236 16.969707 -5.726190
 -0.209302 16.677107 -13.547860
 -0.189369 16.772689 26.378609
 -0.169435 17.288949 10.546927
 -0.149502 17.357650 5.775563
 -0.129568 17.553248 0.587853
 -0.109635 17.379465 -0.012604
 -0.089701 17.847196 38.553959
 -0.069767 18.243542 -4.011109
 -0.049834 17.961962 -7.413913
 -0.029900 18.214491 22.120233
 -0.009967 18.438652 1.579369
 0.009967 18.446695 -0.770630
 0.029900 18.482268 5.503097
 0.049834 18.487288 -4.072178
 0.069767 18.469519 -2.132712
 0.089701 18.267968 -14.970884
 0.109635 18.083341 -5.642968
 0.129568 17.817554 -15.303679
 0.149502 17.848942 12.645486
 0.169435 17.956492 -2.278769
 0.189369 17.790522 -8.016617
 0.209302 17.607452 -14.824170
 0.229236 17.214159 -20.946175
 0.249169 16.847267 -16.146028
 0.269103 16.492693 -21.647851
 0.289037 16.199259 0.928789
 0.308970 16.157601 -10.173261
 0.328904 15.940500 -13.858186
 0.348837 15.665094 -18.564974
 0.368771 14.956152 -56.145249
 0.388704 14.126778 -14.836529
 0.408638 13.971193 -14.252614
 0.428571 13.435170 -28.184398
 0.448505 13.154422 -3.109245
 0.468439 13.014597 -18.682405
 0.488372 12.534252 -23.939604
 0.508306 12.111756 -15.046874
 0.528239 11.801756 -26.703559
 0.548173 11.090274 -27.911902
 0.568106 10.723132 -13.826488
 0.588040 10.487221 -11.603893
 0.607973 10.185689 -16.914409
 0.627907 9.841489 -20.427517
 0.647841 9.369398 -28.658845
 0.667774 8.734990 -33.258078
 0.687708 7.968300 -53.538345
 0.707641 6.008578 -96.066749
 0.727575 5.174278 -9.942805
 0.747508 4.750536 -17.061656
 0.767442 4.237178 -53.416260
 0.787375 3.443108 -7.437605
 0.807309 3.536131 -2.795171
 0.827243 3.425000 -1.523848
 0.847176 3.375043 -7.239860
 0.867110 3.094740 -22.559022
 0.887043 2.743700 -6.178077
 0.906977 2.604470 -13.346136
 0.926910 2.334899 -10.242428
 0.946844 2.118525 -14.377399
 0.966777 1.907522 -5.711276
 0.986711 1.797993 -6.704987
 1.006645 1.562760 -19.284189
 1.026578 1.187673 -12.756455
 1.046512 0.992667 -7.435322
 1.066445 0.712576 -23.187800
 1.086379 0.381088 -8.264609
 1.106312 0.161533 -14.574691
 1.126246 -0.087346 -8.005308
 1.146179 -0.178932 -4.233163
 1.166113 -0.331717 -10.104099
 1.186047 -0.546806 -10.786430
 1.205980 -0.701144 -3.928064
 1.225914 -0.830428 -8.575761
 1.245847 -0.918904 -1.173642
 1.265781 -0.914487 3.452575
 1.285714 -0.848380 0.451335
 1.305648 -0.839791 2.263915
 1.325581 -0.742052 6.110007
 1.345515 -0.633779 4.066252
 1.365449 -0.580001 1.571751
 1.385382 -0.469663 9.556412
 1.405316 -0.322659 7.177322
 1.425249 -0.041374 17.655707
 1.445183 0.279799 16.211462
 1.465116 0.609572 15.112817
 1.485050 0.978572 25.698769
 1.504983 1.499067 22.529765
 1.524917 1.920486 25.100397
 1.544850 2.498187 28.393860
 1.564784 3.025774 23.481573
 1.584718 3.477996 22.783485
 1.604651 3.755909 7.691911
 1.624585 4.204048 35.550887
 1.644518 4.835652 38.369456
 1.664452 5.446644 9.511442
 1.684385 6.057674 61.407620
 1.704319 7.696905 114.948986
 1.724252 10.529638 116.432352
 1.744186 11.803618 46.396027
 1.764120 13.239468 97.494994
 1.784053 15.089930 84.538794
 1.803987 16.963272 101.240028
 1.823920 18.823603 81.395954
 1.843854 20.315137 79.980433
 1.863787 22.151639 85.372851
 1.883721 23.954857 118.773204
 1.903654 26.892159 177.063301
 1.923588 31.780284 316.568993
 1.943522 inf 0.000000
 1.963455 inf 0.000000
 1.983389 inf 0.000000
 2.003322 inf 0.000000
 2.023256 inf 0.000000
 2.043189 inf 0.000000
 2.063123 inf 0.000000
 2.083056 inf 0.000000
 2.102990 inf 0.000000
 2.122924 inf 0.000000
 2.142857 inf 0.000000
 2.162791 inf 0.000000
 2.182724 inf 0.000000
 2.202658 inf 0.000000
 2.222591 inf 0.000000
 2.242525 inf 0.000000
 2.262458 inf 0.000000
 2.282392 inf 0.000000
 2.302326 inf 0.000000
 2.322259 inf 0.000000
 2.342193 inf 0.000000
 2.362126 inf 0.000000
 2.382060 inf 0.000000
 2.401993 inf 0.000000
 2.421927 inf 0.000000
 2.441860 inf 0.000000
 2.461794 inf 0.000000
 2.481728 inf 0.000000
 2.501661 inf 0.000000
 2.521595 inf 0.000000
 2.541528 inf 0.000000
 2.561462 inf 0.000000
 2.581395 inf 0.000000
 2.601329 inf 0.000000
 2.621262 inf 0.000000
 2.641196 inf 0.000000
 2.661130 inf 0.000000
 2.681063 inf 0.000000
 2.700997 inf 0.000000
 2.720930 inf 0.000000
 2.740864 inf 0.000000
 2.760797 inf 0.000000
 2.780731 inf 0.000000
 2.800664 inf 0.000000
 2.820598 inf 0.000000
 2.840532 inf 0.000000
 2.860465 inf 0.000000
 2.880399 inf 0.000000
 2.900332 inf 0.000000
 2.920266 inf 0.000000
 2.940199 inf 0.000000
 2.960133 inf 0.000000
 2.980066 inf 0.000000
 3.000000 inf 0.000000
