#! FIELDS p.x fes dfes_p.x
#! SET normalisation  1.000000
#! SET min_p.x -3
#! SET max_p.x 3
#! SET nbins_p.x  300
#! SET periodic_p.x false
 -3.000000 inf 0.000000
 -2.980000 inf 0.000000
 -2.960000 inf 0.000000
 -2.940000 inf 0.000000
 -2.920000 inf 0.000000
 -2.900000 inf 0.000000
 -2.880000 inf 0.000000
 -2.860000 inf 0.000000
 -2.840000 inf 0.000000
 -2.820000 inf 0.000000
 -2.800000 inf 0.000000
 -2.780000 inf 0.000000
 -2.760000 inf 0.000000
 -2.740000 inf 0.000000
 -2.720000 inf 0.000000
 -2.700000 inf 0.000000
 -2.680000 inf 0.000000
 -2.660000 inf 0.000000
 -2.640000 inf 0.000000
 -2.620000 inf 0.000000
 -2.600000 inf 0.000000
 -2.580000 inf 0.000000
 -2.560000 inf 0.000000
 -2.540000 inf 0.000000
 -2.520000 inf 0.000000
 -2.500000 inf 0.000000
 -2.480000 inf 0.000000
 -2.460000 inf 0.000000
 -2.440000 inf 0.000000
 -2.420000 inf 0.000000
 -2.400000 inf 0.000000
 -2.380000 inf 0.000000
 -2.360000 inf 0.000000
 -2.340000 inf 0.000000
 -2.320000 inf 0.000000
 -2.300000 inf 0.000000
 -2.280000 inf 0.000000
 -2.260000 inf 0.000000
 -2.240000 inf 0.000000
 -2.220000 inf 0.000000
 -2.200000 inf 0.000000
 -2.180000 18.224482 -189.609002
 -2.160000 13.739606 -165.417911
 -2.140000 10.464919 -143.864189
 -2.120000 7.618824 -129.181397
 -2.100000 5.012369 -123.251644
 -2.080000 2.418274 -125.009821
 -2.060000 -0.164850 -124.046050
 -2.040000 -2.656267 -118.860316
 -2.020000 -5.038303 -114.283500
 -2.000000 -7.315408 -109.977467
 -1.980000 -9.503868 -105.761325
 -1.960000 -11.615147 -102.835042
 -1.940000 -13.676546 -101.233516
 -1.920000 -15.692439 -98.225096
 -1.900000 -17.610181 -92.280693
 -1.880000 -19.391529 -85.175257
 -1.860000 -21.036826 -79.216591
 -1.840000 -22.591574 -76.382927
 -1.820000 -24.110221 -75.107352
 -1.800000 -25.587988 -72.024613
 -1.780000 -26.985682 -67.560043
 -1.760000 -28.299866 -63.953397
 -1.740000 -29.549131 -60.780720
 -1.720000 -30.724755 -56.558493
 -1.700000 -31.812061 -52.259512
 -1.680000 -32.822335 -48.839844
 -1.660000 -33.766820 -45.560379
 -1.640000 -34.646415 -42.475993
 -1.620000 -35.470238 -39.950169
 -1.600000 -36.244964 -37.497025
 -1.580000 -36.968694 -34.774843
 -1.560000 -37.629421 -31.096516
 -1.540000 -38.208290 -26.831819
 -1.520000 -38.711201 -23.772465
 -1.500000 -39.170519 -22.326556
 -1.480000 -39.605592 -21.110941
 -1.460000 -40.010940 -19.318136
 -1.440000 -40.374968 -17.030802
 -1.420000 -40.691294 -14.599716
 -1.400000 -40.958737 -12.132039
 -1.380000 -41.176025 -9.589881
 -1.360000 -41.342007 -6.999559
 -1.340000 -41.456040 -4.444763
 -1.320000 -41.523662 -2.468755
 -1.300000 -41.560535 -1.328378
 -1.280000 -41.578213 -0.424631
 -1.260000 -41.575244 0.781270
 -1.240000 -41.544490 2.318727
 -1.220000 -41.482234 3.876255
 -1.200000 -41.389246 5.456535
 -1.180000 -41.260073 7.546902
 -1.160000 -41.085929 9.765125
 -1.140000 -40.876983 10.865542
 -1.120000 -40.656829 11.143622
 -1.100000 -40.424812 12.202533
 -1.080000 -40.166678 13.452087
 -1.060000 -39.894014 13.625236
 -1.040000 -39.620787 13.820115
 -1.020000 -39.332125 15.189989
 -1.000000 -39.009170 17.040831
 -0.980000 -38.652920 18.438559
 -0.960000 -38.274503 19.260549
 -0.940000 -37.884960 19.612143
 -0.920000 -37.485176 20.487092
 -0.900000 -37.059242 22.005352
 -0.880000 -36.611359 22.449708
 -0.860000 -36.166945 21.863037
 -0.840000 -35.733556 21.471520
 -0.820000 -35.304207 21.416822
 -0.800000 -34.874446 21.489007
 -0.780000 -34.441630 21.807813
 -0.760000 -33.994114 23.040745
 -0.740000 -33.515646 24.620474
 -0.720000 -33.016935 24.892624
 -0.700000 -32.524490 24.235875
 -0.680000 -32.043664 23.788892
 -0.660000 -31.572284 23.128409
 -0.640000 -31.122408 21.601614
 -0.620000 -30.710890 19.431194
 -0.600000 -30.338454 18.016465
 -0.580000 -29.972758 18.882824
 -0.560000 -29.571254 21.271189
 -0.540000 -29.125496 22.949085
 -0.520000 -28.668262 22.259001
 -0.500000 -28.246524 19.763190
 -0.480000 -27.869338 18.191065
 -0.460000 -27.505810 18.253050
 -0.440000 -27.136775 18.489222
 -0.420000 -26.769986 18.010256
 -0.400000 -26.416774 17.308397
 -0.380000 -26.072597 17.084463
 -0.360000 -25.737628 16.056389
 -0.340000 -25.439389 13.652785
 -0.320000 -25.182820 12.286670
 -0.300000 -24.935673 12.547674
 -0.280000 -24.677946 13.149860
 -0.260000 -24.414205 12.926859
 -0.240000 -24.174904 10.574782
 -0.220000 -24.000140 6.887108
 -0.200000 -23.885729 5.071000
 -0.180000 -23.774698 6.403877
 -0.160000 -23.624274 8.454496
 -0.140000 -23.450092 8.502008
 -0.120000 -23.298793 6.378867
 -0.100000 -23.196554 3.913544
 -0.080000 -23.135911 2.326486
 -0.060000 -23.091749 2.437137
 -0.040000 -23.024934 4.382106
 -0.020000 -22.923468 5.203993
 0.000000 -22.845809 1.887418
 0.020000 -22.855028 -2.447446
 0.040000 -22.918462 -3.370721
 0.060000 -22.982636 -3.202315
 0.080000 -23.053572 -3.962011
 0.100000 -23.139432 -4.643233
 0.120000 -23.246853 -6.394928
 0.140000 -23.399661 -8.705906
 0.160000 -23.580122 -8.994388
 0.180000 -23.754932 -8.635729
 0.200000 -23.935946 -9.708388
 0.220000 -24.144860 -10.994059
 0.240000 -24.363423 -10.604274
 0.260000 -24.566580 -9.836373
 0.280000 -24.762726 -9.859640
 0.300000 -24.960946 -9.948126
 0.320000 -25.162314 -10.307801
 0.340000 -25.380509 -11.737915
 0.360000 -25.639151 -14.192851
 0.380000 -25.943850 -16.047929
 0.400000 -26.273845 -16.918449
 0.420000 -26.626051 -18.541313
 0.440000 -27.021962 -20.998912
 0.460000 -27.452672 -21.548803
 0.480000 -27.866830 -19.695070
 0.500000 -28.245450 -18.473943
 0.520000 -28.616833 -18.810391
 0.540000 -28.998199 -19.240345
 0.560000 -29.382508 -19.111340
 0.580000 -29.762370 -18.959680
 0.600000 -30.149043 -19.997235
 0.620000 -30.572838 -22.508612
 0.640000 -31.045540 -24.453248
 0.660000 -31.535064 -24.100300
 0.680000 -31.998920 -22.201203
 0.700000 -32.428318 -21.038166
 0.720000 -32.854906 -21.934683
 0.740000 -33.311220 -23.595150
 0.760000 -33.787196 -23.635211
 0.780000 -34.246922 -22.278980
 0.800000 -34.682697 -21.500214
 0.820000 -35.115194 -21.896460
 0.840000 -35.559449 -22.404018
 0.860000 -36.004154 -21.926758
 0.880000 -36.436463 -21.404304
 0.900000 -36.863524 -21.286294
 0.920000 -37.284454 -20.714795
 0.940000 -37.691949 -20.118709
 0.960000 -38.093886 -20.159204
 0.980000 -38.497927 -20.130908
 1.000000 -38.892552 -19.167223
 1.020000 -39.259944 -17.496195
 1.040000 -39.589864 -15.440594
 1.060000 -39.877264 -13.374884
 1.080000 -40.131413 -12.252177
 1.100000 -40.373954 -12.072940
 1.120000 -40.613045 -11.740790
 1.140000 -40.839734 -10.861931
 1.160000 -41.045857 -9.726534
 1.180000 -41.227478 -8.387063
 1.200000 -41.377633 -6.504096
 1.220000 -41.483288 -4.035897
 1.240000 -41.543029 -2.158996
 1.260000 -41.579138 -1.639872
 1.280000 -41.610194 -1.360885
 1.300000 -41.624408 0.219505
 1.320000 -41.591047 3.268240
 1.340000 -41.492833 6.423947
 1.360000 -41.340955 8.588130
 1.380000 -41.151621 10.379263
 1.400000 -40.921054 12.761473
 1.420000 -40.639981 15.243346
 1.440000 -40.315466 17.067081
 1.460000 -39.958096 18.672703
 1.480000 -39.564380 20.727578
 1.500000 -39.127109 22.904824
 1.520000 -38.648379 24.905631
 1.540000 -38.126218 27.361159
 1.560000 -37.547392 30.496392
 1.580000 -36.902821 33.853684
 1.600000 -36.189107 37.393883
 1.620000 -35.404425 40.801062
 1.640000 -34.555025 43.843070
 1.660000 -33.642762 47.051480
 1.680000 -32.667420 49.911182
 1.700000 -31.637933 52.519762
 1.720000 -30.547886 55.928425
 1.740000 -29.382589 59.649337
 1.760000 -28.144542 62.973013
 1.780000 -26.841929 65.715908
 1.800000 -25.478597 68.913089
 1.820000 -24.036090 73.336345
 1.840000 -22.491414 78.259400
 1.860000 -20.849189 81.889515
 1.880000 -19.143422 83.287711
 1.900000 -17.400827 85.523773
 1.920000 -15.576581 90.825119
 1.940000 -13.619907 97.449644
 1.960000 -11.517602 100.467509
 1.980000 -9.357387 100.906250
 2.000000 -7.167294 102.359795
 2.020000 -4.928899 106.624842
 2.040000 -2.574184 107.753767
 2.060000 -0.181169 110.121573
 2.080000 2.288228 115.980748
 2.100000 4.946719 117.405484
 2.120000 7.652773 121.825365
 2.140000 10.570709 136.723256
 2.160000 inf 0.000000
 2.180000 inf 0.000000
 2.200000 inf 0.000000
 2.220000 inf 0.000000
 2.240000 inf 0.000000
 2.260000 inf 0.000000
 2.280000 inf 0.000000
 2.300000 inf 0.000000
 2.320000 inf 0.000000
 2.340000 inf 0.000000
 2.360000 inf 0.000000
 2.380000 inf 0.000000
 2.400000 inf 0.000000
 2.420000 inf 0.000000
 2.440000 inf 0.000000
 2.460000 inf 0.000000
 2.480000 inf 0.000000
 2.500000 inf 0.000000
 2.520000 inf 0.000000
 2.540000 inf 0.000000
 2.560000 inf 0.000000
 2.580000 inf 0.000000
 2.600000 inf 0.000000
 2.620000 inf 0.000000
 2.640000 inf 0.000000
 2.660000 inf 0.000000
 2.680000 inf 0.000000
 2.700000 inf 0.000000
 2.720000 inf 0.000000
 2.740000 inf 0.000000
 2.760000 inf 0.000000
 2.780000 inf 0.000000
 2.800000 inf 0.000000
 2.820000 inf 0.000000
 2.840000 inf 0.000000
 2.860000 inf 0.000000
 2.880000 inf 0.000000
 2.900000 inf 0.000000
 2.920000 inf 0.000000
 2.940000 inf 0.000000
 2.960000 inf 0.000000
 2.980000 inf 0.000000
 3.000000 inf 0.000000
