#! FIELDS p.x fes dfes_p.x
#! SET normalisation  1.000000
#! SET min_p.x -3
#! SET max_p.x 3
#! SET nbins_p.x  301
#! SET periodic_p.x false
 -3.000000 inf 0.000000
 -2.980066 inf 0.000000
 -2.960133 inf 0.000000
 -2.940199 inf 0.000000
 -2.920266 inf 0.000000
 -2.900332 inf 0.000000
 -2.880399 inf 0.000000
 -2.860465 inf 0.000000
 -2.840532 inf 0.000000
 -2.820598 inf 0.000000
 -2.800664 inf 0.000000
 -2.780731 inf 0.000000
 -2.760797 inf 0.000000
 -2.740864 inf 0.000000
 -2.720930 inf 0.000000
 -2.700997 inf 0.000000
 -2.681063 inf 0.000000
 -2.661130 inf 0.000000
 -2.641196 inf 0.000000
 -2.621262 inf 0.000000
 -2.601329 inf 0.000000
 -2.581395 inf 0.000000
 -2.561462 inf 0.000000
 -2.541528 inf 0.000000
 -2.521595 inf 0.000000
 -2.501661 inf 0.000000
 -2.481728 inf 0.000000
 -2.461794 inf 0.000000
 -2.441860 inf 0.000000
 -2.421927 inf 0.000000
 -2.401993 inf 0.000000
 -2.382060 inf 0.000000
 -2.362126 inf 0.000000
 -2.342193 inf 0.000000
 -2.322259 inf 0.000000
 -2.302326 inf 0.000000
 -2.282392 inf 0.000000
 -2.262458 inf 0.000000
 -2.242525 inf 0.000000
 -2.222591 inf 0.000000
 -2.202658 inf 0.000000
 -2.182724 inf 0.000000
 -2.162791 inf 0.000000
 -2.142857 inf 0.000000
 -2.122924 inf 0.000000
 -2.102990 inf 0.000000
 -2.083056 50.424086 -429.323221
 -2.063123 43.777165 -239.113171
 -2.043189 40.739157 -74.916184
 -2.023256 39.642303 -86.011204
 -2.003322 37.300365 -118.520284
 -1.983389 34.889727 -128.866995
 -1.963455 32.593853 -101.823989
 -1.943522 30.534186 -104.062376
 -1.923588 28.456975 -103.253065
 -1.903654 26.347282 -107.730409
 -1.883721 24.265881 -98.817849
 -1.863787 22.382127 -93.987948
 -1.843854 20.561967 -85.858037
 -1.823920 18.920016 -82.814902
 -1.803987 17.230750 -82.731922
 -1.784053 15.673256 -75.319914
 -1.764120 14.225265 -70.151066
 -1.744186 12.847470 -67.434055
 -1.724252 11.616638 -56.624659
 -1.704319 10.475278 -58.634088
 -1.684385 9.368272 -52.414171
 -1.664452 8.327193 -51.150910
 -1.644518 7.319866 -50.059477
 -1.624585 6.368271 -45.451401
 -1.604651 5.528789 -38.492459
 -1.584718 4.764239 -39.025474
 -1.564784 4.045597 -31.738917
 -1.544850 3.428104 -32.234960
 -1.524917 2.802990 -29.227755
 -1.504983 2.247684 -26.797862
 -1.485050 1.746771 -23.028556
 -1.465116 1.339666 -18.463997
 -1.445183 0.981907 -17.448773
 -1.425249 0.653169 -15.260151
 -1.405316 0.377909 -13.095294
 -1.385382 0.108404 -13.725597
 -1.365449 -0.145893 -11.337795
 -1.345515 -0.318853 -6.013803
 -1.325581 -0.382029 -1.003598
 -1.305648 -0.432587 -3.953104
 -1.285714 -0.470827 0.055269
 -1.265781 -0.455106 1.588703
 -1.245847 -0.399826 4.034370
 -1.225914 -0.304523 5.109639
 -1.205980 -0.208556 4.618781
 -1.186047 -0.084781 7.754298
 -1.166113 0.080070 8.610107
 -1.146179 0.262040 10.200963
 -1.126246 0.483591 12.142263
 -1.106312 0.793025 16.929668
 -1.086379 1.074324 12.997932
 -1.066445 1.356457 14.928973
 -1.046512 1.679281 18.180455
 -1.026578 2.029888 14.336720
 -1.006645 2.313432 17.228419
 -0.986711 2.692456 18.605430
 -0.966777 3.051576 17.109128
 -0.946844 3.381755 17.161212
 -0.926910 3.749695 19.333291
 -0.906977 4.132911 19.576349
 -0.887043 4.550565 21.240429
 -0.867110 4.978762 22.136579
 -0.847176 5.439180 24.290959
 -0.827243 5.949430 25.039381
 -0.807309 6.395727 20.742882
 -0.787375 6.816600 21.728652
 -0.767442 7.288523 24.916714
 -0.747508 7.742358 20.382581
 -0.727575 8.156699 21.537897
 -0.707641 8.575557 20.609271
 -0.687708 8.997872 20.750580
 -0.667774 9.431647 23.916366
 -0.647841 9.919850 23.282656
 -0.627907 10.377372 24.522810
 -0.607973 10.876138 23.918854
 -0.588040 11.319538 20.193549
 -0.568106 11.684945 17.691371
 -0.548173 12.088534 23.019497
 -0.528239 12.536302 19.640970
 -0.508306 12.850276 14.246329
 -0.488372 13.205005 22.208826
 -0.468439 13.673845 20.987235
 -0.448505 14.045088 19.611671
 -0.428571 14.443650 18.221544
 -0.408638 14.770995 13.971734
 -0.388704 15.033027 15.853058
 -0.368771 15.420422 19.885083
 -0.348837 15.782636 15.241452
 -0.328904 16.040041 12.863242
 -0.308970 16.296688 13.698600
 -0.289037 16.547234 9.236917
 -0.269103 16.707996 8.189819
 -0.249169 16.880802 10.354164
 -0.229236 17.127708 11.422536
 -0.209302 17.310498 10.181859
 -0.189369 17.520321 6.693715
 -0.169435 17.517510 -1.193909
 -0.149502 17.632201 7.891468
 -0.129568 17.709668 1.097814
 -0.109635 17.797369 9.210757
 -0.089701 17.983208 5.416154
 -0.069767 17.950284 -5.492233
 -0.049834 17.922608 3.168990
 -0.029900 17.949618 -3.410652
 -0.009967 17.929714 6.537068
 0.009967 17.999250 -4.328917
 0.029900 17.880159 -4.024983
 0.049834 17.830642 -4.857192
 0.069767 17.724682 -1.995156
 0.089701 17.763085 3.343468
 0.109635 17.708650 -9.741017
 0.129568 17.569536 -3.024901
 0.149502 17.476872 -7.629532
 0.169435 17.260122 -10.866637
 0.189369 17.059040 -13.612982
 0.209302 16.771269 -12.005027
 0.229236 16.595536 -6.246925
 0.249169 16.506832 -5.791858
 0.269103 16.313441 -12.436580
 0.289037 16.029469 -16.571447
 0.308970 15.675185 -16.366767
 0.328904 15.425800 -11.777514
 0.348837 15.130330 -15.253317
 0.368771 14.892377 -12.039812
 0.388704 14.566098 -15.497574
 0.408638 14.300702 -16.665398
 0.428571 13.926543 -16.093494
 0.448505 13.541404 -32.162036
 0.468439 12.774594 -28.377827
 0.488372 12.528394 -6.594669
 0.508306 12.192144 -26.982315
 0.528239 11.677010 -23.002194
 0.548173 11.279208 -18.650810
 0.568106 10.907892 -15.347946
 0.588040 10.619514 -17.177472
 0.607973 10.256092 -17.619040
 0.627907 9.895490 -19.341829
 0.647841 9.491222 -21.236032
 0.667774 9.064940 -20.604859
 0.687708 8.606258 -30.125040
 0.707641 7.503172 -67.483512
 0.727575 6.823303 -10.639189
 0.747508 6.421630 -19.598744
 0.767442 5.919558 -44.570913
 0.787375 5.202077 -12.190103
 0.807309 5.119600 -9.936218
 0.827243 4.852301 -11.607099
 0.847176 4.630289 -14.055666
 0.867110 4.264284 -22.815538
 0.887043 3.827350 -17.249100
 0.906977 3.510890 -17.386527
 0.926910 3.143329 -18.634140
 0.946844 2.754190 -20.582851
 0.966777 2.419666 -12.804519
 0.986711 2.163882 -14.170273
 1.006645 1.816452 -20.971021
 1.026578 1.434768 -15.549423
 1.046512 1.189117 -10.540042
 1.066445 0.947548 -14.301542
 1.086379 0.648787 -14.839286
 1.106312 0.359688 -13.165323
 1.126246 0.132158 -10.681824
 1.146179 -0.077537 -10.282474
 1.166113 -0.286683 -10.199444
 1.186047 -0.449105 -7.037106
 1.205980 -0.573718 -4.908550
 1.225914 -0.662820 -4.749135
 1.245847 -0.739599 -2.353654
 1.265781 -0.782890 -2.540739
 1.285714 -0.824849 -0.697508
 1.305648 -0.774643 5.068493
 1.325581 -0.694592 3.129906
 1.345515 -0.607120 4.727287
 1.365449 -0.500647 6.601831
 1.385382 -0.334922 9.873681
 1.405316 -0.120204 11.927497
 1.425249 0.173791 17.060395
 1.445183 0.503880 15.920839
 1.465116 0.844958 18.204798
 1.485050 1.234736 21.273905
 1.504983 1.711371 25.148438
 1.524917 2.200462 25.608931
 1.544850 2.752175 26.910234
 1.564784 3.307977 33.414867
 1.584718 4.017786 34.972150
 1.604651 4.657038 28.861244
 1.624585 5.353210 42.228023
 1.644518 6.190193 46.178506
 1.664452 6.994119 24.397463
 1.684385 7.735388 59.402021
 1.704319 9.205152 92.591164
 1.724252 11.082427 76.204501
 1.744186 12.411545 63.586493
 1.764120 13.754014 71.809200
 1.784053 15.176296 69.384190
 1.803987 16.649788 78.507727
 1.823920 18.259847 88.647808
 1.843854 20.130444 91.332888
 1.863787 21.996469 95.666046
 1.883721 23.875748 92.527450
 1.903654 25.794233 101.746658
 1.923588 28.001926 117.255366
 1.943522 30.400366 121.361205
 1.963455 32.861606 123.284579
 1.983389 35.222282 106.540307
 2.003322 37.468176 133.118534
 2.023256 40.619608 170.699504
 2.043189 44.320622 215.070981
 2.063123 50.326801 354.684101
 2.083056 inf 0.000000
 2.102990 inf 0.000000
 2.122924 inf 0.000000
 2.142857 inf 0.000000
 2.162791 inf 0.000000
 2.182724 inf 0.000000
 2.202658 inf 0.000000
 2.222591 inf 0.000000
 2.242525 inf 0.000000
 2.262458 inf 0.000000
 2.282392 inf 0.000000
 2.302326 inf 0.000000
 2.322259 inf 0.000000
 2.342193 inf 0.000000
 2.362126 inf 0.000000
 2.382060 inf 0.000000
 2.401993 inf 0.000000
 2.421927 inf 0.000000
 2.441860 inf 0.000000
 2.461794 inf 0.000000
 2.481728 inf 0.000000
 2.501661 inf 0.000000
 2.521595 inf 0.000000
 2.541528 inf 0.000000
 2.561462 inf 0.000000
 2.581395 inf 0.000000
 2.601329 inf 0.000000
 2.621262 inf 0.000000
 2.641196 inf 0.000000
 2.661130 inf 0.000000
 2.681063 inf 0.000000
 2.700997 inf 0.000000
 2.720930 inf 0.000000
 2.740864 inf 0.000000
 2.760797 inf 0.000000
 2.780731 inf 0.000000
 2.800664 inf 0.000000
 2.820598 inf 0.000000
 2.840532 inf 0.000000
 2.860465 inf 0.000000
 2.880399 inf 0.000000
 2.900332 inf 0.000000
 2.920266 inf 0.000000
 2.940199 inf 0.000000
 2.960133 inf 0.000000
 2.980066 inf 0.000000
 3.000000 inf 0.000000
