#! FIELDS p.x fes dfes_p.x
#! SET normalisation  1.000000
#! SET min_p.x -3
#! SET max_p.x 3
#! SET nbins_p.x  301
#! SET periodic_p.x false
 -3.000000 inf 0.000000
 -2.980066 inf 0.000000
 -2.960133 inf 0.000000
 -2.940199 inf 0.000000
 -2.920266 inf 0.000000
 -2.900332 inf 0.000000
 -2.880399 inf 0.000000
 -2.860465 inf 0.000000
 -2.840532 inf 0.000000
 -2.820598 inf 0.000000
 -2.800664 inf 0.000000
 -2.780731 inf 0.000000
 -2.760797 inf 0.000000
 -2.740864 inf 0.000000
 -2.720930 inf 0.000000
 -2.700997 inf 0.000000
 -2.681063 inf 0.000000
 -2.661130 inf 0.000000
 -2.641196 inf 0.000000
 -2.621262 inf 0.000000
 -2.601329 inf 0.000000
 -2.581395 inf 0.000000
 -2.561462 inf 0.000000
 -2.541528 inf 0.000000
 -2.521595 inf 0.000000
 -2.501661 inf 0.000000
 -2.481728 inf 0.000000
 -2.461794 inf 0.000000
 -2.441860 inf 0.000000
 -2.421927 inf 0.000000
 -2.401993 inf 0.000000
 -2.382060 inf 0.000000
 -2.362126 inf 0.000000
 -2.342193 inf 0.000000
 -2.322259 inf 0.000000
 -2.302326 inf 0.000000
 -2.282392 inf 0.000000
 -2.262458 inf 0.000000
 -2.242525 inf 0.000000
 -2.222591 inf 0.000000
 -2.202658 inf 0.000000
 -2.182724 inf 0.000000
 -2.162791 inf 0.000000
 -2.142857 inf 0.000000
 -2.122924 inf 0.000000
 -2.102990 inf 0.000000
 -2.083056 inf 0.000000
 -2.063123 inf 0.000000
 -2.043189 inf 0.000000
 -2.023256 inf 0.000000
 -2.003322 45.609044 -463.240304
 -1.983389 38.147141 -288.548786
 -1.963455 33.701797 -175.765430
 -1.943522 30.721031 -122.393727
 -1.923588 28.438642 -114.735473
 -1.903654 26.444580 -86.485211
 -1.883721 24.481174 -114.106388
 -1.863787 21.922509 -136.679979
 -1.843854 19.926727 -61.614686
 -1.823920 18.664035 -78.892630
 -1.803987 17.019359 -79.511525
 -1.784053 15.483964 -74.768073
 -1.764120 14.071342 -66.969201
 -1.744186 12.776493 -64.579092
 -1.724252 11.543570 -59.699956
 -1.704319 10.345724 -57.373678
 -1.684385 9.283906 -54.036200
 -1.664452 8.139567 -56.805394
 -1.644518 7.133895 -45.601059
 -1.624585 6.210380 -46.105955
 -1.604651 5.362424 -38.404328
 -1.584718 4.607074 -40.305126
 -1.564784 3.832603 -34.472381
 -1.544850 3.204089 -30.115436
 -1.524917 2.608658 -29.012279
 -1.504983 2.096184 -25.039735
 -1.485050 1.532407 -28.764488
 -1.465116 1.047156 -19.618709
 -1.445183 0.669995 -19.389028
 -1.425249 0.312208 -15.285470
 -1.405316 0.056708 -11.757767
 -1.385382 -0.163883 -10.050390
 -1.365449 -0.356034 -9.336788
 -1.345515 -0.497714 -4.547004
 -1.325581 -0.558711 -1.759175
 -1.305648 -0.567159 0.831316
 -1.285714 -0.559420 -0.239331
 -1.265781 -0.544720 0.277420
 -1.245847 -0.562363 -0.268070
 -1.225914 -0.556244 0.359610
 -1.205980 -0.484127 7.632867
 -1.186047 -0.305208 9.401375
 -1.166113 -0.182462 2.698988
 -1.146179 -0.038724 12.494215
 -1.126246 0.196419 10.886679
 -1.106312 0.445024 15.046624
 -1.086379 0.790732 17.173617
 -1.066445 1.078594 13.185642
 -1.046512 1.348279 14.209761
 -1.026578 1.669553 18.227727
 -1.006645 2.038737 19.397069
 -0.986711 2.481395 22.211990
 -0.966777 2.857054 16.086196
 -0.946844 3.195297 19.591053
 -0.926910 3.610650 19.829112
 -0.906977 3.989228 19.008267
 -0.887043 4.354895 18.088541
 -0.867110 4.734680 19.981880
 -0.847176 5.162047 21.660716
 -0.827243 5.602904 23.673544
 -0.807309 6.052669 21.878131
 -0.787375 6.518835 23.727143
 -0.767442 6.930811 18.857565
 -0.747508 7.399823 28.868383
 -0.727575 7.992689 28.765438
 -0.707641 8.492378 21.081618
 -0.687708 8.894275 20.801853
 -0.667774 9.307195 21.909093
 -0.647841 9.766843 22.194650
 -0.627907 10.180580 20.638005
 -0.607973 10.618128 21.473059
 -0.588040 10.975785 16.091714
 -0.568106 11.304719 18.756855
 -0.548173 11.721528 19.542199
 -0.528239 12.078513 20.381444
 -0.508306 12.642779 30.467004
 -0.488372 12.993586 7.741400
 -0.468439 13.296415 23.449277
 -0.448505 13.743519 20.358658
 -0.428571 14.143821 16.434592
 -0.408638 14.398778 13.883963
 -0.388704 14.826671 24.934250
 -0.368771 15.229608 17.443679
 -0.348837 15.565020 16.136139
 -0.328904 15.899967 18.251598
 -0.308970 16.205166 11.270589
 -0.289037 16.421044 8.395893
 -0.269103 16.570508 8.739257
 -0.249169 16.775951 11.527736
 -0.229236 16.936641 0.467233
 -0.209302 16.837103 -3.737546
 -0.189369 16.995725 19.562784
 -0.169435 17.282516 5.588236
 -0.149502 17.385895 6.038290
 -0.129568 17.531078 7.757241
 -0.109635 17.645511 5.798229
 -0.089701 17.964525 22.310593
 -0.069767 18.192680 0.145132
 -0.049834 18.168699 4.754664
 -0.029900 18.431426 14.029638
 -0.009967 18.509981 -2.744631
 0.009967 18.495669 -0.077330
 0.029900 18.477795 -1.644173
 0.049834 18.347944 -10.285093
 0.069767 18.225303 -1.904176
 0.089701 18.108860 -12.099817
 0.109635 17.905833 -4.990816
 0.129568 17.769429 -11.122368
 0.149502 17.683102 2.416768
 0.169435 17.712194 0.282700
 0.189369 17.612273 -9.300086
 0.209302 17.340262 -16.719891
 0.229236 17.044297 -14.767807
 0.249169 16.745217 -14.692886
 0.269103 16.387068 -19.685937
 0.289037 16.117994 -8.971139
 0.308970 15.835157 -18.166819
 0.328904 15.602675 -2.860788
 0.348837 15.552936 -10.334266
 0.368771 15.084388 -35.830315
 0.388704 14.535199 -13.270682
 0.408638 14.257465 -20.056410
 0.428571 13.694287 -29.770903
 0.448505 13.368342 -5.398593
 0.468439 13.190856 -16.347993
 0.488372 12.793893 -19.753108
 0.508306 12.440903 -16.554708
 0.528239 12.022166 -27.009998
 0.548173 11.465079 -21.001154
 0.568106 11.168609 -13.352994
 0.588040 10.897504 -14.846048
 0.607973 10.507232 -21.384431
 0.627907 10.105831 -20.301066
 0.647841 9.680806 -23.879655
 0.667774 9.163076 -27.579600
 0.687708 8.497355 -45.384962
 0.707641 6.822135 -88.853273
 0.727575 6.007546 -11.468878
 0.747508 5.587864 -17.018524
 0.767442 5.090801 -50.652728
 0.787375 4.323216 -8.040151
 0.807309 4.387554 -3.967846
 0.827243 4.248113 -3.620055
 0.847176 4.154148 -9.307229
 0.867110 3.857659 -21.680590
 0.887043 3.498702 -8.998924
 0.906977 3.291134 -16.093633
 0.926910 2.972475 -13.402351
 0.946844 2.683616 -16.667831
 0.966777 2.432129 -8.718751
 0.986711 2.247211 -10.910588
 1.006645 1.945096 -19.885345
 1.026578 1.566727 -15.289839
 1.046512 1.305473 -10.970343
 1.066445 1.031928 -19.712494
 1.086379 0.701489 -9.887957
 1.106312 0.502649 -12.665982
 1.126246 0.257314 -9.740063
 1.146179 0.121488 -6.056584
 1.166113 -0.063910 -12.233825
 1.186047 -0.308486 -10.602056
 1.205980 -0.483583 -7.677737
 1.225914 -0.606697 -3.661290
 1.245847 -0.636325 -0.767362
 1.265781 -0.673839 -2.475858
 1.285714 -0.726435 -2.108465
 1.305648 -0.698536 5.197569
 1.325581 -0.552372 8.026504
 1.345515 -0.416867 4.527071
 1.365449 -0.352272 3.721821
 1.385382 -0.228519 7.753618
 1.405316 -0.058991 10.695464
 1.425249 0.234481 17.532785
 1.445183 0.582424 17.110247
 1.465116 0.932065 17.630852
 1.485050 1.311107 22.022736
 1.504983 1.778509 23.608735
 1.524917 2.241402 25.127459
 1.544850 2.825877 30.874998
 1.564784 3.446822 30.006469
 1.584718 4.009978 28.175429
 1.604651 4.442297 15.299664
 1.624585 4.965979 36.867853
 1.644518 5.635409 39.398422
 1.664452 6.283465 13.203179
 1.684385 6.935143 61.781550
 1.704319 8.548835 110.306480
 1.724252 11.057871 95.997393
 1.744186 12.325785 54.293307
 1.764120 13.754592 87.678713
 1.784053 15.423670 80.263577
 1.803987 17.106404 83.846519
 1.823920 18.714099 79.460453
 1.843854 20.384054 91.228442
 1.863787 22.284295 91.094309
 1.883721 24.114959 104.027280
 1.903654 26.326003 113.501241
 1.923588 28.654193 124.953930
 1.943522 31.481774 138.708627
 1.963455 33.689905 107.216049
 1.983389 36.214660 88.937233
 2.003322 37.426357 93.763068
 2.023256 40.912312 262.712335
 2.043189 inf 0.000000
 2.063123 inf 0.000000
 2.083056 inf 0.000000
 2.102990 inf 0.000000
 2.122924 inf 0.000000
 2.142857 inf 0.000000
 2.162791 inf 0.000000
 2.182724 inf 0.000000
 2.202658 inf 0.000000
 2.222591 inf 0.000000
 2.242525 inf 0.000000
 2.262458 inf 0.000000
 2.282392 inf 0.000000
 2.302326 inf 0.000000
 2.322259 inf 0.000000
 2.342193 inf 0.000000
 2.362126 inf 0.000000
 2.382060 inf 0.000000
 2.401993 inf 0.000000
 2.421927 inf 0.000000
 2.441860 inf 0.000000
 2.461794 inf 0.000000
 2.481728 inf 0.000000
 2.501661 inf 0.000000
 2.521595 inf 0.000000
 2.541528 inf 0.000000
 2.561462 inf 0.000000
 2.581395 inf 0.000000
 2.601329 inf 0.000000
 2.621262 inf 0.000000
 2.641196 inf 0.000000
 2.661130 inf 0.000000
 2.681063 inf 0.000000
 2.700997 inf 0.000000
 2.720930 inf 0.000000
 2.740864 inf 0.000000
 2.760797 inf 0.000000
 2.780731 inf 0.000000
 2.800664 inf 0.000000
 2.820598 inf 0.000000
 2.840532 inf 0.000000
 2.860465 inf 0.000000
 2.880399 inf 0.000000
 2.900332 inf 0.000000
 2.920266 inf 0.000000
 2.940199 inf 0.000000
 2.960133 inf 0.000000
 2.980066 inf 0.000000
 3.000000 inf 0.000000
