#! FIELDS p.x fes dfes_p.x
#! SET normalisation  1.000000
#! SET min_p.x -3
#! SET max_p.x 3
#! SET nbins_p.x  301
#! SET periodic_p.x false
 -3.000000 inf 0.000000
 -2.980066 inf 0.000000
 -2.960133 inf 0.000000
 -2.940199 inf 0.000000
 -2.920266 inf 0.000000
 -2.900332 inf 0.000000
 -2.880399 inf 0.000000
 -2.860465 inf 0.000000
 -2.840532 inf 0.000000
 -2.820598 inf 0.000000
 -2.800664 inf 0.000000
 -2.780731 inf 0.000000
 -2.760797 inf 0.000000
 -2.740864 inf 0.000000
 -2.720930 inf 0.000000
 -2.700997 inf 0.000000
 -2.681063 inf 0.000000
 -2.661130 inf 0.000000
 -2.641196 inf 0.000000
 -2.621262 inf 0.000000
 -2.601329 inf 0.000000
 -2.581395 inf 0.000000
 -2.561462 inf 0.000000
 -2.541528 inf 0.000000
 -2.521595 inf 0.000000
 -2.501661 inf 0.000000
 -2.481728 inf 0.000000
 -2.461794 inf 0.000000
 -2.441860 inf 0.000000
 -2.421927 inf 0.000000
 -2.401993 inf 0.000000
 -2.382060 inf 0.000000
 -2.362126 inf 0.000000
 -2.342193 inf 0.000000
 -2.322259 inf 0.000000
 -2.302326 inf 0.000000
 -2.282392 inf 0.000000
 -2.262458 inf 0.000000
 -2.242525 inf 0.000000
 -2.222591 inf 0.000000
 -2.202658 inf 0.000000
 -2.182724 inf 0.000000
 -2.162791 inf 0.000000
 -2.142857 inf 0.000000
 -2.122924 inf 0.000000
 -2.102990 inf 0.000000
 -2.083056 50.403513 -429.323221
 -2.063123 43.756593 -239.113171
 -2.043189 40.718584 -74.916184
 -2.023256 39.621736 -86.008944
 -2.003322 37.282266 -117.986868
 -1.983389 34.901336 -127.468499
 -1.963455 32.612613 -101.905086
 -1.943522 30.552671 -103.885573
 -1.923588 28.476215 -103.294355
 -1.903654 26.365251 -107.909034
 -1.883721 24.276376 -99.672194
 -1.863787 22.376224 -94.362850
 -1.843854 20.553525 -85.867204
 -1.823920 18.911228 -82.750683
 -1.803987 17.235334 -81.845351
 -1.784053 15.676378 -75.950729
 -1.764120 14.218735 -70.505170
 -1.744186 12.842095 -66.931080
 -1.724252 11.616664 -56.718065
 -1.704319 10.475223 -58.560558
 -1.684385 9.368669 -52.274674
 -1.664452 8.330690 -51.166544
 -1.644518 7.326736 -49.642644
 -1.624585 6.379488 -45.336359
 -1.604651 5.542008 -38.429831
 -1.584718 4.778371 -39.303510
 -1.564784 4.049865 -31.985513
 -1.544850 3.434899 -31.867335
 -1.524917 2.815112 -29.261799
 -1.504983 2.256891 -26.868574
 -1.485050 1.756781 -22.762199
 -1.465116 1.350843 -19.006975
 -1.445183 0.982761 -17.594477
 -1.425249 0.653928 -15.269561
 -1.405316 0.377633 -13.235187
 -1.385382 0.106120 -13.671755
 -1.365449 -0.144485 -11.081584
 -1.345515 -0.310529 -5.692470
 -1.325581 -0.371897 -1.048862
 -1.305648 -0.425834 -4.212728
 -1.285714 -0.464173 0.294742
 -1.265781 -0.444695 1.719225
 -1.245847 -0.386569 4.221476
 -1.225914 -0.292146 4.679584
 -1.205980 -0.205576 4.382689
 -1.186047 -0.079499 8.102476
 -1.166113 0.090410 8.617892
 -1.146179 0.272597 10.346404
 -1.126246 0.489869 11.775433
 -1.106312 0.798843 16.919125
 -1.086379 1.075435 12.777067
 -1.066445 1.355249 14.890266
 -1.046512 1.678330 18.247843
 -1.026578 2.030682 14.411082
 -1.006645 2.315155 17.213729
 -0.986711 2.694356 18.731869
 -0.966777 3.057182 17.267169
 -0.946844 3.391044 17.328963
 -0.926910 3.757825 19.275876
 -0.906977 4.148470 19.979654
 -0.887043 4.563476 20.913673
 -0.867110 4.988882 22.059108
 -0.847176 5.444932 23.932571
 -0.827243 5.948984 24.911390
 -0.807309 6.395391 20.857919
 -0.787375 6.820348 21.820920
 -0.767442 7.290224 24.914277
 -0.747508 7.747230 20.518439
 -0.727575 8.157568 21.045299
 -0.707641 8.571126 20.521483
 -0.687708 8.990346 20.616809
 -0.667774 9.423572 23.962308
 -0.647841 9.912757 23.319940
 -0.627907 10.371956 24.738756
 -0.607973 10.879475 24.390905
 -0.588040 11.325235 20.079189
 -0.568106 11.688305 17.593661
 -0.548173 12.094485 23.444190
 -0.528239 12.554396 20.415098
 -0.508306 12.869944 13.357179
 -0.488372 13.211917 22.073103
 -0.468439 13.685085 21.528486
 -0.448505 14.059545 19.412127
 -0.428571 14.458745 18.546765
 -0.408638 14.800917 15.125248
 -0.388704 15.079470 15.864493
 -0.368771 15.451496 18.849174
 -0.348837 15.800414 14.887178
 -0.328904 16.049301 12.435135
 -0.308970 16.301161 13.685591
 -0.289037 16.553722 9.335974
 -0.269103 16.714475 8.141685
 -0.249169 16.890357 10.813057
 -0.229236 17.144477 11.554577
 -0.209302 17.334416 10.439223
 -0.189369 17.534548 5.966842
 -0.169435 17.520696 -1.698363
 -0.149502 17.635132 8.755586
 -0.129568 17.733260 1.228372
 -0.109635 17.810718 8.550899
 -0.089701 17.986674 4.988028
 -0.069767 17.941839 -5.912809
 -0.049834 17.911702 3.206329
 -0.029900 17.940111 -3.363294
 -0.009967 17.920948 6.617704
 0.009967 17.991043 -4.397966
 0.029900 17.870296 -4.082269
 0.049834 17.819952 -4.918592
 0.069767 17.713116 -1.996993
 0.089701 17.751605 3.334244
 0.109635 17.696155 -9.823485
 0.129568 17.556325 -3.032115
 0.149502 17.463358 -7.631463
 0.169435 17.246679 -10.862277
 0.189369 17.045652 -13.634011
 0.209302 16.757287 -12.025810
 0.229236 16.581416 -6.236375
 0.249169 16.493609 -5.721285
 0.269103 16.305509 -11.822652
 0.289037 16.027715 -16.963829
 0.308970 15.665364 -16.518890
 0.328904 15.415707 -11.738011
 0.348837 15.120686 -15.232350
 0.368771 14.883112 -12.078334
 0.388704 14.554848 -15.550650
 0.408638 14.289601 -16.683937
 0.428571 13.914268 -16.131824
 0.448505 13.529262 -32.131836
 0.468439 12.762937 -28.358685
 0.488372 12.517855 -6.544294
 0.508306 12.180157 -27.136124
 0.528239 11.663715 -22.972079
 0.548173 11.267516 -18.512345
 0.568106 10.898082 -15.345372
 0.588040 10.611390 -17.048455
 0.607973 10.249363 -17.651210
 0.627907 9.884788 -19.574088
 0.647841 9.478613 -21.246081
 0.667774 9.052551 -20.576532
 0.687708 8.594052 -30.182716
 0.707641 7.486713 -67.690497
 0.727575 6.805633 -10.619844
 0.747508 6.403932 -19.589212
 0.767442 5.902620 -44.559161
 0.787375 5.185011 -12.164015
 0.807309 5.103412 -9.914340
 0.827243 4.836112 -11.600358
 0.847176 4.615641 -13.910940
 0.867110 4.251658 -22.792036
 0.887043 3.815622 -17.132157
 0.906977 3.501319 -17.276322
 0.926910 3.138162 -18.378707
 0.946844 2.750024 -20.742175
 0.966777 2.413469 -12.720071
 0.986711 2.158502 -14.320431
 1.006645 1.811047 -20.807707
 1.026578 1.428136 -15.781061
 1.046512 1.180758 -10.430906
 1.066445 0.941653 -14.363277
 1.086379 0.640204 -14.914878
 1.106312 0.352193 -12.949638
 1.126246 0.128359 -10.636042
 1.146179 -0.082386 -10.237159
 1.166113 -0.287403 -10.017303
 1.186047 -0.450680 -7.194222
 1.205980 -0.577129 -4.917105
 1.225914 -0.665277 -4.691442
 1.245847 -0.743404 -2.552078
 1.265781 -0.788849 -2.441622
 1.285714 -0.827338 -0.689748
 1.305648 -0.778657 5.140708
 1.325581 -0.694700 3.323655
 1.345515 -0.606977 4.622860
 1.365449 -0.502735 6.392167
 1.385382 -0.340926 9.924738
 1.405316 -0.121227 12.126792
 1.425249 0.172046 16.968789
 1.445183 0.503148 15.982850
 1.465116 0.839221 17.818345
 1.485050 1.224605 21.196319
 1.504983 1.700561 25.085806
 1.524917 2.189055 25.622947
 1.544850 2.740952 26.899727
 1.564784 3.297644 33.567541
 1.584718 4.009867 34.956222
 1.604651 4.646561 28.688967
 1.624585 5.341249 42.211006
 1.644518 6.175789 46.085562
 1.664452 6.978698 24.237009
 1.684385 7.717005 59.341961
 1.704319 9.187345 92.717574
 1.724252 11.069373 76.463154
 1.744186 12.401003 63.502185
 1.764120 13.741202 71.843901
 1.784053 15.169327 69.990678
 1.803987 16.653230 78.201585
 1.823920 18.245944 88.161856
 1.843854 20.115529 91.437235
 1.863787 21.983060 95.707454
 1.883721 23.862920 92.551310
 1.903654 25.781813 101.811733
 1.923588 27.995318 117.854820
 1.943522 30.405596 121.308248
 1.963455 32.847481 122.332928
 1.983389 35.201710 106.540307
 2.003322 37.447603 133.118534
 2.023256 40.599036 170.699504
 2.043189 44.300049 215.070981
 2.063123 50.306228 354.684101
 2.083056 inf 0.000000
 2.102990 inf 0.000000
 2.122924 inf 0.000000
 2.142857 inf 0.000000
 2.162791 inf 0.000000
 2.182724 inf 0.000000
 2.202658 inf 0.000000
 2.222591 inf 0.000000
 2.242525 inf 0.000000
 2.262458 inf 0.000000
 2.282392 inf 0.000000
 2.302326 inf 0.000000
 2.322259 inf 0.000000
 2.342193 inf 0.000000
 2.362126 inf 0.000000
 2.382060 inf 0.000000
 2.401993 inf 0.000000
 2.421927 inf 0.000000
 2.441860 inf 0.000000
 2.461794 inf 0.000000
 2.481728 inf 0.000000
 2.501661 inf 0.000000
 2.521595 inf 0.000000
 2.541528 inf 0.000000
 2.561462 inf 0.000000
 2.581395 inf 0.000000
 2.601329 inf 0.000000
 2.621262 inf 0.000000
 2.641196 inf 0.000000
 2.661130 inf 0.000000
 2.681063 inf 0.000000
 2.700997 inf 0.000000
 2.720930 inf 0.000000
 2.740864 inf 0.000000
 2.760797 inf 0.000000
 2.780731 inf 0.000000
 2.800664 inf 0.000000
 2.820598 inf 0.000000
 2.840532 inf 0.000000
 2.860465 inf 0.000000
 2.880399 inf 0.000000
 2.900332 inf 0.000000
 2.920266 inf 0.000000
 2.940199 inf 0.000000
 2.960133 inf 0.000000
 2.980066 inf 0.000000
 3.000000 inf 0.000000
