#! FIELDS p.x fes dfes_p.x
#! SET normalisation  1.000000
#! SET min_p.x -3
#! SET max_p.x 3
#! SET nbins_p.x  301
#! SET periodic_p.x false
 -3.000000 inf 0.000000
 -2.980066 inf 0.000000
 -2.960133 inf 0.000000
 -2.940199 inf 0.000000
 -2.920266 inf 0.000000
 -2.900332 inf 0.000000
 -2.880399 inf 0.000000
 -2.860465 inf 0.000000
 -2.840532 inf 0.000000
 -2.820598 inf 0.000000
 -2.800664 inf 0.000000
 -2.780731 inf 0.000000
 -2.760797 inf 0.000000
 -2.740864 inf 0.000000
 -2.720930 inf 0.000000
 -2.700997 inf 0.000000
 -2.681063 inf 0.000000
 -2.661130 inf 0.000000
 -2.641196 inf 0.000000
 -2.621262 inf 0.000000
 -2.601329 inf 0.000000
 -2.581395 inf 0.000000
 -2.561462 inf 0.000000
 -2.541528 inf 0.000000
 -2.521595 inf 0.000000
 -2.501661 inf 0.000000
 -2.481728 inf 0.000000
 -2.461794 inf 0.000000
 -2.441860 inf 0.000000
 -2.421927 inf 0.000000
 -2.401993 inf 0.000000
 -2.382060 inf 0.000000
 -2.362126 inf 0.000000
 -2.342193 inf 0.000000
 -2.322259 inf 0.000000
 -2.302326 inf 0.000000
 -2.282392 inf 0.000000
 -2.262458 inf 0.000000
 -2.242525 inf 0.000000
 -2.222591 inf 0.000000
 -2.202658 inf 0.000000
 -2.182724 inf 0.000000
 -2.162791 inf 0.000000
 -2.142857 inf 0.000000
 -2.122924 inf 0.000000
 -2.102990 inf 0.000000
 -2.083056 49.438239 -429.152148
 -2.063123 42.795169 -238.870089
 -2.043189 39.774567 -71.957699
 -2.023256 39.210713 -12.212905
 -2.003322 38.653241 -52.589815
 -1.983389 35.616208 -204.982236
 -1.963455 32.643350 -106.567609
 -1.943522 30.539912 -105.823495
 -1.923588 28.389529 -101.120074
 -1.903654 26.382456 -109.136464
 -1.883721 24.173826 -105.259385
 -1.863787 22.231922 -95.292309
 -1.843854 20.402935 -83.200921
 -1.823920 18.815884 -81.254769
 -1.803987 17.202910 -78.454816
 -1.784053 15.672393 -73.094702
 -1.764120 14.261323 -74.026229
 -1.744186 12.736869 -72.334882
 -1.724252 11.525901 -51.707875
 -1.704319 10.440555 -61.315245
 -1.684385 9.225023 -54.696513
 -1.664452 8.218154 -49.837889
 -1.644518 7.208357 -52.180832
 -1.624585 6.218687 -43.718341
 -1.604651 5.454761 -35.542235
 -1.584718 4.701423 -39.047423
 -1.564784 4.014363 -30.947793
 -1.544850 3.383041 -32.114164
 -1.524917 2.785384 -28.385242
 -1.504983 2.210023 -27.768619
 -1.485050 1.724343 -21.972467
 -1.465116 1.308324 -20.292532
 -1.445183 0.902817 -19.053579
 -1.425249 0.556494 -14.399632
 -1.405316 0.337671 -11.672167
 -1.385382 0.063154 -13.712120
 -1.365449 -0.194780 -12.377145
 -1.345515 -0.373419 -5.446043
 -1.325581 -0.455233 -2.434487
 -1.305648 -0.519471 -5.372737
 -1.285714 -0.552292 2.869989
 -1.265781 -0.487834 2.579416
 -1.245847 -0.454519 3.278176
 -1.225914 -0.322588 6.952122
 -1.205980 -0.236961 3.044892
 -1.186047 -0.157732 4.690780
 -1.166113 -0.015237 9.647767
 -1.146179 0.196196 11.021514
 -1.126246 0.357456 7.206174
 -1.106312 0.670926 21.136013
 -1.086379 0.964627 11.586245
 -1.066445 1.245653 15.575301
 -1.046512 1.591868 19.294060
 -1.026578 1.959218 14.622561
 -1.006645 2.234476 16.901763
 -0.986711 2.585314 16.000636
 -0.966777 2.917496 16.849013
 -0.946844 3.227596 16.502093
 -0.926910 3.608819 20.377480
 -0.906977 4.034746 23.587267
 -0.887043 4.507168 20.019120
 -0.867110 4.913520 24.537642
 -0.847176 5.406625 22.810518
 -0.827243 5.879112 23.812386
 -0.807309 6.304007 20.109688
 -0.787375 6.751329 23.024976
 -0.767442 7.232106 26.641388
 -0.747508 7.707091 18.398014
 -0.727575 8.014523 14.253440
 -0.707641 8.314345 18.785736
 -0.687708 8.779715 24.066203
 -0.667774 9.260706 24.822102
 -0.647841 9.755338 25.238450
 -0.627907 10.271873 27.056634
 -0.607973 10.835317 27.798772
 -0.588040 11.318198 18.235902
 -0.568106 11.607751 15.172439
 -0.548173 12.057541 29.301518
 -0.528239 12.597097 18.977567
 -0.508306 12.822791 11.999992
 -0.488372 13.243242 29.481563
 -0.468439 13.880518 26.336468
 -0.448505 14.205913 13.643420
 -0.428571 14.586872 26.297288
 -0.408638 15.149044 21.595501
 -0.388704 15.417866 12.336191
 -0.368771 15.731228 15.779086
 -0.348837 16.100434 21.859032
 -0.328904 16.398866 5.979287
 -0.308970 16.469818 5.191241
 -0.289037 16.626193 10.435043
 -0.269103 16.822476 7.965721
 -0.249169 16.946232 6.732258
 -0.229236 17.145738 10.925733
 -0.209302 17.307804 7.008209
 -0.189369 17.458008 4.820519
 -0.169435 17.378422 -6.012328
 -0.149502 17.528069 17.137107
 -0.129568 17.718391 -2.643926
 -0.109635 17.748378 11.803438
 -0.089701 18.026839 10.488998
 -0.069767 18.014663 -9.170234
 -0.049834 17.936395 2.677056
 -0.029900 18.049486 3.616723
 -0.009967 18.053711 2.314001
 0.009967 18.023949 -10.123763
 0.029900 17.720038 -11.148959
 0.049834 17.668433 -4.408987
 0.069767 17.571141 1.326074
 0.089701 17.685440 9.538843
 0.109635 17.651509 -20.845977
 0.129568 17.396968 1.108032
 0.149502 17.372699 -7.608848
 0.169435 17.104832 -12.170184
 0.189369 16.927639 -16.167645
 0.209302 16.524053 -15.754900
 0.229236 16.350391 -2.786720
 0.249169 16.370230 -2.673986
 0.269103 16.150053 -12.026667
 0.289037 15.961940 -10.467545
 0.308970 15.653755 -19.766838
 0.328904 15.317391 -11.612775
 0.348837 15.090889 -14.418226
 0.368771 14.846837 -13.430566
 0.388704 14.486039 -14.514263
 0.408638 14.231902 -20.789538
 0.428571 13.735175 -19.805547
 0.448505 13.225164 -46.789828
 0.468439 12.195914 -33.590357
 0.488372 11.997042 0.460298
 0.508306 11.681949 -32.514270
 0.528239 11.110778 -22.775658
 0.548173 10.744165 -16.423816
 0.568106 10.397820 -13.423570
 0.588040 10.199455 -11.512771
 0.607973 9.912293 -16.585238
 0.627907 9.550369 -18.529987
 0.647841 9.193648 -18.520790
 0.667774 8.821922 -16.458510
 0.687708 8.422458 -36.868620
 0.707641 6.820608 -87.009137
 0.727575 6.045583 -8.731513
 0.747508 5.621715 -19.457902
 0.767442 5.109142 -50.567833
 0.787375 4.324786 -9.779326
 0.807309 4.356838 -4.843677
 0.827243 4.166837 -6.940117
 0.847176 4.062964 -8.624083
 0.867110 3.747410 -23.380223
 0.887043 3.333353 -12.516670
 0.906977 3.108049 -13.661991
 0.926910 2.795116 -17.255085
 0.946844 2.411978 -20.802711
 0.966777 2.134868 -7.685308
 0.986711 1.969566 -10.464858
 1.006645 1.643186 -21.071959
 1.026578 1.319264 -11.335084
 1.046512 1.145308 -5.773878
 1.066445 0.934085 -17.580104
 1.086379 0.596485 -15.134062
 1.106312 0.309978 -11.578520
 1.126246 0.131664 -9.334216
 1.146179 -0.090193 -10.822804
 1.166113 -0.278629 -9.358052
 1.186047 -0.446525 -7.082074
 1.205980 -0.560614 -4.060847
 1.225914 -0.623214 -3.184850
 1.245847 -0.691512 -4.327836
 1.265781 -0.788656 -2.502180
 1.285714 -0.778721 1.210812
 1.305648 -0.739692 3.142870
 1.325581 -0.680910 3.147091
 1.345515 -0.575940 6.191460
 1.365449 -0.454254 6.798481
 1.385382 -0.313155 5.405882
 1.405316 -0.200194 9.591764
 1.425249 0.110592 19.646709
 1.445183 0.477986 15.283188
 1.465116 0.762389 15.018048
 1.485050 1.121451 21.122041
 1.504983 1.586519 23.912010
 1.524917 2.017298 21.123564
 1.544850 2.499555 22.152209
 1.564784 2.930269 30.865786
 1.584718 3.658286 35.046959
 1.604651 4.179311 18.980294
 1.624585 4.775971 41.857742
 1.644518 5.581102 44.965860
 1.664452 6.272145 12.936685
 1.684385 6.905088 60.263030
 1.704319 8.478950 105.691802
 1.724252 10.767120 88.892204
 1.744186 12.165950 61.936744
 1.764120 13.515245 79.941775
 1.784053 15.081657 66.366735
 1.803987 16.354669 65.701434
 1.823920 17.815400 91.158134
 1.843854 19.807736 95.610698
 1.863787 21.807858 105.998610
 1.883721 23.827533 92.038112
 1.903654 25.518280 85.429474
 1.923588 27.753500 141.572364
 1.943522 30.825237 150.165515
 1.963455 34.069911 177.162203
 1.983389 36.406994 41.273541
 2.003322 37.966123 142.835913
 2.023256 42.576361 320.720158
 2.043189 inf 0.000000
 2.063123 inf 0.000000
 2.083056 inf 0.000000
 2.102990 inf 0.000000
 2.122924 inf 0.000000
 2.142857 inf 0.000000
 2.162791 inf 0.000000
 2.182724 inf 0.000000
 2.202658 inf 0.000000
 2.222591 inf 0.000000
 2.242525 inf 0.000000
 2.262458 inf 0.000000
 2.282392 inf 0.000000
 2.302326 inf 0.000000
 2.322259 inf 0.000000
 2.342193 inf 0.000000
 2.362126 inf 0.000000
 2.382060 inf 0.000000
 2.401993 inf 0.000000
 2.421927 inf 0.000000
 2.441860 inf 0.000000
 2.461794 inf 0.000000
 2.481728 inf 0.000000
 2.501661 inf 0.000000
 2.521595 inf 0.000000
 2.541528 inf 0.000000
 2.561462 inf 0.000000
 2.581395 inf 0.000000
 2.601329 inf 0.000000
 2.621262 inf 0.000000
 2.641196 inf 0.000000
 2.661130 inf 0.000000
 2.681063 inf 0.000000
 2.700997 inf 0.000000
 2.720930 inf 0.000000
 2.740864 inf 0.000000
 2.760797 inf 0.000000
 2.780731 inf 0.000000
 2.800664 inf 0.000000
 2.820598 inf 0.000000
 2.840532 inf 0.000000
 2.860465 inf 0.000000
 2.880399 inf 0.000000
 2.900332 inf 0.000000
 2.920266 inf 0.000000
 2.940199 inf 0.000000
 2.960133 inf 0.000000
 2.980066 inf 0.000000
 3.000000 inf 0.000000
