#! FIELDS p.x fes dfes_p.x
#! SET normalisation  1.000000
#! SET min_p.x -3
#! SET max_p.x 3
#! SET nbins_p.x  301
#! SET periodic_p.x false
 -3.000000 inf 0.000000
 -2.980066 inf 0.000000
 -2.960133 inf 0.000000
 -2.940199 inf 0.000000
 -2.920266 inf 0.000000
 -2.900332 inf 0.000000
 -2.880399 inf 0.000000
 -2.860465 inf 0.000000
 -2.840532 inf 0.000000
 -2.820598 inf 0.000000
 -2.800664 inf 0.000000
 -2.780731 inf 0.000000
 -2.760797 inf 0.000000
 -2.740864 inf 0.000000
 -2.720930 inf 0.000000
 -2.700997 inf 0.000000
 -2.681063 inf 0.000000
 -2.661130 inf 0.000000
 -2.641196 inf 0.000000
 -2.621262 inf 0.000000
 -2.601329 inf 0.000000
 -2.581395 inf 0.000000
 -2.561462 inf 0.000000
 -2.541528 inf 0.000000
 -2.521595 inf 0.000000
 -2.501661 inf 0.000000
 -2.481728 inf 0.000000
 -2.461794 inf 0.000000
 -2.441860 inf 0.000000
 -2.421927 inf 0.000000
 -2.401993 inf 0.000000
 -2.382060 inf 0.000000
 -2.362126 inf 0.000000
 -2.342193 inf 0.000000
 -2.322259 inf 0.000000
 -2.302326 inf 0.000000
 -2.282392 inf 0.000000
 -2.262458 inf 0.000000
 -2.242525 inf 0.000000
 -2.222591 inf 0.000000
 -2.202658 inf 0.000000
 -2.182724 inf 0.000000
 -2.162791 inf 0.000000
 -2.142857 inf 0.000000
 -2.122924 inf 0.000000
 -2.102990 inf 0.000000
 -2.083056 inf 0.000000
 -2.063123 inf 0.000000
 -2.043189 inf 0.000000
 -2.023256 inf 0.000000
 -2.003322 inf 0.000000
 -1.983389 inf 0.000000
 -1.963455 inf 0.000000
 -1.943522 inf 0.000000
 -1.923588 inf 0.000000
 -1.903654 inf 0.000000
 -1.883721 36.779274 -505.681048
 -1.863787 28.534042 -323.648938
 -1.843854 23.620843 -180.146474
 -1.823920 20.734737 -125.335791
 -1.803987 18.490899 -96.773188
 -1.784053 16.752892 -80.000636
 -1.764120 15.200876 -76.975697
 -1.744186 13.643401 -73.503449
 -1.724252 12.478016 -50.277685
 -1.704319 11.497990 -42.511836
 -1.684385 10.757234 -43.309991
 -1.664452 9.664247 -57.868572
 -1.644518 8.608303 -47.449149
 -1.624585 7.749219 -40.938557
 -1.604651 6.965324 -37.084468
 -1.584718 6.180231 -41.146758
 -1.564784 5.470119 -30.471344
 -1.544850 4.786941 -37.545572
 -1.524917 4.183708 -24.833662
 -1.504983 3.754025 -20.058283
 -1.485050 3.346967 -16.367976
 -1.465116 3.008258 -21.450330
 -1.445183 2.665990 -8.871771
 -1.425249 2.475629 -14.564150
 -1.405316 2.140270 -16.431155
 -1.385382 1.874936 -11.483977
 -1.365449 1.595028 -15.147552
 -1.345515 1.292038 -16.142974
 -1.325581 1.040220 -4.531555
 -1.305648 1.147799 10.763123
 -1.285714 1.354914 8.552017
 -1.265781 1.479498 3.802721
 -1.245847 1.473760 -0.845967
 -1.225914 1.549350 3.959360
 -1.205980 1.637731 7.967687
 -1.186047 1.806599 11.288935
 -1.166113 2.097157 11.800143
 -1.146179 2.238831 6.034567
 -1.126246 2.322797 4.370402
 -1.106312 2.461632 6.510105
 -1.086379 2.693813 17.991250
 -1.066445 3.042047 17.776766
 -1.046512 3.455856 24.361768
 -1.026578 3.964576 24.663247
 -1.006645 4.378283 15.730177
 -0.986711 4.690939 16.582912
 -0.966777 5.012991 17.912228
 -0.946844 5.328346 8.615058
 -0.926910 5.624232 27.620773
 -0.906977 6.197310 23.871700
 -0.887043 6.537247 11.600707
 -0.867110 6.878529 22.891815
 -0.847176 7.304826 20.846495
 -0.827243 7.721670 20.415675
 -0.807309 8.090577 11.108379
 -0.787375 8.128206 3.221181
 -0.767442 8.574897 32.965926
 -0.747508 9.019718 12.637976
 -0.727575 9.362025 20.695455
 -0.707641 9.842808 31.185603
 -0.687708 10.458978 27.976461
 -0.667774 10.856264 12.198684
 -0.647841 11.204118 33.783685
 -0.627907 11.911266 20.127850
 -0.607973 11.973754 -1.642684
 -0.588040 12.046114 6.724036
 -0.568106 12.166419 13.964699
 -0.548173 12.860425 41.412911
 -0.528239 13.510891 23.187728
 -0.508306 13.815028 25.336946
 -0.488372 14.387522 22.364756
 -0.468439 14.885323 29.160987
 -0.448505 15.448606 27.732946
 -0.428571 15.986374 23.969741
 -0.408638 16.422946 19.842910
 -0.388704 16.732994 11.433812
 -0.368771 17.059127 21.902549
 -0.348837 17.429751 12.995121
 -0.328904 17.562332 0.883567
 -0.308970 17.496243 -6.359641
 -0.289037 17.346723 -7.923063
 -0.269103 17.315588 10.389603
 -0.249169 17.548170 1.937118
 -0.229236 17.543880 0.485730
 -0.209302 17.475924 -6.422930
 -0.189369 17.296000 -13.342447
 -0.169435 16.868875 -14.783287
 -0.149502 17.107293 27.982635
 -0.129568 17.275244 -18.905138
 -0.109635 17.175039 23.048512
 -0.089701 17.815629 18.600324
 -0.069767 17.767105 -1.555004
 -0.049834 18.109063 19.074075
 -0.029900 18.149465 -13.447895
 -0.009967 17.881749 -2.481128
 0.009967 17.797109 -16.176412
 0.029900 17.283619 -23.987671
 0.049834 17.000531 -14.919165
 0.069767 16.821230 5.038205
 0.089701 17.046738 17.402797
 0.109635 17.431098 13.018753
 0.129568 17.481477 -11.582981
 0.149502 17.134256 -17.515443
 0.169435 16.596729 -25.078350
 0.189369 16.274869 -20.313773
 0.209302 15.893874 -14.378561
 0.229236 15.683587 -1.678141
 0.249169 15.871003 9.580799
 0.269103 15.765273 -13.901169
 0.289037 15.548729 -6.446559
 0.308970 15.420582 -8.320817
 0.328904 15.332235 -3.421115
 0.348837 15.135561 -12.926904
 0.368771 14.885901 -14.958663
 0.388704 14.500819 -20.656946
 0.408638 14.100762 -22.299693
 0.428571 13.557342 -24.147178
 0.448505 12.691210 -94.828813
 0.468439 11.085118 -39.219012
 0.488372 10.973707 9.985472
 0.508306 10.671581 -41.512742
 0.528239 9.991348 -24.272506
 0.548173 9.653019 -13.028368
 0.568106 9.385264 -8.448308
 0.588040 9.323112 -3.318580
 0.607973 9.157827 -11.701794
 0.627907 8.857436 -16.206543
 0.647841 8.619470 -9.412433
 0.667774 8.361954 -15.211295
 0.687708 7.881872 -60.416589
 0.707641 5.570837 -101.743505
 0.727575 4.729711 -7.510436
 0.747508 4.295751 -19.086091
 0.767442 3.782803 -53.989702
 0.787375 2.959459 -8.856019
 0.807309 3.042661 -2.459556
 0.827243 2.903938 -2.969078
 0.847176 2.896596 -3.918077
 0.867110 2.634784 -24.012600
 0.887043 2.220618 -9.858378
 0.906977 2.062096 -10.329406
 0.926910 1.804545 -15.911463
 0.946844 1.405436 -21.892257
 0.966777 1.212636 0.514232
 0.986711 1.181377 -5.230642
 1.006645 0.886025 -23.069003
 1.026578 0.557269 -9.347937
 1.046512 0.423542 -3.427564
 1.066445 0.229372 -18.409613
 1.086379 -0.093712 -11.675262
 1.106312 -0.279976 -6.657719
 1.126246 -0.432973 -12.014752
 1.146179 -0.696931 -11.147606
 1.166113 -0.891297 -11.205440
 1.186047 -1.057503 -2.747515
 1.205980 -1.079243 -1.387900
 1.225914 -1.065363 1.176564
 1.245847 -1.087802 -1.235680
 1.265781 -1.108046 -1.952785
 1.285714 -1.102067 2.788556
 1.305648 -1.069402 0.353891
 1.325581 -1.104391 -1.893974
 1.345515 -1.035182 5.673562
 1.365449 -0.996010 0.398218
 1.385382 -0.940725 2.610212
 1.405316 -0.921741 2.798259
 1.425249 -0.669613 21.599423
 1.445183 -0.277950 14.496646
 1.465116 -0.034753 11.813535
 1.485050 0.266839 18.839639
 1.504983 0.690974 22.097927
 1.524917 1.071435 19.253742
 1.544850 1.530104 16.962622
 1.564784 1.838745 29.419108
 1.584718 2.585404 34.953329
 1.604651 3.038614 13.714730
 1.624585 3.568762 39.800552
 1.644518 4.331903 45.115946
 1.664452 4.977860 6.405092
 1.684385 5.553670 61.066359
 1.704319 7.193916 114.189291
 1.724252 9.934088 115.733242
 1.744186 11.638894 63.908942
 1.764120 12.928729 85.388928
 1.784053 14.762184 73.925783
 1.803987 15.885936 48.262912
 1.823920 17.175406 105.732370
 1.843854 20.245551 163.876326
 1.863787 23.376854 195.532275
 1.883721 29.093236 370.046464
 1.903654 inf 0.000000
 1.923588 inf 0.000000
 1.943522 inf 0.000000
 1.963455 inf 0.000000
 1.983389 inf 0.000000
 2.003322 inf 0.000000
 2.023256 inf 0.000000
 2.043189 inf 0.000000
 2.063123 inf 0.000000
 2.083056 inf 0.000000
 2.102990 inf 0.000000
 2.122924 inf 0.000000
 2.142857 inf 0.000000
 2.162791 inf 0.000000
 2.182724 inf 0.000000
 2.202658 inf 0.000000
 2.222591 inf 0.000000
 2.242525 inf 0.000000
 2.262458 inf 0.000000
 2.282392 inf 0.000000
 2.302326 inf 0.000000
 2.322259 inf 0.000000
 2.342193 inf 0.000000
 2.362126 inf 0.000000
 2.382060 inf 0.000000
 2.401993 inf 0.000000
 2.421927 inf 0.000000
 2.441860 inf 0.000000
 2.461794 inf 0.000000
 2.481728 inf 0.000000
 2.501661 inf 0.000000
 2.521595 inf 0.000000
 2.541528 inf 0.000000
 2.561462 inf 0.000000
 2.581395 inf 0.000000
 2.601329 inf 0.000000
 2.621262 inf 0.000000
 2.641196 inf 0.000000
 2.661130 inf 0.000000
 2.681063 inf 0.000000
 2.700997 inf 0.000000
 2.720930 inf 0.000000
 2.740864 inf 0.000000
 2.760797 inf 0.000000
 2.780731 inf 0.000000
 2.800664 inf 0.000000
 2.820598 inf 0.000000
 2.840532 inf 0.000000
 2.860465 inf 0.000000
 2.880399 inf 0.000000
 2.900332 inf 0.000000
 2.920266 inf 0.000000
 2.940199 inf 0.000000
 2.960133 inf 0.000000
 2.980066 inf 0.000000
 3.000000 inf 0.000000
