#! FIELDS p.x fes dfes_p.x
#! SET normalisation  1.000000
#! SET min_p.x -3
#! SET max_p.x 3
#! SET nbins_p.x  301
#! SET periodic_p.x false
 -3.000000 inf 0.000000
 -2.980066 inf 0.000000
 -2.960133 inf 0.000000
 -2.940199 inf 0.000000
 -2.920266 inf 0.000000
 -2.900332 inf 0.000000
 -2.880399 inf 0.000000
 -2.860465 inf 0.000000
 -2.840532 inf 0.000000
 -2.820598 inf 0.000000
 -2.800664 inf 0.000000
 -2.780731 inf 0.000000
 -2.760797 inf 0.000000
 -2.740864 inf 0.000000
 -2.720930 inf 0.000000
 -2.700997 inf 0.000000
 -2.681063 inf 0.000000
 -2.661130 inf 0.000000
 -2.641196 inf 0.000000
 -2.621262 inf 0.000000
 -2.601329 inf 0.000000
 -2.581395 inf 0.000000
 -2.561462 inf 0.000000
 -2.541528 inf 0.000000
 -2.521595 inf 0.000000
 -2.501661 inf 0.000000
 -2.481728 inf 0.000000
 -2.461794 inf 0.000000
 -2.441860 inf 0.000000
 -2.421927 inf 0.000000
 -2.401993 inf 0.000000
 -2.382060 inf 0.000000
 -2.362126 inf 0.000000
 -2.342193 inf 0.000000
 -2.322259 inf 0.000000
 -2.302326 inf 0.000000
 -2.282392 inf 0.000000
 -2.262458 inf 0.000000
 -2.242525 inf 0.000000
 -2.222591 inf 0.000000
 -2.202658 inf 0.000000
 -2.182724 inf 0.000000
 -2.162791 inf 0.000000
 -2.142857 inf 0.000000
 -2.122924 inf 0.000000
 -2.102990 inf 0.000000
 -2.083056 51.084637 -429.324127
 -2.063123 44.437326 -239.184825
 -2.043189 41.383205 -78.037014
 -2.023256 39.996484 -106.759587
 -2.003322 37.486833 -123.495203
 -1.983389 34.998067 -130.757803
 -1.963455 32.587625 -109.167694
 -1.943522 30.420674 -108.464047
 -1.923588 28.295211 -104.846135
 -1.903654 26.179621 -107.663139
 -1.883721 24.123791 -97.167828
 -1.863787 22.240408 -91.488553
 -1.843854 20.512212 -84.233343
 -1.823920 18.848922 -83.313225
 -1.803987 17.158899 -84.011407
 -1.784053 15.585086 -74.559354
 -1.764120 14.150795 -69.368125
 -1.744186 12.807294 -65.166745
 -1.724252 11.563093 -60.177608
 -1.704319 10.392750 -57.484350
 -1.684385 9.290659 -53.049353
 -1.664452 8.246157 -51.910165
 -1.644518 7.224772 -49.597328
 -1.624585 6.291392 -45.067137
 -1.604651 5.415186 -41.856095
 -1.584718 4.638443 -36.798211
 -1.564784 3.932166 -33.350260
 -1.544850 3.298156 -31.817414
 -1.524917 2.664789 -30.699439
 -1.504983 2.095556 -26.037043
 -1.485050 1.615090 -22.988200
 -1.465116 1.193489 -19.198280
 -1.445183 0.827514 -17.296268
 -1.425249 0.505068 -15.188114
 -1.405316 0.221118 -13.758992
 -1.385382 -0.031555 -10.914084
 -1.365449 -0.226737 -8.864681
 -1.345515 -0.387921 -7.091619
 -1.325581 -0.483156 -2.794505
 -1.305648 -0.537882 -3.021550
 -1.285714 -0.579365 -1.122066
 -1.265781 -0.578760 1.324583
 -1.245847 -0.537620 3.117985
 -1.225914 -0.438584 6.120637
 -1.205980 -0.324606 5.314933
 -1.186047 -0.191159 7.975153
 -1.166113 -0.016994 9.477851
 -1.146179 0.183439 10.494745
 -1.126246 0.388509 10.330372
 -1.106312 0.642955 14.588230
 -1.086379 0.915490 13.753710
 -1.066445 1.217374 15.306133
 -1.046512 1.532085 16.879013
 -1.026578 1.867558 15.784805
 -1.006645 2.180290 16.700815
 -0.986711 2.531737 18.008781
 -0.966777 2.915987 20.297655
 -0.946844 3.319978 19.651075
 -0.926910 3.701682 19.151627
 -0.906977 4.092783 20.075424
 -0.887043 4.515755 22.052631
 -0.867110 4.955055 21.692534
 -0.847176 5.366415 20.589750
 -0.827243 5.836547 25.406155
 -0.807309 6.321140 22.809500
 -0.787375 6.768349 22.845841
 -0.767442 7.241731 23.376129
 -0.747508 7.683769 21.546425
 -0.727575 8.098676 20.133201
 -0.707641 8.515379 22.083940
 -0.687708 8.974030 23.149401
 -0.667774 9.421069 22.668931
 -0.647841 9.892216 22.632463
 -0.627907 10.337314 23.430238
 -0.607973 10.765795 19.320120
 -0.588040 11.176259 21.062044
 -0.568106 11.559760 18.245987
 -0.548173 11.931664 19.384942
 -0.528239 12.371634 22.991884
 -0.508306 12.767435 18.693025
 -0.488372 13.168799 20.903312
 -0.468439 13.558708 17.399550
 -0.448505 13.916915 20.162274
 -0.428571 14.332825 19.836528
 -0.408638 14.687005 15.656803
 -0.388704 14.988307 16.098581
 -0.368771 15.329697 15.968129
 -0.348837 15.637716 15.692457
 -0.328904 15.923996 13.169848
 -0.308970 16.204938 15.778313
 -0.289037 16.482641 10.228051
 -0.269103 16.665924 10.300382
 -0.249169 16.872688 9.387822
 -0.229236 17.086839 10.624015
 -0.209302 17.238295 6.615992
 -0.189369 17.396535 7.323317
 -0.169435 17.450932 2.001028
 -0.149502 17.558185 6.096479
 -0.129568 17.665768 4.766039
 -0.109635 17.800781 8.879092
 -0.089701 17.964234 6.005520
 -0.069767 17.982918 -1.883015
 -0.049834 18.014385 5.071803
 -0.029900 18.082846 0.060927
 -0.009967 18.083251 3.166202
 0.009967 18.136810 -0.346672
 0.029900 18.079587 -2.706550
 0.049834 18.038272 -4.547425
 0.069767 17.942636 -1.838971
 0.089701 17.958216 0.816977
 0.109635 17.874326 -9.307088
 0.129568 17.726172 -4.020217
 0.149502 17.638158 -5.829652
 0.169435 17.468382 -10.275671
 0.189369 17.256528 -12.609763
 0.209302 17.004158 -10.983168
 0.229236 16.818009 -8.240558
 0.249169 16.653333 -10.259302
 0.269103 16.442464 -9.908088
 0.289037 16.200136 -15.136493
 0.308970 15.871577 -15.526492
 0.328904 15.633000 -10.663586
 0.348837 15.361804 -15.178565
 0.368771 15.100810 -12.825021
 0.388704 14.789671 -14.862559
 0.408638 14.514993 -17.062435
 0.428571 14.146428 -16.296276
 0.448505 13.768894 -27.634873
 0.468439 13.126000 -25.734484
 0.488372 12.829054 -11.191001
 0.508306 12.480332 -23.985353
 0.528239 11.996626 -23.342193
 0.548173 11.586163 -18.642939
 0.568106 11.227160 -15.702629
 0.588040 10.904569 -19.040394
 0.607973 10.506205 -19.822652
 0.627907 10.114674 -19.862338
 0.647841 9.692445 -22.163496
 0.667774 9.253695 -21.874566
 0.687708 8.782006 -27.941321
 0.707641 7.878723 -56.404390
 0.727575 7.255145 -12.698449
 0.747508 6.837336 -21.159902
 0.767442 6.336495 -39.873754
 0.787375 5.670272 -13.794009
 0.807309 5.524269 -12.285200
 0.827243 5.224082 -13.888969
 0.847176 4.945188 -16.612195
 0.867110 4.548891 -22.448099
 0.887043 4.115441 -18.922419
 0.906977 3.748909 -19.923909
 0.926910 3.353047 -18.972278
 0.946844 2.969919 -19.727227
 0.966777 2.613419 -16.066276
 0.986711 2.302322 -15.788487
 1.006645 1.948616 -20.213801
 1.026578 1.572487 -16.174274
 1.046512 1.295694 -12.651249
 1.066445 1.036087 -13.420898
 1.086379 0.757099 -14.435772
 1.106312 0.483426 -12.271418
 1.126246 0.259869 -10.987917
 1.146179 0.042200 -10.815426
 1.166113 -0.172599 -9.957890
 1.186047 -0.325765 -6.506429
 1.205980 -0.451190 -5.818488
 1.225914 -0.560033 -5.188764
 1.245847 -0.634469 -2.119562
 1.265781 -0.679389 -2.584208
 1.285714 -0.711395 0.090644
 1.305648 -0.656438 4.493176
 1.325581 -0.587624 2.695676
 1.345515 -0.511760 4.742048
 1.365449 -0.385799 7.969119
 1.385382 -0.201430 10.430029
 1.405316 0.024955 12.201808
 1.425249 0.303610 15.453523
 1.445183 0.619163 16.213045
 1.465116 0.968438 19.205110
 1.485050 1.386091 22.228938
 1.504983 1.859491 24.697620
 1.524917 2.356998 26.462647
 1.544850 2.935831 29.616076
 1.564784 3.535993 33.119663
 1.584718 4.244738 36.582864
 1.604651 4.944979 32.948843
 1.624585 5.678573 41.958842
 1.644518 6.533549 47.107435
 1.664452 7.392795 30.794378
 1.684385 8.206910 59.280668
 1.704319 9.619552 85.211569
 1.724252 11.315900 72.372931
 1.744186 12.643199 64.224889
 1.764120 13.984175 71.685326
 1.784053 15.429172 71.764158
 1.803987 16.947783 79.515472
 1.823920 18.558358 87.122961
 1.843854 20.393515 90.481451
 1.863787 22.216507 92.678971
 1.883721 24.087666 95.078410
 1.903654 26.048867 102.553832
 1.923588 28.236385 114.334449
 1.943522 30.564578 116.765201
 1.963455 32.902321 117.201663
 1.983389 35.293994 117.404225
 2.003322 37.691145 132.992662
 2.023256 40.811649 176.314571
 2.043189 44.775927 224.702453
 2.063123 50.897581 357.417752
 2.083056 inf 0.000000
 2.102990 inf 0.000000
 2.122924 inf 0.000000
 2.142857 inf 0.000000
 2.162791 inf 0.000000
 2.182724 inf 0.000000
 2.202658 inf 0.000000
 2.222591 inf 0.000000
 2.242525 inf 0.000000
 2.262458 inf 0.000000
 2.282392 inf 0.000000
 2.302326 inf 0.000000
 2.322259 inf 0.000000
 2.342193 inf 0.000000
 2.362126 inf 0.000000
 2.382060 inf 0.000000
 2.401993 inf 0.000000
 2.421927 inf 0.000000
 2.441860 inf 0.000000
 2.461794 inf 0.000000
 2.481728 inf 0.000000
 2.501661 inf 0.000000
 2.521595 inf 0.000000
 2.541528 inf 0.000000
 2.561462 inf 0.000000
 2.581395 inf 0.000000
 2.601329 inf 0.000000
 2.621262 inf 0.000000
 2.641196 inf 0.000000
 2.661130 inf 0.000000
 2.681063 inf 0.000000
 2.700997 inf 0.000000
 2.720930 inf 0.000000
 2.740864 inf 0.000000
 2.760797 inf 0.000000
 2.780731 inf 0.000000
 2.800664 inf 0.000000
 2.820598 inf 0.000000
 2.840532 inf 0.000000
 2.860465 inf 0.000000
 2.880399 inf 0.000000
 2.900332 inf 0.000000
 2.920266 inf 0.000000
 2.940199 inf 0.000000
 2.960133 inf 0.000000
 2.980066 inf 0.000000
 3.000000 inf 0.000000
