#! FIELDS p.x file.free der_p.x
#! SET min_p.x -2.0
#! SET max_p.x 2.0
#! SET nbins_p.x  201
#! SET periodic_p.x false
   -2.000000000   -9.283932273 -100.734198510
   -1.980000000  -11.400172446 -110.333333081
   -1.960000000  -13.686049364 -117.368653708
   -1.940000000  -16.082278299 -121.299755851
   -1.920000000  -18.522970965 -121.895096746
   -1.900000000  -20.940381375 -119.206538088
   -1.880000000  -23.277518098 -113.795539654
   -1.860000000  -25.484126255 -106.298051839
   -1.840000000  -27.527105595  -97.570455972
   -1.820000000  -29.388916127  -88.437363049
   -1.800000000  -31.072853471  -79.786883621
   -1.780000000  -32.594333715  -72.233568685
   -1.760000000  -33.977874442  -66.106675746
   -1.740000000  -35.253992631  -61.504747230
   -1.720000000  -36.452462840  -58.263322188
   -1.700000000  -37.597781766  -56.024693090
   -1.680000000  -38.702779931  -54.213395223
   -1.660000000  -39.770786553  -52.293532869
   -1.640000000  -40.796531057  -49.876213153
   -1.620000000  -41.764798009  -46.696093133
   -1.600000000  -42.661873067  -42.846386998
   -1.580000000  -43.478022795  -38.507942868
   -1.560000000  -44.205085356  -34.143133913
   -1.540000000  -44.846414006  -30.129804669
   -1.520000000  -45.414365810  -26.768633946
   -1.500000000  -45.924914504  -24.350916176
   -1.480000000  -46.392462497  -22.538154438
   -1.460000000  -46.825392172  -21.191448017
   -1.440000000  -47.232964568  -19.678386326
   -1.420000000  -47.607294489  -17.696166009
   -1.400000000  -47.934550335  -15.044108320
   -1.380000000  -48.201942711  -11.748298329
   -1.360000000  -48.397013855   -8.134881086
   -1.340000000  -48.520003904   -4.371414192
   -1.320000000  -48.572110407   -1.071958387
   -1.300000000  -48.565595120    1.479844755
   -1.280000000  -48.516483444    3.243496580
   -1.260000000  -48.437987877    4.099806541
   -1.240000000  -48.352500040    4.408841977
   -1.220000000  -48.259564807    4.494227358
   -1.200000000  -48.163499773    4.827288124
   -1.180000000  -48.053155781    5.768892448
   -1.160000000  -47.920941726    7.501893380
   -1.140000000  -47.746973243    9.609933976
   -1.120000000  -47.527238816   12.033635826
   -1.100000000  -47.259508492   14.359285688
   -1.080000000  -46.951953166   16.204842358
   -1.060000000  -46.612401896   17.207726872
   -1.040000000  -46.258985516   17.547480414
   -1.020000000  -45.906581728   17.331491254
   -1.000000000  -45.560062847   16.915389927
   -0.980000000  -45.220040397   16.680834070
   -0.960000000  -44.881227237   16.780148486
   -0.940000000  -44.533728905   17.673255658
   -0.920000000  -44.163927155   19.053784309
   -0.900000000  -43.761978558   20.768626130
   -0.880000000  -43.327689811   22.379325736
   -0.860000000  -42.863219059   23.533825348
   -0.840000000  -42.382991477   23.970625036
   -0.820000000  -41.899951756   23.763722129
   -0.800000000  -41.428542496   23.095371792
   -0.780000000  -40.972867977   22.158927977
   -0.760000000  -40.533679885   21.216518664
   -0.740000000  -40.109226641   20.882142416
   -0.720000000  -39.684984795   21.132496354
   -0.700000000  -39.251597663   21.867651761
   -0.680000000  -38.798545044   22.866796868
   -0.660000000  -38.328343700   23.870530468
   -0.640000000  -37.841108541   24.425375642
   -0.620000000  -37.350532481   24.207950565
   -0.600000000  -36.873158688   23.139767729
   -0.580000000  -36.422833094   21.375997801
   -0.560000000  -36.012207057   19.203165164
   -0.540000000  -35.645898835   17.235342231
   -0.520000000  -35.314411737   15.786431011
   -0.500000000  -35.003548045   14.948397041
   -0.480000000  -34.701278561   15.115045053
   -0.460000000  -34.386984463   16.033652550
   -0.440000000  -34.049529163   17.481202748
   -0.420000000  -33.684264605   18.820060192
   -0.400000000  -33.294460782   19.665794970
   -0.380000000  -32.900057100   19.608139861
   -0.360000000  -32.512203058   18.695663248
   -0.340000000  -32.150726768   16.987558633
   -0.320000000  -31.827574511   14.793312517
   -0.300000000  -31.551538052   12.600921266
   -0.280000000  -31.316557621   10.668093778
   -0.260000000  -31.116354244    9.281674159
   -0.240000000  -30.936525368    8.560179318
   -0.220000000  -30.765936425    8.118173409
   -0.200000000  -30.605164471    7.793970683
   -0.180000000  -30.451781030    7.197540516
   -0.160000000  -30.315307397    6.192700914
   -0.140000000  -30.205297627    4.516120379
   -0.120000000  -30.131728881    2.649080611
   -0.100000000  -30.093251767    0.682448807
   -0.080000000  -30.094322881   -0.798711364
   -0.060000000  -30.116254220   -1.643011751
   -0.040000000  -30.149025469   -1.673710430
   -0.020000000  -30.174563976   -1.169595603
    0.000000000  -30.186884297   -0.182783433
    0.020000000  -30.179963455    0.772943137
    0.040000000  -30.156555648    1.228712226
    0.060000000  -30.133076330    0.911730594
    0.080000000  -30.121769677   -0.205543231
    0.100000000  -30.142856565   -2.025530405
    0.120000000  -30.205051797   -4.415599921
    0.140000000  -30.317518640   -7.031935311
    0.160000000  -30.479436423   -9.420716839
    0.180000000  -30.686753000  -11.372915854
    0.200000000  -30.926288455  -12.610736358
    0.220000000  -31.183496493  -13.061900643
    0.240000000  -31.445439437  -13.090684692
    0.260000000  -31.701957218  -12.690858228
    0.280000000  -31.949320460  -12.149257763
    0.300000000  -32.188542669  -11.772409132
    0.320000000  -32.421960506  -11.841405344
    0.340000000  -32.660259452  -12.204114974
    0.360000000  -32.906506384  -13.114605101
    0.380000000  -33.179587529  -14.194582502
    0.400000000  -33.474994354  -15.412694157
    0.420000000  -33.796670070  -16.674699855
    0.440000000  -34.141402684  -17.901669441
    0.460000000  -34.508031800  -18.828781062
    0.480000000  -34.888785323  -19.546460239
    0.500000000  -35.283337300  -19.875103075
    0.520000000  -35.682951948  -20.083968783
    0.540000000  -36.083673594  -20.229917879
    0.560000000  -36.488996298  -20.341090288
    0.580000000  -36.898194234  -20.476235180
    0.600000000  -37.307199767  -20.850289389
    0.620000000  -37.725559774  -21.220162189
    0.640000000  -38.155523041  -21.763465383
    0.660000000  -38.596642783  -22.473105054
    0.680000000  -39.053474485  -23.103567942
    0.700000000  -39.518795464  -23.568627401
    0.720000000  -39.990605373  -23.849526239
    0.740000000  -40.466225060  -23.789478680
    0.760000000  -40.937624299  -23.440718553
    0.780000000  -41.403340203  -22.993031029
    0.800000000  -41.856027377  -22.624183926
    0.820000000  -42.304933908  -22.339136976
    0.840000000  -42.749974710  -22.355792610
    0.860000000  -43.196933384  -22.458305006
    0.880000000  -43.644140756  -22.625723536
    0.900000000  -44.094687269  -22.435849157
    0.920000000  -44.537140031  -21.937727836
    0.940000000  -44.965126068  -20.901854431
    0.960000000  -45.370124152  -19.436221339
    0.980000000  -45.738481526  -17.856957894
    1.000000000  -46.077067252  -16.285246516
    1.020000000  -46.390702250  -15.117307394
    1.040000000  -46.683189478  -14.473351388
    1.060000000  -46.967434831  -14.328790898
    1.080000000  -47.253148173  -14.280277482
    1.100000000  -47.537392003  -14.161415819
    1.120000000  -47.810664783  -13.572869032
    1.140000000  -48.069839152  -12.295037375
    1.160000000  -48.292955609  -10.262560872
    1.180000000  -48.468673260   -7.777835165
    1.200000000  -48.595135375   -5.086127746
    1.220000000  -48.671569963   -2.695561895
    1.240000000  -48.706218576   -0.969096446
    1.260000000  -48.712453517   -0.004482631
    1.280000000  -48.704016489    0.456781677
    1.300000000  -48.689273169    0.640092271
    1.320000000  -48.669514233    1.004156266
    1.340000000  -48.637284116    2.008257626
    1.360000000  -48.577825062    3.847880898
    1.380000000  -48.473480090    6.366479210
    1.400000000  -48.309788483    9.524295508
    1.420000000  -48.081710210   12.957732569
    1.440000000  -47.785624379   16.474174954
    1.460000000  -47.419865293   19.717319510
    1.480000000  -46.990462839   22.705139580
    1.500000000  -46.506341454   25.497968058
    1.520000000  -45.961279317   28.366856937
    1.540000000  -45.357990623   31.574798493
    1.560000000  -44.685058964   35.189460590
    1.580000000  -43.936771240   39.158797975
    1.600000000  -43.105805179   43.410710323
    1.620000000  -42.191503976   47.485125088
    1.640000000  -41.200373122   51.105797450
    1.660000000  -40.142291364   54.025610336
    1.680000000  -39.032689592   56.252793231
    1.700000000  -37.883175314   57.976834857
    1.720000000  -36.701639108   59.682368652
    1.740000000  -35.483064727   61.833166626
    1.760000000  -34.210644625   64.841774635
    1.780000000  -32.865619248   69.251927594
    1.800000000  -31.417537323   75.145399971
    1.820000000  -29.837999150   82.406060744
    1.840000000  -28.102565272   90.568168778
    1.860000000  -26.202987750   99.113508793
    1.880000000  -24.133781027  106.920224756
    1.900000000  -21.922855287  113.414829269
    1.920000000  -19.602385664  117.640804710
    1.940000000  -17.225075766  119.051862696
    1.960000000  -14.850333077  117.270534938
    1.980000000  -12.543170950  112.300181357
    2.000000000  -10.364861837  104.423168392
