#! FIELDS p.x file.free der_p.x
#! SET min_p.x -2.0
#! SET max_p.x 2.0
#! SET nbins_p.x  201
#! SET periodic_p.x false
   -2.000000000  -13.627610798 -123.053579081
   -1.980000000  -16.145313981 -127.934652786
   -1.960000000  -18.728360044 -129.356360200
   -1.940000000  -21.305727593 -127.408532517
   -1.920000000  -23.812686420 -122.510691414
   -1.900000000  -26.195289838 -115.285754130
   -1.880000000  -28.419904703 -106.680936230
   -1.860000000  -30.464987200  -97.483278931
   -1.840000000  -32.326848027  -88.469217467
   -1.820000000  -34.014002462  -80.205007156
   -1.800000000  -35.549123234  -73.203665340
   -1.780000000  -36.959111721  -67.675925486
   -1.760000000  -38.272394605  -63.593856458
   -1.740000000  -39.517016524  -60.785309723
   -1.720000000  -40.715863880  -58.919612187
   -1.700000000  -41.884201112  -57.571572362
   -1.680000000  -43.025394481  -56.187257232
   -1.660000000  -44.134117036  -54.302642058
   -1.640000000  -45.197477115  -51.656668964
   -1.620000000  -46.197006523  -48.037192269
   -1.600000000  -47.114763184  -43.698330428
   -1.580000000  -47.941460618  -38.856007442
   -1.560000000  -48.669624281  -34.042127040
   -1.540000000  -49.304675839  -29.647966863
   -1.520000000  -49.859932933  -26.032658381
   -1.500000000  -50.354131180  -23.483731401
   -1.480000000  -50.803801126  -21.660853357
   -1.460000000  -51.219869895  -20.407427135
   -1.440000000  -51.613416765  -19.091656772
   -1.420000000  -51.978594991  -17.386717295
   -1.400000000  -52.302945361  -15.071788809
   -1.380000000  -52.574121854  -12.142013072
   -1.360000000  -52.780150125   -8.856404587
   -1.340000000  -52.920008137   -5.352112542
   -1.320000000  -52.993219816   -2.186570314
   -1.300000000  -53.009028112    0.343895627
   -1.280000000  -52.981448926    2.213214362
   -1.260000000  -52.921361866    3.255581156
   -1.240000000  -52.850070284    3.787998006
   -1.220000000  -52.767067811    4.073946129
   -1.200000000  -52.677600797    4.538541817
   -1.180000000  -52.572304776    5.527512452
   -1.160000000  -52.444996655    7.226487815
   -1.140000000  -52.276843136    9.264077428
   -1.120000000  -52.064357395   11.632460248
   -1.100000000  -51.804374031   13.978152021
   -1.080000000  -51.503024602   15.950555332
   -1.060000000  -51.165771848   17.209299522
   -1.040000000  -50.808609563   17.912783392
   -1.020000000  -50.444398366   18.116031084
   -1.000000000  -50.077825827   18.103775410
   -0.980000000  -49.710437256   18.188823193
   -0.960000000  -49.339305068   18.463822882
   -0.940000000  -48.957627796   19.353693654
   -0.920000000  -48.555135686   20.579156483
   -0.900000000  -48.124884834   22.022732967
   -0.880000000  -47.668339536   23.316650969
   -0.860000000  -47.187803033   24.177102923
   -0.840000000  -46.696785532   24.398019539
   -0.820000000  -46.206334857   24.066826653
   -0.800000000  -45.728955513   23.365627407
   -0.780000000  -45.267447876   22.447151361
   -0.760000000  -44.822059340   21.511273968
   -0.740000000  -44.391594031   21.138056931
   -0.720000000  -43.963466445   21.240943733
   -0.700000000  -43.529796641   21.738470690
   -0.680000000  -43.082066213   22.431593243
   -0.660000000  -42.623263553   23.116982243
   -0.640000000  -42.153359050   23.421631855
   -0.620000000  -41.683709738   23.095884747
   -0.600000000  -41.227677200   22.103101680
   -0.580000000  -40.795715533   20.605174237
   -0.560000000  -40.396213159   18.865154164
   -0.540000000  -40.031112482   17.437387107
   -0.520000000  -39.689745922   16.550644127
   -0.500000000  -39.358424858   16.197224229
   -0.480000000  -39.027337059   16.692890250
   -0.460000000  -38.679564767   17.731518738
   -0.440000000  -38.308156204   19.083972678
   -0.420000000  -37.913297507   20.117096501
   -0.400000000  -37.501650175   20.517487937
   -0.380000000  -37.095101879   19.921580170
   -0.360000000  -36.706293509   18.438897432
   -0.340000000  -36.354857267   16.206213402
   -0.320000000  -36.051728371   13.574028658
   -0.300000000  -35.802965854   11.085054042
   -0.280000000  -35.599675634    9.041169416
   -0.260000000  -35.431072228    7.758640285
   -0.240000000  -35.278352865    7.379881816
   -0.220000000  -35.126065677    7.498078284
   -0.200000000  -34.969947149    7.927404636
   -0.180000000  -34.804697052    8.225268095
   -0.160000000  -34.637836442    8.142547954
   -0.140000000  -34.479477611    7.324658502
   -0.120000000  -34.342486857    6.135481434
   -0.100000000  -34.229126608    4.593377744
   -0.080000000  -34.149997159    3.214112432
   -0.060000000  -34.093298625    2.147129359
   -0.040000000  -34.054737095    1.600240946
   -0.020000000  -34.021521200    1.365052280
    0.000000000  -33.991384170    1.526451138
    0.020000000  -33.958174060    1.670238669
    0.040000000  -33.923121686    1.494019931
    0.060000000  -33.898201327    0.800733742
    0.080000000  -33.889958479   -0.377978534
    0.100000000  -33.912253024   -1.963945455
    0.120000000  -33.968685199   -3.880523356
    0.140000000  -34.064838197   -5.942785199
    0.160000000  -34.199053987   -7.838353498
    0.180000000  -34.370521592   -9.458788083
    0.200000000  -34.570233859  -10.628092610
    0.220000000  -34.789189109  -11.314342007
    0.240000000  -35.020432554  -11.841480801
    0.260000000  -35.258190285  -12.125567591
    0.280000000  -35.501494462  -12.322070255
    0.300000000  -35.751103294  -12.615693972
    0.320000000  -36.006419486  -13.202070011
    0.340000000  -36.274462046  -13.809389015
    0.360000000  -36.552913384  -14.680208361
    0.380000000  -36.854771792  -15.484388109
    0.400000000  -37.171671404  -16.246345446
    0.420000000  -37.504562914  -16.991545673
    0.440000000  -37.850228697  -17.725057581
    0.460000000  -38.209026216  -18.293799732
    0.480000000  -38.576762502  -18.842214024
    0.500000000  -38.957130829  -19.215218243
    0.520000000  -39.345096039  -19.677775926
    0.540000000  -39.740942775  -20.202525459
    0.560000000  -40.149926554  -20.746794968
    0.580000000  -40.571335169  -21.280854768
    0.600000000  -40.999497533  -21.938151329
    0.620000000  -41.440576670  -22.422335328
    0.640000000  -41.893760575  -22.840932668
    0.660000000  -42.353526477  -23.238395219
    0.680000000  -42.820983464  -23.415702005
    0.700000000  -43.287233322  -23.347272662
    0.720000000  -43.749230661  -23.126623056
    0.740000000  -44.205904223  -22.672731397
    0.760000000  -44.651874248  -22.100260629
    0.780000000  -45.089911171  -21.606105627
    0.800000000  -45.515736798  -21.386933315
    0.820000000  -45.942402492  -21.404865263
    0.840000000  -46.372325055  -21.827780309
    0.860000000  -46.813031910  -22.360703980
    0.880000000  -47.262519013  -22.963954085
    0.900000000  -47.723498211  -23.154495780
    0.920000000  -48.183220136  -22.951959596
    0.940000000  -48.633472111  -22.115619187
    0.960000000  -49.063586323  -20.750838359
    0.980000000  -49.458267050  -19.172225099
    1.000000000  -49.822345394  -17.525122693
    1.020000000  -50.159223204  -16.221197845
    1.040000000  -50.471739463  -15.402226551
    1.060000000  -50.772288159  -15.071391111
    1.080000000  -51.070715907  -14.838327715
    1.100000000  -51.364265253  -14.565692573
    1.120000000  -51.644113672  -13.855316071
    1.140000000  -51.907687456  -12.478527618
    1.160000000  -52.133346101  -10.353016417
    1.180000000  -52.309689577   -7.753209519
    1.200000000  -52.434180994   -4.921622824
    1.220000000  -52.505204398   -2.349419376
    1.240000000  -52.530461935   -0.402472271
    1.260000000  -52.522830961    0.801159396
    1.280000000  -52.495735583    1.483561780
    1.300000000  -52.458459898    1.834700486
    1.320000000  -52.413750526    2.278557507
    1.340000000  -52.355714145    3.276078111
    1.360000000  -52.271281236    5.027709616
    1.380000000  -52.144635601    7.402207136
    1.400000000  -51.961678424   10.381235500
    1.420000000  -51.718106586   13.627237572
    1.440000000  -51.410036913   16.968163491
    1.460000000  -51.035791379   20.040402130
    1.480000000  -50.601088423   22.860980698
    1.500000000  -50.115338004   25.471355411
    1.520000000  -49.572537263   28.135137845
    1.540000000  -48.975986157   31.119242307
    1.560000000  -48.314290210   34.509372638
    1.580000000  -47.581036922   38.301909025
    1.600000000  -46.768154693   42.476719564
    1.620000000  -45.872027044   46.612254898
    1.640000000  -44.895444275   50.509054081
    1.660000000  -43.844348331   53.905319708
    1.680000000  -42.730504732   56.774980923
    1.700000000  -41.562955565   59.226067515
    1.720000000  -40.348932671   61.626148191
    1.740000000  -39.085255342   64.316622260
    1.760000000  -37.759313592   67.615594903
    1.780000000  -36.357925289   72.027045909
    1.800000000  -34.856088376   77.667674000
    1.820000000  -33.229386344   84.549611028
    1.840000000  -31.453998545   92.399909744
    1.860000000  -29.518126789  100.925994792
    1.880000000  -27.408426630  109.207596193
    1.900000000  -25.141524431  116.788320479
    1.920000000  -22.737200246  122.714189976
    1.940000000  -20.236862058  126.299640419
    1.960000000  -17.692801250  126.924392032
    1.980000000  -15.168466209  124.273649296
    2.000000000  -12.730153059  118.311894228
