#! FIELDS p.x file.free der_p.x
#! SET min_p.x -2.0
#! SET max_p.x 2.0
#! SET nbins_p.x  201
#! SET periodic_p.x false
   -2.000000000   -7.621302015  -89.691995700
   -1.980000000   -9.521652560  -99.779798355
   -1.960000000  -11.601522228 -107.469263919
   -1.940000000  -13.807034074 -112.234419318
   -1.920000000  -16.076163638 -113.840875207
   -1.900000000  -18.345946048 -112.391517392
   -1.880000000  -20.559111160 -108.293759296
   -1.860000000  -22.667868897 -102.126312388
   -1.840000000  -24.639186121  -94.621422065
   -1.820000000  -26.453344894  -86.482840874
   -1.800000000  -28.104798583  -78.376845849
   -1.780000000  -29.598632816  -70.824495784
   -1.760000000  -30.949313855  -64.212910325
   -1.740000000  -32.181354702  -58.897590766
   -1.720000000  -33.319399174  -54.912023216
   -1.700000000  -34.391449019  -52.208461462
   -1.680000000  -35.420359980  -50.490559548
   -1.660000000  -36.419029183  -49.222521850
   -1.640000000  -37.393867179  -47.947791279
   -1.620000000  -38.338088531  -46.158714913
   -1.600000000  -39.239344622  -43.645285346
   -1.580000000  -40.081452300  -40.378002677
   -1.560000000  -40.852643461  -36.527391134
   -1.540000000  -41.543188132  -32.557955680
   -1.520000000  -42.155176369  -28.776323039
   -1.500000000  -42.697398675  -25.425426170
   -1.480000000  -43.175477594  -22.602131721
   -1.460000000  -43.600296215  -20.037109341
   -1.440000000  -43.976382067  -17.638296342
   -1.420000000  -44.305775178  -15.122206944
   -1.400000000  -44.579644937  -12.452044911
   -1.380000000  -44.797055984   -9.565882500
   -1.360000000  -44.955640776   -6.718669108
   -1.340000000  -45.062796099   -4.001769121
   -1.320000000  -45.119421657   -1.872612746
   -1.300000000  -45.137604565   -0.339127601
   -1.280000000  -45.132885081    0.731249500
   -1.260000000  -45.108893217    1.430421935
   -1.240000000  -45.071609780    2.139278623
   -1.220000000  -45.016186270    3.159193834
   -1.200000000  -44.934190681    4.631303700
   -1.180000000  -44.817544692    6.690993725
   -1.160000000  -44.658340153    9.052670295
   -1.140000000  -44.451190284   11.366245230
   -1.120000000  -44.202199047   13.252459891
   -1.100000000  -43.920993204   14.461209599
   -1.080000000  -43.624070154   14.860856083
   -1.060000000  -43.323315075   14.719437461
   -1.040000000  -43.026838386   14.424936442
   -1.020000000  -42.738346881   14.393521932
   -1.000000000  -42.441648464   14.885483724
   -0.980000000  -42.130411643   16.034153426
   -0.960000000  -41.789144923   17.726379268
   -0.940000000  -41.409157527   19.717403772
   -0.920000000  -40.990211896   21.783732017
   -0.900000000  -40.534371294   23.321702183
   -0.880000000  -40.056408031   24.196398502
   -0.860000000  -39.565771236   24.333265251
   -0.840000000  -39.080158954   23.828036471
   -0.820000000  -38.608980811   22.851006246
   -0.800000000  -38.157933905   21.737316761
   -0.780000000  -37.732190619   20.629542596
   -0.760000000  -37.322772130   19.908887065
   -0.740000000  -36.923104983   19.690307565
   -0.720000000  -36.523115525   20.145179149
   -0.700000000  -36.109384319   21.063588639
   -0.680000000  -35.671253474   22.377436529
   -0.660000000  -35.205605895   23.838778816
   -0.640000000  -34.712652672   25.104019603
   -0.620000000  -34.197020598   25.785793772
   -0.600000000  -33.677398803   25.663354161
   -0.580000000  -33.167676309   24.667777164
   -0.560000000  -32.686905462   23.011373003
   -0.540000000  -32.243800362   20.809159357
   -0.520000000  -31.847566305   18.581558824
   -0.500000000  -31.492975029   16.711621396
   -0.480000000  -31.167774494   15.609473805
   -0.460000000  -30.858206716   15.331167561
   -0.440000000  -30.545215276   15.840517224
   -0.420000000  -30.212998706   16.768839027
   -0.400000000  -29.862835599   17.873180124
   -0.380000000  -29.494955916   18.529100015
   -0.360000000  -29.122754519   18.402387204
   -0.340000000  -28.760736959   17.288882733
   -0.320000000  -28.429905181   15.423766067
   -0.300000000  -28.142742451   13.030074505
   -0.280000000  -27.901088823   10.609611201
   -0.260000000  -27.707216665    8.678350322
   -0.240000000  -27.545720738    7.253275072
   -0.220000000  -27.407115672    6.552617304
   -0.200000000  -27.273715531    6.493819860
   -0.180000000  -27.139709932    6.911605405
   -0.160000000  -26.996170209    7.297143351
   -0.140000000  -26.844612328    7.479862191
   -0.120000000  -26.696010648    7.266644534
   -0.100000000  -26.554479754    6.515650748
   -0.080000000  -26.433676013    5.175279709
   -0.060000000  -26.345983242    3.484410617
   -0.040000000  -26.290308770    1.454699225
   -0.020000000  -26.279637164   -0.459235389
    0.000000000  -26.304993668   -2.199448051
    0.020000000  -26.363183622   -3.545021612
    0.040000000  -26.443367830   -4.518777677
    0.060000000  -26.537273215   -4.968481320
    0.080000000  -26.637341953   -5.112734762
    0.100000000  -26.738938718   -5.131048346
    0.120000000  -26.839616323   -5.007030156
    0.140000000  -26.935496870   -5.018090218
    0.160000000  -27.034643777   -5.157355413
    0.180000000  -27.139898190   -5.517889848
    0.200000000  -27.254292476   -6.122457243
    0.220000000  -27.385607508   -7.101645340
    0.240000000  -27.538906482   -8.377409382
    0.260000000  -27.720015467   -9.788348377
    0.280000000  -27.929820374  -11.478072611
    0.300000000  -28.173628863  -13.076551026
    0.320000000  -28.447592417  -14.417580937
    0.340000000  -28.746834296  -15.527521941
    0.360000000  -29.067057643  -16.437361177
    0.380000000  -29.400229795  -17.053346706
    0.400000000  -29.743965860  -17.469708823
    0.420000000  -30.094996291  -17.824707777
    0.440000000  -30.454200513  -18.322582128
    0.460000000  -30.826339536  -18.769168063
    0.480000000  -31.208253621  -19.439517056
    0.500000000  -31.603477359  -20.306533645
    0.520000000  -32.015845886  -21.223509233
    0.540000000  -32.450261847  -22.078684068
    0.560000000  -32.897237843  -22.799109964
    0.580000000  -33.355883889  -23.186706611
    0.600000000  -33.819615638  -23.162295078
    0.620000000  -34.279330329  -22.931549534
    0.640000000  -34.733907631  -22.413215186
    0.660000000  -35.176758295  -22.008715260
    0.680000000  -35.613285467  -21.821256175
    0.700000000  -36.050281311  -21.826407643
    0.720000000  -36.488041563  -22.189241900
    0.740000000  -36.934552351  -22.531191979
    0.760000000  -37.386510648  -22.745792883
    0.780000000  -37.841126162  -22.687810799
    0.800000000  -38.291060156  -22.166007303
    0.820000000  -38.726451248  -21.494120577
    0.840000000  -39.146831140  -20.787347963
    0.860000000  -39.553054768  -20.098339660
    0.880000000  -39.951241828  -19.735955032
    0.900000000  -40.342933749  -19.711819650
    0.920000000  -40.738240567  -19.921061012
    0.940000000  -41.138906527  -20.015774071
    0.960000000  -41.537315133  -19.950359876
    0.980000000  -41.930231151  -19.503568379
    1.000000000  -42.311145991  -18.605660870
    1.020000000  -42.668240291  -17.550841858
    1.040000000  -43.002970096  -16.324271686
    1.060000000  -43.317252769  -15.101472795
    1.080000000  -43.608165447  -14.136224601
    1.100000000  -43.881352013  -13.409297786
    1.120000000  -44.142641632  -12.757065639
    1.140000000  -44.389246546  -12.027474984
    1.160000000  -44.620161627  -11.161843330
    1.180000000  -44.825285133  -10.048099442
    1.200000000  -45.008525403   -8.454360526
    1.220000000  -45.155920021   -6.469423494
    1.240000000  -45.261437393   -4.261848747
    1.260000000  -45.323394829   -2.007853710
    1.280000000  -45.338639081    0.102454169
    1.300000000  -45.314600030    2.119439395
    1.320000000  -45.250634672    3.980410752
    1.340000000  -45.150136207    5.764278538
    1.360000000  -45.012597227    7.514248775
    1.380000000  -44.838281415    9.533037046
    1.400000000  -44.622450091   11.853310333
    1.420000000  -44.356640669   14.382092039
    1.440000000  -44.037633486   17.260358953
    1.460000000  -43.660782011   20.189212519
    1.480000000  -43.223829832   23.222344592
    1.500000000  -42.726579181   26.154193237
    1.520000000  -42.169052726   29.006630253
    1.540000000  -41.556179253   31.882327283
    1.560000000  -40.884881379   34.738361480
    1.580000000  -40.156854098   37.615555523
    1.600000000  -39.369500599   40.795504310
    1.620000000  -38.515826344   43.926315982
    1.640000000  -37.600477148   47.175586021
    1.660000000  -36.618838579   50.286790577
    1.680000000  -35.576649473   53.444767291
    1.700000000  -34.470163067   56.651257744
    1.720000000  -33.296979962   60.182703216
    1.740000000  -32.047982574   64.313494374
    1.760000000  -30.709060737   69.279601760
    1.780000000  -29.261029503   75.108059550
    1.800000000  -27.686957557   81.668002015
    1.820000000  -25.977888143   88.693391561
    1.840000000  -24.128961478   95.525262691
    1.860000000  -22.150421664  101.483475271
    1.880000000  -20.069440685  106.021043466
    1.900000000  -17.915495699  108.347873876
    1.920000000  -15.740824916  108.355051350
    1.940000000  -13.588837441  105.670238160
    1.960000000  -11.517221275  100.646401626
    1.980000000   -9.569562131   93.464692863
    2.000000000   -7.782371276   84.464164876
