#! FIELDS p.x file.free der_p.x
#! SET min_p.x -2.0
#! SET max_p.x 2.0
#! SET nbins_p.x  201
#! SET periodic_p.x false
   -2.000000000  -14.909287599 -126.235567881
   -1.980000000  -17.476928901 -129.752346729
   -1.960000000  -20.083976711 -129.970282586
   -1.940000000  -22.664064602 -127.118286428
   -1.920000000  -25.159491525 -121.704070651
   -1.900000000  -27.524295047 -114.368428612
   -1.880000000  -29.732681056 -106.015768738
   -1.860000000  -31.769390704  -97.334110399
   -1.840000000  -33.634830444  -88.973836768
   -1.820000000  -35.338839244  -81.365286849
   -1.800000000  -36.902932740  -74.906144336
   -1.780000000  -38.350910304  -69.729877047
   -1.760000000  -39.707004329  -65.778661077
   -1.740000000  -40.994982089  -62.898761728
   -1.720000000  -42.234202457  -60.814824156
   -1.700000000  -43.437654720  -59.173569344
   -1.680000000  -44.607971748  -57.493617093
   -1.660000000  -45.739774978  -55.381599620
   -1.640000000  -46.822616223  -52.561474605
   -1.620000000  -47.838718294  -48.831407273
   -1.600000000  -48.771489660  -44.397086757
   -1.580000000  -49.611212926  -39.445810467
   -1.560000000  -50.349568355  -34.478605231
   -1.540000000  -50.991095883  -29.848193151
   -1.520000000  -51.547322480  -25.931297152
   -1.500000000  -52.036096902  -23.044374188
   -1.480000000  -52.473743197  -20.900505995
   -1.460000000  -52.872022012  -19.406622011
   -1.440000000  -53.244056501  -17.969753700
   -1.420000000  -53.586744089  -16.280167709
   -1.400000000  -53.890123521  -14.120939824
   -1.380000000  -54.144503629  -11.442587010
   -1.360000000  -54.339319910   -8.452622739
   -1.340000000  -54.473896556   -5.226271612
   -1.320000000  -54.546755779   -2.273541586
   -1.300000000  -54.565416908    0.147049109
   -1.280000000  -54.541850266    2.024932523
   -1.260000000  -54.484527835    3.171529544
   -1.240000000  -54.413173527    3.875070627
   -1.220000000  -54.326523000    4.342788523
   -1.200000000  -54.230057285    4.954025488
   -1.180000000  -54.115415520    6.014334138
   -1.160000000  -53.978255444    7.688558841
   -1.140000000  -53.801791548    9.599956431
   -1.120000000  -53.584489699   11.762417258
   -1.100000000  -53.324122287   13.861964128
   -1.080000000  -53.027459698   15.591367458
   -1.060000000  -52.699363256   16.654652868
   -1.040000000  -52.354664351   17.232237260
   -1.020000000  -52.004593003   17.391494504
   -1.000000000  -51.652282960   17.406978828
   -0.980000000  -51.297977012   17.566569582
   -0.960000000  -50.938285953   17.933697332
   -0.940000000  -50.566300238   18.900959990
   -0.920000000  -50.172228520   20.174119582
   -0.900000000  -49.749825450   21.623419993
   -0.880000000  -49.301291126   22.896249436
   -0.860000000  -48.829337368   23.730110830
   -0.840000000  -48.347259775   23.947400370
   -0.820000000  -47.865472948   23.649275920
   -0.800000000  -47.395453649   23.039073292
   -0.780000000  -46.939035724   22.263295339
   -0.760000000  -46.495540950   21.504332018
   -0.740000000  -46.063385942   21.311331135
   -0.720000000  -45.630110325   21.567751796
   -0.700000000  -45.188801844   22.163017064
   -0.680000000  -44.732119930   22.888963368
   -0.660000000  -44.264357571   23.538534780
   -0.640000000  -43.786738804   23.753776593
   -0.620000000  -43.311392546   23.311279869
   -0.600000000  -42.852194941   22.197207751
   -0.580000000  -42.419173135   20.599986792
   -0.560000000  -42.020420993   18.786722059
   -0.540000000  -41.657289604   17.304671173
   -0.520000000  -41.319124812   16.358844266
   -0.500000000  -40.992416339   15.924105684
   -0.480000000  -40.667817058   16.290461645
   -0.460000000  -40.329548885   17.165508194
   -0.440000000  -39.971079368   18.344092218
   -0.420000000  -39.592486144   19.230049762
   -0.400000000  -39.199445490   19.551141017
   -0.380000000  -38.811759216   18.990103546
   -0.360000000  -38.440010071   17.682216173
   -0.340000000  -38.100745497   15.752026130
   -0.320000000  -37.802807626   13.513435569
   -0.300000000  -37.550942955   11.440023187
   -0.280000000  -37.336666096    9.769497732
   -0.260000000  -37.150507701    8.756889633
   -0.240000000  -36.976037628    8.516284779
   -0.220000000  -36.800687092    8.636016558
   -0.200000000  -36.622525950    8.960203322
   -0.180000000  -36.438042969    9.102433274
   -0.160000000  -36.255202601    8.851115275
   -0.140000000  -36.084102944    7.890761226
   -0.120000000  -35.936600392    6.606381343
   -0.100000000  -35.814363409    5.009925302
   -0.080000000  -35.727026360    3.602128590
   -0.060000000  -35.662584145    2.527307125
   -0.040000000  -35.616455658    1.976825782
   -0.020000000  -35.575527053    1.753886690
    0.000000000  -35.537079692    1.953538204
    0.020000000  -35.494571894    2.176092380
    0.040000000  -35.447947743    2.113837252
    0.060000000  -35.408807985    1.579318243
    0.080000000  -35.383078702    0.576069584
    0.100000000  -35.384426433   -0.836834191
    0.120000000  -35.416754642   -2.608038265
    0.140000000  -35.486185977   -4.576100140
    0.160000000  -35.592517277   -6.427246371
    0.180000000  -35.735941664   -8.076612871
    0.200000000  -35.908942723   -9.350143320
    0.220000000  -36.103852845  -10.225450599
    0.240000000  -36.315548766  -11.019756781
    0.260000000  -36.539864676  -11.640110359
    0.280000000  -36.777097050  -12.228684269
    0.300000000  -37.028880920  -12.932807812
    0.320000000  -37.294507456  -13.914070846
    0.340000000  -37.580319184  -14.863045586
    0.360000000  -37.882422849  -15.969183895
    0.380000000  -38.211218800  -16.874951818
    0.400000000  -38.555476178  -17.581847403
    0.420000000  -38.912925540  -18.113445482
    0.440000000  -39.277709826  -18.501719462
    0.460000000  -39.647707349  -18.639288278
    0.480000000  -40.017641784  -18.722431124
    0.500000000  -40.391280014  -18.662759250
    0.520000000  -40.764643691  -18.795558592
    0.540000000  -41.140612450  -19.138264173
    0.560000000  -41.527852758  -19.675697827
    0.580000000  -41.929209768  -20.386856231
    0.600000000  -42.342534352  -21.387251269
    0.620000000  -42.776983583  -22.325347624
    0.640000000  -43.233289207  -23.260302922
    0.660000000  -43.706517667  -24.158295301
    0.680000000  -44.196806530  -24.756228196
    0.700000000  -44.692970605  -24.981826852
    0.720000000  -45.189105981  -24.887830860
    0.740000000  -45.680686464  -24.380983802
    0.760000000  -46.158725254  -23.597220561
    0.780000000  -46.623320605  -22.754909265
    0.800000000  -47.067929390  -22.104265884
    0.820000000  -47.504213078  -21.667567939
    0.840000000  -47.934868131  -21.662199810
    0.860000000  -48.368351565  -21.838486309
    0.880000000  -48.804545105  -22.187084312
    0.900000000  -49.248369869  -22.242269544
    0.920000000  -49.689373501  -22.020090651
    0.940000000  -50.121472902  -21.258292107
    0.960000000  -50.535714388  -20.031722829
    0.980000000  -50.917720048  -18.624640172
    1.000000000  -51.272634418  -17.156908910
    1.020000000  -51.603762057  -16.025061517
    1.040000000  -51.913793496  -15.354700659
    1.060000000  -52.214712653  -15.150573353
    1.080000000  -52.515789142  -15.036485022
    1.100000000  -52.814254374  -14.869439789
    1.120000000  -53.101057473  -14.254167426
    1.140000000  -53.373336493  -12.960826887
    1.160000000  -53.609247867  -10.892915246
    1.180000000  -53.796633184   -8.328559373
    1.200000000  -53.932451309   -5.492149840
    1.220000000  -54.014332316   -2.871719712
    1.240000000  -54.049048824   -0.836929206
    1.260000000  -54.048948155    0.481633734
    1.280000000  -54.026900187    1.295201273
    1.300000000  -53.991967821    1.778112599
    1.320000000  -53.947217624    2.332886415
    1.340000000  -53.887156804    3.406864368
    1.360000000  -53.799613681    5.196242934
    1.380000000  -53.669357933    7.569709490
    1.400000000  -53.483277562   10.514471329
    1.420000000  -53.237389864   13.709367892
    1.440000000  -52.928149945   16.988726329
    1.460000000  -52.553877886   20.008114253
    1.480000000  -52.120216924   22.788880664
    1.500000000  -51.636216203   25.375027302
    1.520000000  -51.095146157   28.048707305
    1.540000000  -50.499915436   31.074729069
    1.560000000  -49.838450442   34.547230387
    1.580000000  -49.103186520   38.465493155
    1.600000000  -48.285474268   42.800495204
    1.620000000  -47.381247102   47.103422832
    1.640000000  -46.393045978   51.149420231
    1.660000000  -45.328492822   54.603983141
    1.680000000  -44.200892513   57.407306405
    1.700000000  -43.022680812   59.602294176
    1.720000000  -41.805270884   61.528090005
    1.740000000  -40.549917363   63.532539658
    1.760000000  -39.247773429   65.981597399
    1.780000000  -37.888065095   69.480237934
    1.800000000  -36.445665263   74.280761273
    1.820000000  -34.893106208   80.554852453
    1.840000000  -33.200365822   88.184493332
    1.860000000  -31.346636404   96.995537873
    1.880000000  -29.307804460  106.126391295
    1.900000000  -27.089281317  115.099770004
    1.920000000  -24.700823344  122.859381303
    1.940000000  -22.176640045  128.553272740
    1.960000000  -19.565570438  131.348290311
    1.980000000  -16.932039534  130.709020833
    2.000000000  -14.347464175  126.400346367
