#! FIELDS p.x file.free der_p.x
#! SET min_p.x -2.0
#! SET max_p.x 2.0
#! SET nbins_p.x  201
#! SET periodic_p.x false
   -2.000000000   -5.667156774  -72.931985022
   -1.980000000   -7.240184903  -84.086767813
   -1.960000000   -9.027360021  -93.960232318
   -1.940000000  -10.991779999 -101.686621060
   -1.920000000  -13.082579793 -106.594932749
   -1.900000000  -15.237487824 -108.248216016
   -1.880000000  -17.395359607 -106.757446890
   -1.860000000  -19.493920054 -102.427477426
   -1.840000000  -21.483060627  -95.948679807
   -1.820000000  -23.327043895  -88.164899410
   -1.800000000  -25.012201629  -80.109283964
   -1.780000000  -26.541138892  -72.633658050
   -1.760000000  -27.930815039  -66.331437726
   -1.740000000  -29.208930836  -61.521175036
   -1.720000000  -30.406140888  -58.180766746
   -1.700000000  -31.549721677  -56.001016056
   -1.680000000  -32.655727914  -54.383700199
   -1.660000000  -33.729232778  -52.705893464
   -1.640000000  -34.764880485  -50.477344874
   -1.620000000  -35.746364139  -47.339324533
   -1.600000000  -36.656182977  -43.360925309
   -1.580000000  -37.480476033  -38.757225982
   -1.560000000  -38.210345448  -33.984863392
   -1.540000000  -38.845151740  -29.615601541
   -1.520000000  -39.399726534  -25.956390572
   -1.500000000  -39.892620038  -23.375413154
   -1.480000000  -40.340975368  -21.567436921
   -1.460000000  -40.756470598  -20.421446029
   -1.440000000  -41.152275872  -19.236964022
   -1.420000000  -41.521953969  -17.677654269
   -1.400000000  -41.853362678  -15.443570443
   -1.380000000  -42.132744123  -12.523132579
   -1.360000000  -42.346970433   -9.189545653
   -1.340000000  -42.493573998   -5.625394148
   -1.320000000  -42.572370453   -2.412396884
   -1.300000000  -42.593379851    0.122660010
   -1.280000000  -42.571452681    1.934039219
   -1.260000000  -42.518743725    2.873806799
   -1.240000000  -42.457143600    3.305951657
   -1.220000000  -42.385056249    3.536474238
   -1.200000000  -42.306618612    4.062231216
   -1.180000000  -42.209591944    5.246030137
   -1.160000000  -42.085166827    7.269856437
   -1.140000000  -41.912708499    9.720228330
   -1.120000000  -41.687694859   12.504758414
   -1.100000000  -41.407842741   15.166855772
   -1.080000000  -41.081492375   17.294005790
   -1.060000000  -40.718378961   18.501620315
   -1.040000000  -40.338280629   18.952691860
   -1.020000000  -39.957889926   18.749122378
   -1.000000000  -39.584116601   18.256272345
   -0.980000000  -39.218935387   17.877519945
   -0.960000000  -38.858490799   17.785750150
   -0.940000000  -38.493492959   18.442382118
   -0.920000000  -38.111238137   19.560959490
   -0.900000000  -37.702589632   20.985269595
   -0.880000000  -37.267187080   22.281516342
   -0.860000000  -36.808607285   23.094753441
   -0.840000000  -36.341077015   23.192229509
   -0.820000000  -35.877255391   22.663041688
   -0.800000000  -35.430942124   21.705918122
   -0.780000000  -35.005558342   20.559135082
   -0.760000000  -34.599802086   19.489315295
   -0.740000000  -34.210754897   19.137674578
   -0.720000000  -33.820946041   19.477695039
   -0.700000000  -33.419208909   20.414670124
   -0.680000000  -32.992453687   21.734296850
   -0.660000000  -32.541009985   23.181422059
   -0.640000000  -32.062980655   24.289830586
   -0.620000000  -31.568988191   24.744031724
   -0.600000000  -31.073313588   24.470997467
   -0.580000000  -30.587875007   23.611367309
   -0.560000000  -30.123407326   22.398672187
   -0.540000000  -29.683920936   21.374990192
   -0.520000000  -29.261857459   20.715451314
   -0.500000000  -28.846786706   20.420421573
   -0.480000000  -28.432717812   20.761383118
   -0.460000000  -28.007829681   21.400005250
   -0.440000000  -27.570134861   22.111279070
   -0.420000000  -27.123614124   22.320961631
   -0.400000000  -26.677615105   21.791259604
   -0.380000000  -26.255285281   20.278157690
   -0.360000000  -25.868152228   18.012253937
   -0.340000000  -25.532109088   15.241884695
   -0.320000000  -25.251421909   12.387091916
   -0.300000000  -25.026988872    9.969639469
   -0.280000000  -24.843667016    8.234707215
   -0.260000000  -24.687590081    7.366670095
   -0.240000000  -24.539935107    7.339089726
   -0.220000000  -24.386417107    7.635213616
   -0.200000000  -24.229145792    7.929175345
   -0.180000000  -24.069150211    7.716863939
   -0.160000000  -23.920872437    6.808279670
   -0.140000000  -23.800560813    4.943555521
   -0.120000000  -23.722738359    2.592797600
   -0.100000000  -23.692268785   -0.044243202
   -0.080000000  -23.716090760   -2.290527668
   -0.060000000  -23.776026342   -3.882846286
   -0.040000000  -23.861049878   -4.561518162
   -0.020000000  -23.949783065   -4.485313698
    0.000000000  -24.030619398   -3.650835938
    0.020000000  -24.092339351   -2.526904664
    0.040000000  -24.130870783   -1.582927189
    0.060000000  -24.157339646   -1.163964250
    0.080000000  -24.179659605   -1.406414635
    0.100000000  -24.215936852   -2.347959980
    0.120000000  -24.276885959   -3.963731733
    0.140000000  -24.374309076   -6.012011583
    0.160000000  -24.512623876   -8.096712052
    0.180000000  -24.693155672  -10.021729939
    0.200000000  -24.907643320  -11.427587282
    0.220000000  -25.144546858  -12.209806933
    0.240000000  -25.393723727  -12.605846872
    0.260000000  -25.645133626  -12.569458570
    0.280000000  -25.893410695  -12.329560242
    0.300000000  -26.138695663  -12.156921687
    0.320000000  -26.380921327  -12.308747867
    0.340000000  -26.629119110  -12.605278760
    0.360000000  -26.882707612  -13.352464461
    0.380000000  -27.158501869  -14.181508530
    0.400000000  -27.450743702  -15.085184545
    0.420000000  -27.762681186  -15.971274473
    0.440000000  -28.089796844  -16.846063368
    0.460000000  -28.432322451  -17.470033788
    0.480000000  -28.784227191  -17.976437116
    0.500000000  -29.146350538  -18.244140337
    0.520000000  -29.514436724  -18.507090989
    0.540000000  -29.886191366  -18.864877926
    0.560000000  -30.267544780  -19.309518352
    0.580000000  -30.660433736  -19.834108899
    0.600000000  -31.061483102  -20.629668805
    0.620000000  -31.480126309  -21.423946525
    0.640000000  -31.917919452  -22.341271106
    0.660000000  -32.373944392  -23.333789546
    0.680000000  -32.850626187  -24.152328374
    0.700000000  -33.338450092  -24.749527767
    0.720000000  -33.834726983  -25.069030069
    0.740000000  -34.335257613  -24.984379313
    0.760000000  -34.830148840  -24.576953499
    0.780000000  -35.317950555  -24.005963738
    0.800000000  -35.789420821  -23.474211926
    0.820000000  -36.253464451  -22.969004960
    0.840000000  -36.708900431  -22.693443512
    0.860000000  -37.159761744  -22.467337944
    0.880000000  -37.604068385  -22.255292279
    0.900000000  -38.043755894  -21.680266928
    0.920000000  -38.467483188  -20.830789168
    0.940000000  -38.870642346  -19.485285255
    0.960000000  -39.245572772  -17.824493924
    0.980000000  -39.581625269  -16.191648332
    1.000000000  -39.888188048  -14.747268866
    1.020000000  -40.174231825  -13.859649235
    1.040000000  -40.446044262  -13.654603327
    1.060000000  -40.719320554  -14.029912567
    1.080000000  -41.004834140  -14.509964085
    1.100000000  -41.299025620  -14.853034842
    1.120000000  -41.590245078  -14.600818700
    1.140000000  -41.872067027  -13.475606508
    1.160000000  -42.118911375  -11.386881732
    1.180000000  -42.315625126   -8.678173415
    1.200000000  -42.457287718   -5.660349856
    1.220000000  -42.541829693   -2.908336453
    1.240000000  -42.577669091   -0.863215164
    1.260000000  -42.580004390    0.305391574
    1.280000000  -42.564622682    0.834522629
    1.300000000  -42.542643425    0.985610519
    1.320000000  -42.517531694    1.241869562
    1.340000000  -42.482271980    2.123615143
    1.360000000  -42.421562067    3.899411830
    1.380000000  -42.316163595    6.492995103
    1.400000000  -42.148728610    9.858359459
    1.420000000  -41.911184963   13.653108010
    1.440000000  -41.597357689   17.615200054
    1.460000000  -41.204909462   21.320156422
    1.480000000  -40.739810086   24.693754494
    1.500000000  -40.213468460   27.707203566
    1.520000000  -39.624634159   30.508472926
    1.540000000  -38.981925082   33.312495334
    1.560000000  -38.281652996   36.127423312
    1.580000000  -37.524742325   38.991136369
    1.600000000  -36.711340361   41.847926688
    1.620000000  -35.842932124   44.479076389
    1.640000000  -34.925633418   46.821602237
    1.660000000  -33.963732112   48.861036136
    1.680000000  -32.961664834   50.866695613
    1.700000000  -31.916066420   53.213408767
    1.720000000  -30.816829908   56.435620818
    1.740000000  -29.641814150   60.911739515
    1.760000000  -28.360498203   66.787404536
    1.780000000  -26.947214612   74.172274506
    1.800000000  -25.374731037   82.617788963
    1.820000000  -23.628824742   91.440605404
    1.840000000  -21.709910489   99.676467465
    1.860000000  -19.642972567  106.482805580
    1.880000000  -17.460193833  110.678476558
    1.900000000  -15.225302326  111.901329085
    1.920000000  -12.998990148  109.666664894
    1.940000000  -10.851239134  104.120484464
    1.960000000   -8.843904260   95.664213125
    1.980000000   -7.028891478   85.030465609
    2.000000000   -5.440607985   73.056430319
