#! FIELDS p.x file.free der_p.x
#! SET min_p.x -2.0
#! SET max_p.x 2.0
#! SET nbins_p.x  201
#! SET periodic_p.x false
   -2.000000000  -14.912433722 -126.316595856
   -1.980000000  -17.482127373 -129.877418204
   -1.960000000  -20.092244138 -130.154984565
   -1.940000000  -22.676791948 -127.381406137
   -1.920000000  -25.178442809 -122.064873506
   -1.900000000  -27.551588758 -114.843963282
   -1.880000000  -29.770768028 -106.619411637
   -1.860000000  -31.820901576  -98.071201792
   -1.840000000  -33.702385752  -89.838584050
   -1.820000000  -35.424827851  -82.339292466
   -1.800000000  -37.009247864  -75.957869400
   -1.780000000  -38.478701248  -70.816297640
   -1.760000000  -39.856451025  -66.847984100
   -1.740000000  -41.165198486  -63.896423715
   -1.720000000  -42.423235387  -61.689673737
   -1.700000000  -43.642592679  -59.883304386
   -1.680000000  -44.825214074  -58.010821749
   -1.660000000  -45.965338120  -55.695944165
   -1.640000000  -47.052495426  -52.680209753
   -1.620000000  -48.069202298  -48.776412357
   -1.600000000  -48.999395608  -44.199714184
   -1.580000000  -49.834066955  -39.142689771
   -1.560000000  -50.565595916  -34.104658600
   -1.540000000  -51.199202207  -29.434129044
   -1.520000000  -51.746982391  -25.501784237
   -1.500000000  -52.227161820  -22.615853736
   -1.480000000  -52.656339550  -20.483577279
   -1.460000000  -53.046459962  -19.008324449
   -1.440000000  -53.410770753  -17.595531225
   -1.420000000  -53.746270636  -15.935239485
   -1.400000000  -54.043091936  -13.812551229
   -1.380000000  -54.291693160  -11.175738834
   -1.360000000  -54.481637779   -8.232406811
   -1.340000000  -54.612307318   -5.058207215
   -1.320000000  -54.682289752   -2.159464473
   -1.300000000  -54.699148079    0.207879442
   -1.280000000  -54.674866009    2.038157808
   -1.260000000  -54.617670079    3.140931431
   -1.240000000  -54.547262438    3.807527417
   -1.220000000  -54.462284398    4.244754226
   -1.200000000  -54.368046827    4.829043788
   -1.180000000  -54.256149644    5.865100888
   -1.160000000  -54.122161288    7.520417928
   -1.140000000  -53.949190483    9.416928674
   -1.120000000  -53.735620006   11.571615216
   -1.100000000  -53.479041604   13.673571785
   -1.080000000  -53.186024772   15.416136938
   -1.060000000  -52.861199949   16.502365085
   -1.040000000  -52.519218594   17.110788942
   -1.020000000  -52.171222551   17.305536187
   -1.000000000  -51.820256695   17.357179923
   -0.980000000  -51.466616903   17.548217491
   -0.960000000  -51.107049477   17.942071415
   -0.940000000  -50.734670310   18.931580040
   -0.920000000  -50.339819106   20.223572177
   -0.900000000  -49.916247284   21.691594739
   -0.880000000  -49.466149720   22.984759499
   -0.860000000  -48.992230503   23.840131001
   -0.840000000  -48.507735536   24.075014305
   -0.820000000  -48.023319661   23.782541895
   -0.800000000  -47.550757594   23.154717196
   -0.780000000  -47.092442397   22.327039183
   -0.760000000  -46.648551950   21.475621495
   -0.740000000  -46.218219957   21.151473917
   -0.720000000  -45.789720495   21.245090220
   -0.700000000  -45.356600411   21.663410363
   -0.680000000  -44.911669748   22.220449988
   -0.660000000  -44.458628262   22.738946647
   -0.640000000  -43.997826025   22.883691931
   -0.620000000  -43.539954548   22.447325566
   -0.600000000  -43.097265841   21.421990600
   -0.580000000  -42.678226411   19.987899289
   -0.560000000  -42.289650747   18.388186422
   -0.540000000  -41.932085364   17.144409249
   -0.520000000  -41.594762517   16.430802176
   -0.500000000  -41.264590973   16.189974260
   -0.480000000  -40.933243365   16.687987754
   -0.460000000  -40.586287254   17.623888624
   -0.440000000  -40.218560372   18.794794687
   -0.420000000  -39.831492613   19.618798317
   -0.400000000  -39.431611876   19.840644551
   -0.380000000  -39.039269642   19.164838315
   -0.360000000  -38.665107478   17.751481798
   -0.340000000  -38.325410743   15.736170767
   -0.320000000  -38.028388898   13.445047610
   -0.300000000  -37.778126492   11.353752249
   -0.280000000  -37.565479865    9.695812875
   -0.260000000  -37.380455955    8.720399459
   -0.240000000  -37.206285959    8.527316733
   -0.220000000  -37.030259126    8.695535000
   -0.200000000  -36.850397537    9.066204804
   -0.180000000  -36.663388535    9.236997074
   -0.160000000  -36.477727361    8.990007875
   -0.140000000  -36.304017990    8.001780384
   -0.120000000  -36.154871451    6.650387844
   -0.100000000  -36.032795610    4.947060494
   -0.080000000  -35.948131732    3.392072921
   -0.060000000  -35.889648313    2.140588667
   -0.040000000  -35.853258530    1.393190575
   -0.020000000  -35.826012937    0.969072616
    0.000000000  -35.805179563    0.984557606
    0.020000000  -35.783641597    1.056507796
    0.040000000  -35.760550472    0.891617773
    0.060000000  -35.746360622    0.309345082
    0.080000000  -35.745974438   -0.676990693
    0.100000000  -35.771806381   -2.022842171
    0.120000000  -35.826818295   -3.687902683
    0.140000000  -35.916663576   -5.531714786
    0.160000000  -36.040935990   -7.262275619
    0.180000000  -36.200002429   -8.813133312
    0.200000000  -36.386906481  -10.011960653
    0.220000000  -36.594616419  -10.839297075
    0.240000000  -36.818305341  -11.602796248
    0.260000000  -37.054018795  -12.197991431
    0.280000000  -37.302098233  -12.756093513
    0.300000000  -37.564063730  -13.420038824
    0.320000000  -37.839029831  -14.357195895
    0.340000000  -38.133311458  -15.266733996
    0.360000000  -38.443257187  -16.352386444
    0.380000000  -38.779750673  -17.261684755
    0.400000000  -39.132008557  -18.001252476
    0.420000000  -39.498310703  -18.582063259
    0.440000000  -39.872987119  -19.017922909
    0.460000000  -40.253722535  -19.185560213
    0.480000000  -40.634604440  -19.260002285
    0.500000000  -41.018422168  -19.145645191
    0.520000000  -41.400304095  -19.177642887
    0.540000000  -41.782534471  -19.374826359
    0.560000000  -42.173010537  -19.757838511
    0.580000000  -42.574554761  -20.331782311
    0.600000000  -42.985753741  -21.235043290
    0.620000000  -43.416672563  -22.135293219
    0.640000000  -43.869279819  -23.094989333
    0.660000000  -44.339856457  -24.068644205
    0.680000000  -44.829328211  -24.772715477
    0.700000000  -45.326910816  -25.111032292
    0.720000000  -45.826533200  -25.105870840
    0.740000000  -46.323021693  -24.648631788
    0.760000000  -46.806475541  -23.863884155
    0.780000000  -47.275946474  -22.974672572
    0.800000000  -47.724111934  -22.239456834
    0.820000000  -48.162063841  -21.696849782
    0.840000000  -48.592171920  -21.584936048
    0.860000000  -49.023143980  -21.665892046
    0.880000000  -49.455086511  -21.943387332
    0.900000000  -49.893467482  -21.957115113
    0.920000000  -50.328503822  -21.717383047
    0.940000000  -50.754507812  -20.956183672
    0.960000000  -51.162727233  -19.745511505
    0.980000000  -51.539169810  -18.355825235
    1.000000000  -51.888792912  -16.898847853
    1.020000000  -52.214791267  -15.770056607
    1.040000000  -52.519674896  -15.099704857
    1.060000000  -52.815457495  -14.896427785
    1.080000000  -53.111489613  -14.789352099
    1.100000000  -53.405218609  -14.648451558
    1.120000000  -53.687994436  -14.079872008
    1.140000000  -53.957364468  -12.854831567
    1.160000000  -54.191886907  -10.869228852
    1.180000000  -54.379638123   -8.389725809
    1.200000000  -54.517386007   -5.629474204
    1.220000000  -54.602513886   -3.058659162
    1.240000000  -54.641142620   -1.039118793
    1.260000000  -54.644948852    0.297333563
    1.280000000  -54.626091374    1.161925153
    1.300000000  -54.593027684    1.717684856
    1.320000000  -54.548659405    2.353110940
    1.340000000  -54.487471648    3.495627506
    1.360000000  -54.397595906    5.332175472
    1.380000000  -54.264354814    7.723592047
    1.400000000  -54.075247539   10.654604903
    1.420000000  -53.826872990   13.811489420
    1.440000000  -53.516048128   17.031844254
    1.460000000  -53.141550120   19.984038501
    1.480000000  -52.709050885   22.692022025
    1.500000000  -52.227620043   25.209831177
    1.520000000  -51.690420900   27.822756442
    1.540000000  -51.100151169   30.802368215
    1.560000000  -50.444501532   34.246293000
    1.580000000  -49.715356408   38.164077209
    1.600000000  -48.903408489   42.535294375
    1.620000000  -48.003648369   46.923005795
    1.640000000  -47.017752036   51.098126972
    1.660000000  -45.952518423   54.718532535
    1.680000000  -44.820709916   57.709153558
    1.700000000  -43.634533464   60.086743552
    1.720000000  -42.405689370   62.160402487
    1.740000000  -41.136571747   64.261068734
    1.760000000  -39.819497152   66.730823674
    1.780000000  -38.445220583   70.169445004
    1.800000000  -36.990129478   74.844222214
    1.820000000  -35.427824477   80.959710428
    1.840000000  -33.728437438   88.438907078
    1.860000000  -31.870559615   97.161624312
    1.880000000  -29.828359259  106.309124747
    1.900000000  -27.604853252  115.432240596
    1.920000000  -25.207034844  123.475291626
    1.940000000  -22.666688834  129.562213627
    1.960000000  -20.030930761  132.808610264
    1.980000000  -17.363647647  132.613953917
    2.000000000  -14.736942418  128.673672614
