#! FIELDS p.x file.free der_p.x
#! SET min_p.x -2.0
#! SET max_p.x 2.0
#! SET nbins_p.x  201
#! SET periodic_p.x false
   -2.000000000  -10.694100994 -110.329206615
   -1.980000000  -12.990511048 -118.643191593
   -1.960000000  -15.425277464 -123.864525477
   -1.940000000  -17.930435546 -125.653673249
   -1.920000000  -20.436013393 -124.028560733
   -1.900000000  -22.875173762 -119.288966441
   -1.880000000  -25.196611729 -112.206113739
   -1.860000000  -27.358950811 -103.541708117
   -1.840000000  -29.339699597  -94.190006994
   -1.820000000  -31.132023393  -84.937198195
   -1.800000000  -32.748317992  -76.568968312
   -1.780000000  -34.210646077  -69.564913558
   -1.760000000  -35.547588248  -64.121711451
   -1.740000000  -36.791190438  -60.223023682
   -1.720000000  -37.970614590  -57.614533400
   -1.700000000  -39.108301401  -55.879644547
   -1.680000000  -40.214250292  -54.414894823
   -1.660000000  -41.288462727  -52.674186784
   -1.640000000  -42.322465022  -50.280566572
   -1.620000000  -43.297988772  -46.988250133
   -1.600000000  -44.198351148  -42.954495685
   -1.580000000  -45.013691296  -38.350335109
   -1.560000000  -45.734321726  -33.732914203
   -1.540000000  -46.364921462  -29.491518788
   -1.520000000  -46.918612912  -25.993895042
   -1.500000000  -47.413275531  -23.573562293
   -1.480000000  -47.866113231  -21.885447113
   -1.460000000  -48.288221663  -20.780098682
   -1.440000000  -48.690689961  -19.603358673
   -1.420000000  -49.067272694  -17.996798431
   -1.400000000  -49.404251312  -15.709913020
   -1.380000000  -49.687993055  -12.715081922
   -1.360000000  -49.904224358   -9.288295613
   -1.340000000  -50.050842436   -5.562121077
   -1.320000000  -50.125891151   -2.146402475
   -1.300000000  -50.138479950    0.649721352
   -1.280000000  -50.102524565    2.766735593
   -1.260000000  -50.029440186    4.018705623
   -1.240000000  -49.941404469    4.720890649
   -1.220000000  -49.838584994    5.144601963
   -1.200000000  -49.726835963    5.719723814
   -1.180000000  -49.597059437    6.791312601
   -1.160000000  -49.444046956    8.541550829
   -1.140000000  -49.249696483   10.572286099
   -1.120000000  -49.011872071   12.857351295
   -1.100000000  -48.729299672   15.016799257
   -1.080000000  -48.410293743   16.686306096
   -1.060000000  -48.062620079   17.527972385
   -1.040000000  -47.704184537   17.732287461
   -1.020000000  -47.349155147   17.402583940
   -1.000000000  -47.002075161   16.889702805
   -0.980000000  -46.663374820   16.571647695
   -0.960000000  -46.327423590   16.599175526
   -0.940000000  -45.984040744   17.433930410
   -0.920000000  -45.619294813   18.787339724
   -0.900000000  -45.222423295   20.512869431
   -0.880000000  -44.792574410   22.187550042
   -0.860000000  -44.330814822   23.449106181
   -0.840000000  -43.850922562   24.021500953
   -0.820000000  -43.365398679   23.947184537
   -0.800000000  -42.889051178   23.384096058
   -0.780000000  -42.426983377   22.487028622
   -0.760000000  -41.981480278   21.492964907
   -0.740000000  -41.552665113   21.017960583
   -0.720000000  -41.128045811   21.030558277
   -0.700000000  -40.699376447   21.476701110
   -0.680000000  -40.257092009   22.174287222
   -0.660000000  -39.803305438   22.913322851
   -0.640000000  -39.337093711   23.288140217
   -0.620000000  -38.869914710   23.018128018
   -0.600000000  -38.415639946   22.033589758
   -0.580000000  -37.985380027   20.493154743
   -0.560000000  -37.589106877   18.662435456
   -0.540000000  -37.229395514   17.117667808
   -0.520000000  -36.895782945   16.109419515
   -0.500000000  -36.574234957   15.673658500
   -0.480000000  -36.254020038   16.154354801
   -0.460000000  -35.916596948   17.261645504
   -0.440000000  -35.553700239   18.759004701
   -0.420000000  -35.163525537   20.003432095
   -0.400000000  -34.751858509   20.653625680
   -0.380000000  -34.340252295   20.323061379
   -0.360000000  -33.941078857   19.101413732
   -0.340000000  -33.574453556   17.085308352
   -0.320000000  -33.252140826   14.615855586
   -0.300000000  -32.981776472   12.206221321
   -0.280000000  -32.756285553   10.128868707
   -0.260000000  -32.567595235    8.677588079
   -0.240000000  -32.399784098    7.961931534
   -0.220000000  -32.240645511    7.581718349
   -0.200000000  -32.089370884    7.360193285
   -0.180000000  -31.943132229    6.896950114
   -0.160000000  -31.811098667    6.032479465
   -0.140000000  -31.702710988    4.495444813
   -0.120000000  -31.628246128    2.752367759
   -0.100000000  -31.586346231    0.897051803
   -0.080000000  -31.581978205   -0.492003278
   -0.060000000  -31.597029784   -1.256381603
   -0.040000000  -31.621277541   -1.220293973
   -0.020000000  -31.637109643   -0.661941574
    0.000000000  -31.638779765    0.383547389
    0.020000000  -31.619833514    1.393401957
    0.040000000  -31.583055653    1.938271899
    0.060000000  -31.544235048    1.730983913
    0.080000000  -31.515258521    0.744061785
    0.100000000  -31.515869076   -0.940850752
    0.120000000  -31.555113483   -3.206345018
    0.140000000  -31.642604803   -5.763415981
    0.160000000  -31.778890507   -8.180480513
    0.180000000  -31.962301380  -10.260101262
    0.200000000  -32.181860415  -11.747421666
    0.220000000  -32.425189369  -12.574103613
    0.240000000  -32.681857649  -13.067959698
    0.260000000  -32.942896512  -13.184599912
    0.280000000  -33.205323782  -13.156092870
    0.300000000  -33.469331131  -13.232824684
    0.320000000  -33.735388447  -13.645944174
    0.340000000  -34.011544330  -14.175210027
    0.360000000  -34.297315335  -15.058079978
    0.380000000  -34.607388627  -15.920231261
    0.400000000  -34.933722078  -16.756379845
    0.420000000  -35.277393955  -17.529488203
    0.440000000  -35.633765593  -18.224469250
    0.460000000  -36.001603403  -18.664168661
    0.480000000  -36.374915225  -19.001089675
    0.500000000  -36.756089499  -19.108140392
    0.520000000  -37.139587831  -19.284173140
    0.540000000  -37.525247218  -19.557993015
    0.560000000  -37.919417790  -19.915936136
    0.580000000  -38.323082982  -20.354972128
    0.600000000  -38.732644747  -21.015517324
    0.620000000  -39.156446724  -21.597598582
    0.640000000  -39.595034107  -22.220253067
    0.660000000  -40.045009147  -22.882168240
    0.680000000  -40.508496191  -23.356976310
    0.700000000  -40.976703592  -23.590954595
    0.720000000  -41.446521614  -23.641781224
    0.740000000  -41.915996660  -23.402115751
    0.760000000  -42.378305552  -22.972310251
    0.780000000  -42.834672077  -22.544943767
    0.800000000  -43.279414221  -22.309338399
    0.820000000  -43.723846650  -22.237772981
    0.840000000  -44.169198133  -22.506039393
    0.860000000  -44.621583412  -22.847885153
    0.880000000  -45.078628396  -23.221579378
    0.900000000  -45.542447523  -23.167719420
    0.920000000  -46.000235679  -22.723671209
    0.940000000  -46.443878858  -21.670841004
    0.960000000  -46.863405094  -20.124012816
    0.980000000  -47.244165614  -18.410303866
    1.000000000  -47.592182147  -16.667361422
    1.020000000  -47.911549213  -15.315552158
    1.040000000  -48.206022875  -14.492896804
    1.060000000  -48.488857432  -14.192272036
    1.080000000  -48.770410566  -14.020664883
    1.100000000  -49.048549995  -13.832554407
    1.120000000  -49.314920461  -13.227360869
    1.140000000  -49.567372092  -11.984828085
    1.160000000  -49.784898710  -10.025186783
    1.180000000  -49.956750035   -7.632341200
    1.200000000  -50.081258360   -5.038457523
    1.220000000  -50.157521454   -2.733758299
    1.240000000  -50.193382243   -1.064955559
    1.260000000  -50.201693457   -0.120438370
    1.280000000  -50.195309945    0.359834936
    1.300000000  -50.181983331    0.595913220
    1.320000000  -50.162415309    1.032992002
    1.340000000  -50.128561825    2.130547144
    1.360000000  -50.065494039    4.070530616
    1.380000000  -49.955620007    6.693365318
    1.400000000  -49.784302311    9.944565028
    1.420000000  -49.546960125   13.446577705
    1.440000000  -49.240500072   17.002971093
    1.460000000  -48.864007792   20.239828785
    1.480000000  -48.424403920   23.167067747
    1.500000000  -47.932000468   25.843841918
    1.520000000  -47.381455657   28.543692106
    1.540000000  -46.776525514   31.547041781
    1.560000000  -46.106180461   34.946351869
    1.580000000  -45.364470402   38.728565214
    1.600000000  -44.543442117   42.865986405
    1.620000000  -43.640571590   46.928029320
    1.640000000  -42.659111477   50.710590182
    1.660000000  -41.605747073   53.962639914
    1.680000000  -40.492558212   56.679877598
    1.700000000  -39.328443268   59.007197405
    1.720000000  -38.119707520   61.347138502
    1.740000000  -36.861711355   64.063829081
    1.760000000  -35.540170904   67.466723848
    1.780000000  -34.140684847   72.008723717
    1.800000000  -32.638562902   77.722173167
    1.820000000  -31.011676371   84.505751320
    1.840000000  -29.240776189   91.968712629
    1.860000000  -27.320794370   99.733413801
    1.880000000  -25.246160087  106.850395245
    1.900000000  -23.041279185  112.922998195
    1.920000000  -20.731528090  117.126876910
    1.940000000  -18.360774130  118.973365897
    1.960000000  -15.979395491  118.056154647
    1.980000000  -13.644944452  114.263888576
    2.000000000  -11.414146901  107.695816153
