#! FIELDS time p.x p.y sigma_p.x sigma_p.y height biasf
#! SET multivariate false
#! SET kerneltype gaussian
                    0.5      1.745607410847747       1.15448488581346                    0.1                    0.1     0.5555555555555556                     10
                      1      1.130647401396302      1.545475732300261                    0.1                    0.1     0.5555555555555556                     10
                    1.5     0.8045778057535267      1.137180089598236                    0.1                    0.1     0.5555555555555556                     10
                      2       1.52613166385833      1.050359322606961                    0.1                    0.1     0.5539397378695506                     10
                    2.5      1.340281203138202      1.418380734835146                    0.1                    0.1     0.5540251800231515                     10
                      3      1.150977528077482      1.251992330330641                    0.1                    0.1     0.5538543451995772                     10
                    3.5      1.121328532792392      1.180110866671569                    0.1                    0.1     0.5328859128591966                     10
                      4      1.376462963396412      1.246457907647934                    0.1                    0.1     0.5442692201500414                     10
                    4.5      1.363569766302382      1.312063816420258                    0.1                    0.1     0.5122861071016921                     10
                      5     0.9833582267916071      1.296658878670445                    0.1                    0.1     0.5408659309940241                     10
                    5.5      1.328641328980864      1.286713472956992                    0.1                    0.1     0.4878356491445316                     10
                      6      1.415855410126744      1.176083873728499                    0.1                    0.1     0.5060019086475169                     10
                    6.5      1.164823354852357      1.386077690937289                    0.1                    0.1     0.5144313785268272                     10
                      7      1.142316037358683      1.319042625664777                    0.1                    0.1     0.4810689882369435                     10
                    7.5      1.389811322580159      1.377062325896369                    0.1                    0.1     0.4781885340095683                     10
                      8      1.078661710175866      1.238979960654236                    0.1                    0.1     0.4742313201018502                     10
                    8.5      1.512835125892498      1.252205807046803                    0.1                    0.1     0.5073744901344144                     10
                      9      1.413816429524639      1.347935940928545                    0.1                    0.1     0.4480437716259665                     10
                    9.5      1.041809231234164      1.217180989164246                    0.1                    0.1     0.4693798290565553                     10
                     10      1.458696937190412      1.166743279758309                    0.1                    0.1     0.4717497458528623                     10
                   10.5       1.12038813419056      1.230190919038431                    0.1                    0.1      0.432376780076795                     10
                     11      1.247930021998564      1.263187623873307                    0.1                    0.1     0.4322354015575139                     10
                   11.5       1.27971815883562      1.217359111503158                    0.1                    0.1     0.4305016823574452                     10
                     12      1.176434649142581      1.162771712714206                    0.1                    0.1     0.4400728723435012                     10
                   12.5      1.207025821042951      1.134643214962401                    0.1                    0.1     0.4481005183203128                     10
                     13      1.481518469499729      1.083420520144752                    0.1                    0.1     0.4842135732218589                     10
                   13.5       1.27052998625004      1.493403666924407                    0.1                    0.1     0.4980151938244812                     10
                     14      1.240216800385506     0.9419629834543458                    0.1                    0.1     0.5466444422216783                     10
                   14.5      1.372220350642884      1.372661080231601                    0.1                    0.1     0.4111293150996851                     10
                     15      1.076213279541665     0.9812176994810052                    0.1                    0.1     0.5340321223887018                     10
                   15.5      1.370018715383904      1.382764934963796                    0.1                    0.1     0.3990612959655013                     10
                     16      1.051547581681763      1.215783980893873                    0.1                    0.1     0.4133929570310566                     10
                   16.5      1.327910576276827      1.050098379119867                    0.1                    0.1     0.4900651879989202                     10
                     17      1.127722828489196      1.379889601609437                    0.1                    0.1      0.436341478374181                     10
                   17.5      1.414510840652241      1.474386385176036                    0.1                    0.1     0.4644047723222744                     10
                     18     0.8718652335509687      1.292821148052632                    0.1                    0.1     0.5187353723821567                     10
                   18.5      1.512418085809675       1.40904050866621                    0.1                    0.1     0.4773412276515451                     10
                     19       1.04569858542876      1.139378820843462                    0.1                    0.1     0.4330616614126339                     10
                   19.5      1.373381674576191       1.48088179776489                    0.1                    0.1     0.4294554523540782                     10
                     20      1.137556347838609      1.021703801550794                    0.1                    0.1     0.4724801307039381                     10
                   20.5      1.402842322942019      1.558607781004543                    0.1                    0.1     0.4826016482040513                     10
                     21      1.225308151258013     0.9661139763331373                    0.1                    0.1     0.4794205444568363                     10
                   21.5      1.151698167866652      1.335650352785637                    0.1                    0.1     0.3839867424508951                     10
                     22       1.15587063496557       1.41454842766174                    0.1                    0.1     0.4167366826590474                     10
                   22.5       1.26536594891467      1.005686650349776                    0.1                    0.1     0.4524872113562065                     10
                     23      1.471444795320806      1.421041720877482                    0.1                    0.1     0.4125522592411183                     10
                   23.5     0.9022675571437905      1.256591114533167                    0.1                    0.1      0.471617612288372                     10
                     24      1.441400686060329      1.427095058051722                    0.1                    0.1     0.3768426680371983                     10
                   24.5      1.145319776681992      1.158613421265803                    0.1                    0.1      0.363795075482622                     10
                     25      1.211196746221892      1.380206324986288                    0.1                    0.1     0.3702566878143685                     10
                   25.5      1.379623599782756      1.146032549990156                    0.1                    0.1     0.4096663917797977                     10
                     26      1.400077793900039       1.36998279729974                    0.1                    0.1      0.332307940319763                     10
                   26.5     0.9670932188163016      1.453672014586961                    0.1                    0.1     0.5125596802037385                     10
                     27      1.445066054077195     0.9451293042177593                    0.1                    0.1     0.5093320268521556                     10
                   27.5      1.155778094430535      1.543021035818485                    0.1                    0.1     0.4719933643262632                     10
                     28      1.173728285045398      1.160178389839539                    0.1                    0.1     0.3505557383172744                     10
                   28.5      1.303928281386719      1.047945562004988                    0.1                    0.1      0.414067097098001                     10
                     29      1.341823350449183      1.461295172119705                    0.1                    0.1     0.3562479537140767                     10
                   29.5      0.917176656048292      1.125931637539308                    0.1                    0.1      0.479230744288299                     10
                     30      1.488843037491163      1.338098345296434                    0.1                    0.1     0.3821768870889786                     10
                   30.5     0.9851587024903419      1.269737890931975                    0.1                    0.1     0.3918449796708828                     10
                     31        1.4652440680818      1.188710568036033                    0.1                    0.1     0.3943861948001329                     10
                   31.5      1.278322419415441       1.27673191281181                    0.1                    0.1     0.3271532047994389                     10
                     32     0.9746071853768515      1.165654944853266                    0.1                    0.1     0.3999308505870559                     10
                   32.5      1.367432087773723      1.287194210671313                    0.1                    0.1     0.3100442987440226                     10
                     33      1.099872397455581      1.418506374698805                    0.1                    0.1     0.3932373085374739                     10
                   33.5      1.273136773118163      1.177797651776025                    0.1                    0.1      0.339110984646964                     10
                     34      1.376177881207688     0.9806442349846635                    0.1                    0.1     0.4408765433000648                     10
                   34.5      1.241933537938926      1.514782799420481                    0.1                    0.1     0.4078382120165622                     10
                     35      1.217064632084025      1.292012583292449                    0.1                    0.1     0.3039869830500477                     10
                   35.5      1.339042114269143      1.053285591138869                    0.1                    0.1     0.3810046960303822                     10
                     36      1.255958416903641      1.522886196701782                    0.1                    0.1     0.3950524673313009                     10
                   36.5      1.126365967244965      1.091109002980592                    0.1                    0.1     0.3635317660320064                     10
                     37      1.286380289053779      1.166412426938961                    0.1                    0.1     0.3206702490284625                     10
                   37.5      1.282801497422389      1.021915545383778                    0.1                    0.1     0.3667440705226532                     10
                     38      1.356030361716145      1.622738146162888                    0.1                    0.1     0.4784923511722142                     10
                   38.5      1.187817869326789     0.7199560155939654                    0.1                    0.1     0.5506214306838427                     10
                     39      1.441148630894154      1.582787450096639                    0.1                    0.1     0.4496449125346995                     10
                   39.5     0.9484627783574505      1.156653319481767                    0.1                    0.1     0.4011056393710649                     10
                     40      1.582820829438545       1.06748111476745                    0.1                    0.1     0.4791493208436652                     10
                   40.5      1.067706031217897      1.387899155909833                    0.1                    0.1     0.3711888890286771                     10
                     41      1.459551803322546      1.150709993573781                    0.1                    0.1     0.3638949452682653                     10
                   41.5      1.033626711162532      1.323932503777288                    0.1                    0.1     0.3442757605415818                     10
                     42      1.452568767465971     0.9979299322469313                    0.1                    0.1     0.4130966380082949                     10
                   42.5      1.153387019236359      1.383270700286531                    0.1                    0.1     0.3140941067043356                     10
                     43      1.436704682118439     0.9733486601311835                    0.1                    0.1     0.4070687317637115                     10
                   43.5     0.9340444607782131      1.261701842366763                    0.1                    0.1     0.3765031447435279                     10
                     44      1.283169471793812      1.156547881326003                    0.1                    0.1     0.3041168318195213                     10
                   44.5      1.208631589032702     0.9657255983975976                    0.1                    0.1     0.3937590789340709                     10
                     45      1.224677013471066      1.443060115329995                    0.1                    0.1     0.3224561963440897                     10
                   45.5       1.31214139414231       1.24211759019713                    0.1                    0.1     0.2811412190542484                     10
                     46      1.322394594170775      1.236298199984045                    0.1                    0.1     0.2751167404257794                     10
                   46.5       1.13790013539776      1.518069934207277                    0.1                    0.1     0.3891253793508012                     10
                     47       1.38773369759426      1.323768897771201                    0.1                    0.1     0.2734883515807084                     10
                   47.5       1.42318807775407      1.155278336528134                    0.1                    0.1     0.3134568611843768                     10
                     48      1.144124054620369      1.166492414323717                    0.1                    0.1     0.2859393615590995                     10
                   48.5      1.344629893788595       1.22964602178381                    0.1                    0.1     0.2621864968973239                     10
                     49     0.9687286160151003      1.463019404450107                    0.1                    0.1     0.4545083152109439                     10
                   49.5      1.110756736134356      1.543354089679659                    0.1                    0.1     0.4043713564810231                     10
                     50      1.403941246574433      1.201319098260652                    0.1                    0.1     0.2790692877954357                     10
                   50.5     0.8710940929813216      1.232732379461829                    0.1                    0.1     0.4086990406579272                     10
                     51      1.357687823687153     0.8760612025928334                    0.1                    0.1     0.4574953134594497                     10
                   51.5      1.058636041294843      1.571798629172375                    0.1                    0.1     0.4410265542360579                     10
                     52      1.123157671775926      1.186108124934351                    0.1                    0.1     0.2735014662072295                     10
                   52.5      1.227115453023144     0.8647400054950966                    0.1                    0.1     0.4513140405675925                     10
                     53      0.804561956693684      1.216677091807462                    0.1                    0.1     0.4505347244337161                     10
                   53.5      1.342396584610284       1.37191095688387                    0.1                    0.1     0.2591819570268747                     10
                     54      1.111374863068835       1.36459023583127                    0.1                    0.1      0.286568700630389                     10
                   54.5     0.9081595113282723       1.12506222326337                    0.1                    0.1     0.4011465250491313                     10
                     55      1.410601231143366     0.9614123137595046                    0.1                    0.1     0.3735252873808314                     10
                   55.5      1.262848863915801       1.55132734783582                    0.1                    0.1     0.3664122384982437                     10
                     56      1.094053364538396      1.187519776881535                    0.1                    0.1     0.2701218400792147                     10
                   56.5      1.234813850219121      1.082130161866496                    0.1                    0.1     0.2940727676295377                     10
                     57      1.375936197858088      1.165125934483208                    0.1                    0.1     0.2665762172677442                     10
                   57.5      1.458828779373276      1.491257446797062                    0.1                    0.1     0.3642487826448861                     10
                     58      1.282926609785708      1.283836330148606                    0.1                    0.1     0.2393993789863442                     10
                   58.5      1.151093726307252      1.533670671756861                    0.1                    0.1     0.3458101366135548                     10
                     59      1.208596042815151      1.085681528801597                    0.1                    0.1     0.2855643861352733                     10
                   59.5      1.053588436351824      1.114550612470065                    0.1                    0.1     0.3197220303253114                     10
                     60      1.155416625470665     0.8765533824070116                    0.1                    0.1     0.4463114116528881                     10
                   60.5      0.960421899851154      1.535064444666738                    0.1                    0.1     0.4606185145282991                     10
                     61      1.623334318489077      1.171595243335871                    0.1                    0.1     0.4695776550835606                     10
                   61.5      1.124556274389952      1.433512883135601                    0.1                    0.1     0.2885517164059976                     10
                     62      1.566606013403224       1.15055689250465                    0.1                    0.1     0.3980924490022255                     10
                   62.5      1.333223325752151      1.425747453644739                    0.1                    0.1     0.2618965227660709                     10
                     63      0.878760971118294       1.40590179357384                    0.1                    0.1     0.4499117543485145                     10
                   63.5      1.393258832738123      1.392494117360569                    0.1                    0.1     0.2527100925126105                     10
                     64      1.444915011578564      1.349692570861562                    0.1                    0.1     0.2728162405033485                     10
                   64.5      1.155844072212151       1.29305875669349                    0.1                    0.1     0.2400884593959667                     10
                     65     0.8219139207189897      1.357087137770506                    0.1                    0.1     0.4514720031442518                     10
                   65.5      1.405709860926038      1.409131747518773                    0.1                    0.1     0.2516304086352728                     10
                     66      1.555948586519321      1.402201639829281                    0.1                    0.1      0.410938418090307                     10
                   66.5      1.513561940253181      1.280224114931182                    0.1                    0.1      0.333291140912637                     10
                     67     0.8542782144411823      1.418899264493605                    0.1                    0.1     0.4387800880197143                     10
                   67.5      1.403200074487507      1.342890371636779                    0.1                    0.1     0.2258291736166901                     10
                     68      1.141503687498624      1.055190258367689                    0.1                    0.1     0.3116071817763917                     10
                   68.5      1.235404751067057      1.071216355055487                    0.1                    0.1     0.2711080407291087                     10
                     69      1.294761525044086      1.039849980805865                    0.1                    0.1     0.2791151144369947                     10
                   69.5      1.228319095701698      1.509741010686347                    0.1                    0.1     0.3001305223172223                     10
                     70      1.270273084342179      1.296317860210433                    0.1                    0.1     0.2215882782241781                     10
                   70.5     0.9267662654538639      1.428972508683244                    0.1                    0.1      0.383162735901476                     10
                     71       1.56032378028974      1.154370940875262                    0.1                    0.1     0.3695680572171254                     10
                   71.5     0.9836931088952273      1.324223915238004                    0.1                    0.1     0.3031161639741075                     10
                     72      1.158333345144879      1.214481353817901                    0.1                    0.1      0.223965056302305                     10
                   72.5      1.311074520925923      1.495645334572892                    0.1                    0.1     0.2787650398696344                     10
                     73     0.9203493315961345      1.142652308950523                    0.1                    0.1     0.3548636909193166                     10
                   73.5      1.524182693742437      1.071561874913017                    0.1                    0.1     0.3499562467901833                     10
                     74      1.037679965118697      1.430026305173205                    0.1                    0.1     0.3065282483386691                     10
                   74.5      1.337059929128146      1.385363432583219                    0.1                    0.1     0.2140447439404785                     10
                     75      1.121870020056351      1.350675268272707                    0.1                    0.1     0.2384792749805252                     10
                   75.5      1.156317083006588      1.389396492020564                    0.1                    0.1      0.235342834386106                     10
                     76     0.9728550280437686      1.442455811019076                    0.1                    0.1     0.3349655628211659                     10
                   76.5     0.7900457138622872       1.15916113277999                    0.1                    0.1     0.4325083706028059                     10
                     77       1.49923582061052     0.8036934015964394                    0.1                    0.1     0.5207184739656684                     10
                   77.5      1.179306159008818      1.546642072556728                    0.1                    0.1     0.3134475098153214                     10
                     78      1.628718912075401      1.339753580785178                    0.1                    0.1     0.4632824904924748                     10
                   78.5      1.074128702505998     0.9947555916047696                    0.1                    0.1     0.3879259686032224                     10
                     79      1.098584605263657      1.050256660374804                    0.1                    0.1     0.3106901159792552                     10
                   79.5      1.140797287478576      1.016135695268245                    0.1                    0.1     0.3031082205121152                     10
                     80      1.263412815767608     0.7978907049353191                    0.1                    0.1     0.4630259006383108                     10
                   80.5      1.236415296548732      1.298154047330174                    0.1                    0.1      0.210623421848383                     10
                     81      0.687886890758204      1.259632111272238                    0.1                    0.1     0.5039782066508641                     10
                   81.5      1.501469279599478      1.469095850386274                    0.1                    0.1     0.3440042956016187                     10
                     82      1.145643930163626     0.5223658378506866                    0.1                    0.1      0.551284530587225                     10
                   82.5      1.509671256300622      1.664341471090061                    0.1                    0.1     0.5074717994845775                     10
                     83     0.8778472124770662     0.8549008920743114                    0.1                    0.1      0.548503479713177                     10
                   83.5      1.113490687598978      1.625641157969809                    0.1                    0.1     0.4127333678550464                     10
                     84       1.25644012175355      1.073318971044489                    0.1                    0.1     0.2465971104245946                     10
                   84.5      1.266309138666637     0.9478649992385091                    0.1                    0.1     0.3120637873348362                     10
                     85      1.294412564536457      1.133853915228973                    0.1                    0.1     0.2273265447039499                     10
                   85.5      1.564921892567059      1.217013596484931                    0.1                    0.1     0.3539669518411144                     10
                     86      1.536675106490316      1.519727272019836                    0.1                    0.1      0.407490323839603                     10
                   86.5      1.402091247055981      1.568005744172649                    0.1                    0.1     0.3451564081538569                     10
                     87      1.224007441978146      0.717667210772125                    0.1                    0.1     0.4854402060872742                     10
                   87.5     0.9935790289058141      1.553201220663406                    0.1                    0.1     0.3878740974589945                     10
                     88      1.534134981093818     0.9708938695124942                    0.1                    0.1      0.406546089844898                     10
                   88.5      1.180534210022851      1.258973223451954                    0.1                    0.1     0.2049606532766432                     10
                     89       1.30009057457349      1.507969449996156                    0.1                    0.1     0.2641910719316775                     10
                   89.5     0.7858936288396056      1.290209435492643                    0.1                    0.1     0.4047844605156327                     10
                     90     0.8909243448185062       1.17542880443358                    0.1                    0.1     0.3256254881475011                     10
                   90.5      1.393972055864667      0.792294743393768                    0.1                    0.1     0.4673518140138641                     10
                     91     0.8016762769482026      1.092903124280449                    0.1                    0.1      0.429397880969797                     10
                   91.5      1.424576294243941       0.98772164863589                    0.1                    0.1     0.3142789382661635                     10
                     92      1.582605347151503      1.169666813971441                    0.1                    0.1     0.3523533732648491                     10
                   92.5     0.8383630961558548      1.241456325700597                    0.1                    0.1     0.3296336051435306                     10
                     93      1.410967027875471      1.065611959406129                    0.1                    0.1     0.2652156579199836                     10
                   93.5     0.6219778171814185      1.054871734146243                    0.1                    0.1     0.5376195259055774                     10
                     94      1.223106255371099      1.440234508511867                    0.1                    0.1     0.2268828273395544                     10
                   94.5      1.348093996082919      1.198642930546628                    0.1                    0.1     0.2112785130435884                     10
                     95      1.338255254921676      1.410474004268905                    0.1                    0.1     0.2025598352141513                     10
                   95.5      1.473545047640358     0.9193441416288138                    0.1                    0.1     0.3729807990172679                     10
                     96     0.7451640974700556      1.124668572185056                    0.1                    0.1     0.4208103799833469                     10
                   96.5      1.126964371861411      1.207203980240179                    0.1                    0.1      0.208283542466673                     10
                     97      1.342668918487704       1.39968363195499                    0.1                    0.1     0.1955261596800991                     10
                   97.5      0.500627490184144      1.274283196900613                    0.1                    0.1      0.548052248975987                     10
                     98      1.608301610526142      1.557070208085745                    0.1                    0.1     0.4797159038021571                     10
                   98.5      1.018800565828708     0.6670800553118434                    0.1                    0.1     0.5374506059902069                     10
                     99     0.8698845843410671      1.505596642999965                    0.1                    0.1      0.427177743259992                     10
                   99.5      1.198542026218373     0.8296439345735133                    0.1                    0.1     0.4013268321575353                     10
                    100      1.466248455023563      1.589142186609019                    0.1                    0.1     0.3736671662163525                     10
                  100.5     0.8966365482456764      1.064871147590757                    0.1                    0.1     0.3861781616884351                     10
                    101      1.357616071852051     0.8541826121851724                    0.1                    0.1     0.3750943171861867                     10
                  101.5      1.160073486406294      1.022709975581972                    0.1                    0.1     0.2673420122787259                     10
                    102      1.273499473557496      0.965272962253949                    0.1                    0.1     0.2692146815681857                     10
                  102.5      1.236063478797531      1.334835177113115                    0.1                    0.1     0.1962081727271258                     10
                    103      1.309831760914828      1.262154672220796                    0.1                    0.1     0.1885471822184096                     10
                  103.5      1.468387731223408      1.071683910498417                    0.1                    0.1     0.2714044470729586                     10
                    104      1.554672387081187      1.369472317702039                    0.1                    0.1     0.3392704016241325                     10
                  104.5      1.288096496451175      1.120322072120101                    0.1                    0.1     0.2091668013589744                     10
                    105      1.220404187443466      1.397082326881181                    0.1                    0.1      0.202314052682695                     10
                  105.5      1.021201695030985      1.204940236581124                    0.1                    0.1     0.2413435262011623                     10
                    106      1.406482899551809      1.131126109341454                    0.1                    0.1     0.2259467882341778                     10
                  106.5      1.538160255142621      1.437506310526112                    0.1                    0.1     0.3211340872803135                     10
                    107      1.482511098043382      1.326168367794882                    0.1                    0.1     0.2432207349076793                     10
                  107.5      1.460471863220362      1.213303383133089                    0.1                    0.1     0.2321789157522368                     10
                    108      1.448064121448013      1.283825036320584                    0.1                    0.1     0.2122594365935284                     10
                  108.5      1.346010291565898     0.6541684509699111                    0.1                    0.1     0.5098120055376431                     10
                    109      1.530367479056137      1.375101708267607                    0.1                    0.1     0.2811388923210145                     10
                  109.5      1.548749274226846      1.299507570700973                    0.1                    0.1     0.2934129389553218                     10
                    110      1.503175727101895      1.203437682054935                    0.1                    0.1     0.2471480935452799                     10
                  110.5      1.077691403199569     0.9978832309670019                    0.1                    0.1     0.3307644276166175                     10
                    111      1.509889990530263       1.01512592889159                    0.1                    0.1     0.3074147978728498                     10
                  111.5     0.8826121246242632       1.52547367078763                    0.1                    0.1     0.4142942590115112                     10
                    112      1.159557223104402     0.7983183866014757                    0.1                    0.1     0.4133036648088937                     10
                  112.5      1.477300163492319      1.299221030130111                    0.1                    0.1     0.2149049038165459                     10
                    113      1.501409735544285      1.429985536010992                    0.1                    0.1     0.2513346214991294                     10
                  113.5      1.218866583231418      1.059061134045687                    0.1                    0.1      0.216964224518499                     10
                    114      1.154802347075311       1.05599317149966                    0.1                    0.1     0.2298778327439006                     10
                  114.5      1.014288039048102     0.9846704960111375                    0.1                    0.1     0.3814098856870155                     10
                    115     0.9518148407420828     0.9518015675802598                    0.1                    0.1     0.4394676837489627                     10
                  115.5      1.068627995474411      1.022835878655598                    0.1                    0.1     0.2864124146898867                     10
                    116      1.052073296102471      1.086621425043278                    0.1                    0.1     0.2536384333084719                     10
                  116.5      1.492329545970971     0.7318874580555806                    0.1                    0.1     0.4933596982929238                     10
                    117      1.232631488820597      1.434476564277207                    0.1                    0.1     0.2063853054162402                     10
                  117.5      1.435347818686407      1.356951825072643                    0.1                    0.1     0.1827700517491616                     10
                    118      1.346339896613244      1.133817872552667                    0.1                    0.1     0.1983118491949579                     10
                  118.5      0.630498850196813      1.487465184427532                    0.1                    0.1      0.544159589587132                     10
                    119      1.308180218588196      1.343841660099035                    0.1                    0.1     0.1704241792637042                     10
                  119.5     0.9530430319215905      1.336650838584828                    0.1                    0.1     0.2794759598578841                     10
                    120      1.456691981812765      1.519598102239036                    0.1                    0.1     0.2749241742292553                     10
                  120.5      1.565690155390189      1.094524592738358                    0.1                    0.1     0.3090801509779962                     10
                    121     0.9663098095322848     0.8601850656560615                    0.1                    0.1     0.4691264175068333                     10
                  121.5      1.032737605362229      1.349231792008948                    0.1                    0.1     0.2410529289996816                     10
                    122      1.253524912778365       1.53680984447894                    0.1                    0.1     0.2647129832461456                     10
                  122.5      1.108960488861319      1.372825874034348                    0.1                    0.1     0.2092801711573192                     10
                    123     0.9671791191194559      1.421900201609533                    0.1                    0.1     0.2841715275910663                     10
                  123.5      1.491532354517442      1.071457197159624                    0.1                    0.1     0.2510006258445621                     10
                    124      1.052971009634806     0.7995255761535046                    0.1                    0.1     0.4487882249680223                     10
                  124.5     0.9386251186269746      1.035355590820863                    0.1                    0.1     0.3497381174918283                     10
                    125      1.096083473718889     0.9547551696635095                    0.1                    0.1     0.2980496958070931                     10
                  125.5      1.353704885101461     0.9360323050349068                    0.1                    0.1     0.2796533026582391                     10
                    126      1.174952815195197       1.56356979145221                    0.1                    0.1     0.2907537002715871                     10
                  126.5       1.09486197667229      1.338725591688535                    0.1                    0.1     0.2014608259763558                     10
                    127      1.556312567157978     0.8918489899056639                    0.1                    0.1     0.4229610867112373                     10
                  127.5     0.8381912467918796      1.028165701838432                    0.1                    0.1     0.4024674945294757                     10
                    128     0.9562085497653527      1.203215947087328                    0.1                    0.1     0.2453111588277754                     10
                  128.5      1.431763835456216     0.7476956092719123                    0.1                    0.1     0.4362529264249042                     10
                    129      1.392329196512588     0.7718090476671643                    0.1                    0.1      0.394870086119222                     10
                  129.5       1.53338016470789      1.500350332615464                    0.1                    0.1     0.3125728089613319                     10
                    130      1.400931286519262     0.9603043590496283                    0.1                    0.1     0.2603278969427772                     10
                  130.5      1.309471800689039     0.9527828412892649                    0.1                    0.1     0.2464813560582507                     10
                    131      1.582660997867245      1.320888792351071                    0.1                    0.1      0.310928532046273                     10
                  131.5      1.093802921026278     0.8615423089463935                    0.1                    0.1     0.3640773567704175                     10
                    132      1.386551502785928     0.8771053832923883                    0.1                    0.1     0.3014494124699695                     10
                  132.5      1.318064506637598     0.9718588352777872                    0.1                    0.1     0.2266798826054251                     10
                    133      1.218168496462182      1.502635788934939                    0.1                    0.1     0.2244217208923179                     10
                  133.5      1.735027949867251      1.290148825781752                    0.1                    0.1      0.488798100798471                     10
                    134     0.8059534029836171      1.273214971904951                    0.1                    0.1      0.334615046064837                     10
                  134.5      1.146413372998762      1.431596524709555                    0.1                    0.1     0.2002993135575514                     10
                    135      1.338334257286178     0.9758349556840782                    0.1                    0.1     0.2215100688062848                     10
                  135.5      1.103392545589902     0.7667963454363468                    0.1                    0.1     0.4088768920837954                     10
                    136      1.351225717684586      1.363404489147313                    0.1                    0.1     0.1607399773545978                     10
                  136.5     0.7775340251334864      1.374721657538633                    0.1                    0.1     0.3964064817931951                     10
                    137     0.7208790930425132      1.458815295860732                    0.1                    0.1     0.4679275535390279                     10
                  137.5      1.702526802973031      1.025260489621327                    0.1                    0.1     0.4800801055748073                     10
                    138     0.6626667831142355     0.9869407628482709                    0.1                    0.1     0.5073024646536579                     10
                  138.5      1.270615287489831      1.545700263528426                    0.1                    0.1     0.2547020532929526                     10
                    139      1.186157875744329     0.8298391730314344                    0.1                    0.1     0.3261718142376662                     10
                  139.5      1.002508270198642      1.289112680716046                    0.1                    0.1     0.2224216400756284                     10
                    140      1.365384505327906      1.567315727135421                    0.1                    0.1     0.2826826686943549                     10
                  140.5     0.8841593375569825      1.129309133181639                    0.1                    0.1     0.2843457634163147                     10
                    141      1.298044446523215     0.9923072875667569                    0.1                    0.1     0.2067715409745197                     10
                  141.5      1.335018013477258     0.9468863777193992                    0.1                    0.1      0.225176241597491                     10
                    142     0.8690083652150531     0.8095463350946911                    0.1                    0.1     0.4899326905043367                     10
                  142.5      1.351301426905195      1.742510206030938                    0.1                    0.1     0.5016617253957174                     10
                    143      1.268619466206479     0.8543582874290111                    0.1                    0.1     0.2850294947776871                     10
                  143.5       1.34756536561937     0.7093266790887209                    0.1                    0.1      0.408032467366941                     10
                    144      1.242906450712863      1.524302548747861                    0.1                    0.1     0.2237219263367311                     10
                  144.5      1.469528547464552      1.072309937776549                    0.1                    0.1     0.2224028357276577                     10
                    145     0.9647239073147296      1.529406859156846                    0.1                    0.1     0.3378311144207713                     10
                  145.5       1.33805325366718      1.339150557967782                    0.1                    0.1     0.1570799402040999                     10
                    146      1.417004947610421      1.047711948552759                    0.1                    0.1     0.2033304820473802                     10
                  146.5      1.001155279376215      1.508802064702016                    0.1                    0.1      0.292064373004422                     10
                    147      1.328535802601777      1.063718680592702                    0.1                    0.1     0.1837875571178023                     10
                  147.5      1.261022082463033     0.8377583831050632                    0.1                    0.1     0.2861699098910011                     10
                    148     0.9698621870871481      1.094688066979649                    0.1                    0.1     0.2651971401850466                     10
                  148.5      1.242890277665346       1.11796906613004                    0.1                    0.1     0.1785352339924557                     10
                    149      1.170350909776132      1.174151047349303                    0.1                    0.1     0.1771934508446706                     10
                  149.5      1.331552909461844      1.192818709243541                    0.1                    0.1     0.1699016269095079                     10
                    150     0.9411604531156542      1.606062707367352                    0.1                    0.1     0.4140176173840635                     10
                  150.5     0.5942306991760301      1.228498063240257                    0.1                    0.1     0.4917283214499071                     10
                    151      1.516721246978935       1.59387140211008                    0.1                    0.1     0.3659034582346908                     10
                  151.5      1.439299867430553     0.7456621340351338                    0.1                    0.1     0.3856735778179434                     10
                    152      1.048752624114506     0.8103283430965151                    0.1                    0.1     0.3845726201025812                     10
                  152.5      1.080897669288081     0.8489324379110247                    0.1                    0.1     0.3316419992410533                     10
                    153     0.9844991564816327      1.101203505931637                    0.1                    0.1      0.248305230936061                     10
                  153.5      1.149091701953245      1.102723809394279                    0.1                    0.1     0.1846643598807902                     10
                    154      1.527421712315231      1.248211687855775                    0.1                    0.1     0.2371041173598284                     10
                  154.5      1.413092490867879     0.8613123774800628                    0.1                    0.1     0.2834406920731435                     10
                    155      1.372779292688674     0.3621560766395353                    0.1                    0.1     0.5544731418014546                     10
                  155.5      1.338176174805769      1.715176640068972                    0.1                    0.1      0.451133279787251                     10
                    156     0.7941445428433963      1.011248280411114                    0.1                    0.1     0.4088536864287337                     10
                  156.5      1.538119473512763       1.00415406157818                    0.1                    0.1     0.2873107410152551                     10
                    157      1.050316735775974      1.473771973549968                    0.1                    0.1     0.2383013306961808                     10
                  157.5     0.5781939053016738      1.226856828918255                    0.1                    0.1      0.474546129406848                     10
                    158      1.276742453497737      1.285898425406722                    0.1                    0.1      0.161349917796481                     10
                  158.5      1.391218294710637       0.67659289123856                    0.1                    0.1     0.4112861205923092                     10
                    159      1.272015378927973     0.6094594935329924                    0.1                    0.1     0.4611163003749534                     10
                  159.5      1.539613096516806      1.118524694836109                    0.1                    0.1     0.2437834478056297                     10
                    160      1.580477519880054      1.519738791686453                    0.1                    0.1     0.3579155999194253                     10
                  160.5      1.436427440526712     0.7593218971425664                    0.1                    0.1     0.3435381194356921                     10
                    161     0.9835424850437372      1.291691704303877                    0.1                    0.1     0.2195522426135256                     10
                  161.5      1.342355002428607      1.482173984329061                    0.1                    0.1     0.1886357976235097                     10
                    162     0.8895093628985328      1.434462970534935                    0.1                    0.1     0.2988157654799454                     10
                  162.5     0.7283637079072302      1.360016011448819                    0.1                    0.1     0.3989820519059784                     10
                    163      1.200201942211413      1.420194793376583                    0.1                    0.1     0.1742027509388221                     10
                  163.5       1.53483062348031     0.8741783988389893                    0.1                    0.1     0.3580648090848068                     10
                    164      1.512391603070021      1.164657315031475                    0.1                    0.1     0.2158616882418472                     10
                  164.5      1.059713669512575      1.391729128944269                    0.1                    0.1     0.2002540854215217                     10
                    165      1.168692864817154     0.7103548818968528                    0.1                    0.1     0.3793175101429443                     10
                  165.5      1.421489726995259      1.141163479173902                    0.1                    0.1     0.1776107168874355                     10
                    166     0.9304870841212671     0.8400917161186139                    0.1                    0.1     0.4134554895679997                     10
                  166.5      1.419131403716635     0.9015834983636327                    0.1                    0.1     0.2418600233641635                     10
                    167      1.053717848366961       1.18442522142238                    0.1                    0.1     0.1908259322977546                     10
                  167.5       1.39579053495008     0.4930680832305776                    0.1                    0.1     0.5185816503314629                     10
                    168      1.143151988668933      1.519549873714386                    0.1                    0.1     0.2216562686197698                     10
                  168.5     0.7596798502660992      1.032247853270678                    0.1                    0.1      0.396619680506963                     10
                    169      1.540546359866887     0.9721090607705245                    0.1                    0.1     0.2871431912308786                     10
                  169.5     0.8823315146306656      1.582500571758184                    0.1                    0.1     0.4028407692262492                     10
                    170      1.194651566050293      1.111110540692961                    0.1                    0.1     0.1711001832157403                     10
                  170.5      1.557490600343052      1.490383439050233                    0.1                    0.1     0.3010317906667308                     10
                    171     0.9759623551146477      1.071152668113528                    0.1                    0.1     0.2548863137071778                     10
                  171.5     0.9722701565200385      1.155526079090969                    0.1                    0.1     0.2141792389009185                     10
                    172      1.050250380944322      1.505077982681928                    0.1                    0.1     0.2385071791746603                     10
                  172.5     0.7160505897018798      1.300163026529039                    0.1                    0.1      0.376738502358886                     10
                    173      1.461153045334822      1.103911540802426                    0.1                    0.1     0.1859246900698249                     10
                  173.5      1.015563755003071      1.451266326067299                    0.1                    0.1     0.2211974182220671                     10
                    174      1.570621675799674      1.272026812532087                    0.1                    0.1     0.2668258466852751                     10
                  174.5     0.8504864836571899      1.386044453935555                    0.1                    0.1     0.2892284866564807                     10
                    175     0.5625532255013249      1.333342441661753                    0.1                    0.1     0.4706395374436175                     10
                  175.5      1.407862461758995      1.528265996035039                    0.1                    0.1     0.2255234330787931                     10
                    176      1.593184104855995      1.103939285151029                    0.1                    0.1     0.2808794807019644                     10
                  176.5      1.579607846593928       1.52203076789305                    0.1                    0.1     0.3336250023778676                     10
                    177      1.165741334838954      1.077997499014773                    0.1                    0.1     0.1772268520287557                     10
                  177.5      1.209417590152005      1.526246316909492                    0.1                    0.1     0.2082500068399613                     10
                    178      1.313128274159163      1.096160869168795                    0.1                    0.1      0.164773544285677                     10
                  178.5     0.9305538992801982      0.980401736442939                    0.1                    0.1     0.3284635436389639                     10
                    179      1.078368565689219     0.8455689690651904                    0.1                    0.1     0.3133796282683268                     10
                  179.5      1.003767868768076      1.306175969370027                    0.1                    0.1     0.1979737965282067                     10
                    180      1.320542053238202      1.497394002367151                    0.1                    0.1     0.1861315170816381                     10
                  180.5      1.270347089573362     0.7346106194272489                    0.1                    0.1     0.3287782719697939                     10
                    181     0.9752731334854094     0.7619622402107981                    0.1                    0.1     0.4088854458584255                     10
                  181.5      1.356710602956759      1.505011361681403                    0.1                    0.1     0.1898081919708052                     10
                    182      1.142327533357463      1.242640425745089                    0.1                    0.1     0.1626400096269343                     10
                  182.5      1.379514100419805      1.286842537704859                    0.1                    0.1     0.1503856737570274                     10
                    183       1.15309117312513      1.317991269122275                    0.1                    0.1     0.1609980582293132                     10
                  183.5      1.272747060216712      1.166165135441935                    0.1                    0.1      0.157043846180565                     10
                    184       1.55472268013981      1.406217080872128                    0.1                    0.1     0.2501750999347092                     10
                  184.5     0.9876055954465698     0.9916452181442136                    0.1                    0.1     0.2793027915494029                     10
                    185      1.143774549917456     0.9448121731316819                    0.1                    0.1     0.2283155841259752                     10
                  185.5      1.241113444342502     0.8682451420025453                    0.1                    0.1     0.2388573879610082                     10
                    186      1.578573007990316      1.509362912716239                    0.1                    0.1     0.3089875082787014                     10
                  186.5     0.9375793721812614      1.554523940466487                    0.1                    0.1     0.3154354163235027                     10
                    187     0.7421238796517824      1.223187476823405                    0.1                    0.1     0.3312061588995235                     10
                  187.5      1.002131395391318      1.532186179966353                    0.1                    0.1     0.2577799441730389                     10
                    188      1.685272969001902     0.8949547739198443                    0.1                    0.1     0.4897276635048617                     10
                  188.5      1.019492129629432     0.7740726648455548                    0.1                    0.1     0.3593143692066775                     10
                    189      1.261716677854691      1.264761588185525                    0.1                    0.1     0.1518179010514844                     10
                  189.5      1.264840929521712      1.283339897170043                    0.1                    0.1     0.1489563903487958                     10
                    190     0.9187229355882923     0.7228142234520014                    0.1                    0.1     0.4429855039474616                     10
                  190.5     0.9372668848665453      1.563560304240247                    0.1                    0.1     0.3086840111497062                     10
                    191      1.555782567196483      1.227520982860913                    0.1                    0.1     0.2352177823103533                     10
                  191.5      0.690139730990829      1.558347373023249                    0.1                    0.1     0.4921412494812974                     10
                    192      1.348522696470318      1.194639936126301                    0.1                    0.1     0.1512512521513243                     10
                  192.5      1.327932003533445      1.432211363877882                    0.1                    0.1     0.1509004101564137                     10
                    193     0.7552099206252901      0.907144500939597                    0.1                    0.1     0.4617971454459488                     10
                  193.5      1.226775324438554      1.398645356656623                    0.1                    0.1     0.1523449421510634                     10
                    194      1.616668575840756       1.18769697544483                    0.1                    0.1     0.2932489880738093                     10
                  194.5      1.313604752171328     0.8820795447203176                    0.1                    0.1     0.2223835547732911                     10
                    195      1.078165445402253     0.9644050786587491                    0.1                    0.1      0.236687321753291                     10
                  195.5      1.114662439629499      1.653734949462306                    0.1                    0.1     0.3791254278454245                     10
                    196      1.489502903349831      1.312390936499179                    0.1                    0.1     0.1783205502336633                     10
                  196.5      1.546034098446495      1.426048344239786                    0.1                    0.1     0.2301942508351044                     10
                    197      1.351278867151801      1.196625721138245                    0.1                    0.1     0.1479547059073521                     10
                  197.5       0.38055223457875       1.16781461029691                    0.1                    0.1     0.5395049822617165                     10
                    198      1.433044460450309      1.330669605882495                    0.1                    0.1     0.1465913637002485                     10
                  198.5      1.069596160920605      1.222619019691427                    0.1                    0.1     0.1677574558860977                     10
                    199     0.7309283205934662       1.47738414575834                    0.1                    0.1     0.4047038927864568                     10
                  199.5      1.028165079277745      1.206531042460378                    0.1                    0.1     0.1770363167366886                     10
                    200       1.15979286252025      1.292366580847683                    0.1                    0.1     0.1502064947888824                     10
                  200.5     0.9025304455784173      1.406660351376456                    0.1                    0.1     0.2428035447451011                     10
                    201     0.9525314370666603     0.9872400920886008                    0.1                    0.1     0.2847890796124404                     10
                  201.5      1.440269464709552      1.306843276484728                    0.1                    0.1     0.1481422293820382                     10
                    202       1.11876585310724      1.526774276990298                    0.1                    0.1     0.2076969329377543                     10
                  202.5      1.072535991083321     0.5822411187881673                    0.1                    0.1     0.4807422970629894                     10
                    203      1.613768234191238      1.177770711869373                    0.1                    0.1     0.2786330745124835                     10
                  203.5      1.206603620254096      1.558245571314667                    0.1                    0.1     0.2204672132399424                     10
                    204      1.548113326223833      1.525620419380672                    0.1                    0.1      0.273256306334544                     10
                  204.5      1.607424700405317      1.355042413501157                    0.1                    0.1     0.2860388437691349                     10
                    205      1.668761155631695      1.288310429575965                    0.1                    0.1     0.3554432875661782                     10
                  205.5      1.034419982169295      1.218447037078534                    0.1                    0.1      0.170151827429405                     10
                    206     0.5963008484611422      1.053004225527757                    0.1                    0.1        0.4684642847826                     10
                  206.5      1.562979041819117      1.601653914300792                    0.1                    0.1     0.3513879662947454                     10
                    207      1.104929042383332     0.5300152697841295                    0.1                    0.1     0.4806777191195943                     10
                  207.5      1.024170813846727      1.425841990751185                    0.1                    0.1      0.188828197605203                     10
                    208      1.332952945146263      1.528402084527852                    0.1                    0.1     0.1938365499406993                     10
                  208.5      1.054785329709561      1.528936327535864                    0.1                    0.1     0.2169598966735801                     10
                    209      1.330166457377716      1.581872779187662                    0.1                    0.1     0.2444219370515054                     10
                  209.5      1.237512166600925      1.524620067463498                    0.1                    0.1     0.1807696911620728                     10
                    210      1.250283980788412      1.143923744613583                    0.1                    0.1     0.1488421474672904                     10
                  210.5      1.472336204723002      1.134749358674625                    0.1                    0.1     0.1694273291097172                     10
                    211     0.7129087949606688       1.27996860273846                    0.1                    0.1     0.3414815073493425                     10
                  211.5     0.9489529382980925      1.435804779599094                    0.1                    0.1     0.2129299737496071                     10
                    212      1.403392332153756     0.6844372758314592                    0.1                    0.1     0.3634098219684044                     10
                  212.5      1.195110121083948     0.8698209192755759                    0.1                    0.1     0.2337465045158863                     10
                    213      1.206103286556962      1.530659156678668                    0.1                    0.1      0.182725976255451                     10
                  213.5      1.398490202337865      1.426592969376325                    0.1                    0.1     0.1413417252955309                     10
                    214       1.34967426698747      1.197337838877478                    0.1                    0.1     0.1415155476750522                     10
                  214.5      1.315735343481905      1.247692512073932                    0.1                    0.1      0.134815724436216                     10
                    215     0.9508132602968091     0.9319003060953505                    0.1                    0.1     0.3041834404096802                     10
                  215.5      1.122212612851403      1.184894021319159                    0.1                    0.1     0.1499951411433748                     10
                    216      1.386625521448989      1.185825309827494                    0.1                    0.1      0.142064107187249                     10
                  216.5      1.200999316731054      1.168914611430304                    0.1                    0.1     0.1422352304747153                     10
                    217      1.140802223602095      1.240086168544619                    0.1                    0.1     0.1420806228868293                     10
                  217.5      1.302595177030893      1.626749861259205                    0.1                    0.1     0.2930468901697573                     10
                    218      1.566296532444208      1.240459046328887                    0.1                    0.1     0.2152785924104338                     10
                  218.5      1.506342462944487     0.8118692468660795                    0.1                    0.1     0.3356445981272584                     10
                    219      1.096076780030246      0.589906765161898                    0.1                    0.1     0.4307447703749558                     10
                  219.5       1.19555748995121      1.086582416430267                    0.1                    0.1     0.1518149385704376                     10
                    220      1.331725065449978      1.499040484039462                    0.1                    0.1     0.1595568821028911                     10
                  220.5      1.384344833811692      1.181530060570533                    0.1                    0.1     0.1391804517452608                     10
                    221     0.8570382088006087      1.309040060257343                    0.1                    0.1     0.2415950242367894                     10
                  221.5     0.7016317418957333      1.374294624264504                    0.1                    0.1     0.3592919907653719                     10
                    222     0.6404550992040582      1.292796733368002                    0.1                    0.1     0.3731980345815734                     10
                  222.5      1.721326922949092      1.055702613632481                    0.1                    0.1     0.4331713604240233                     10
                    223     0.5336916475858136      1.136302692447236                    0.1                    0.1      0.457765877909632                     10
                  223.5      1.048417291420849      1.185413536530373                    0.1                    0.1     0.1605535994552314                     10
                    224      1.312139818032826     0.9260633109102671                    0.1                    0.1     0.1914398540160551                     10
                  224.5     0.6937177907952021      1.285936660863483                    0.1                    0.1      0.322098272252621                     10
                    225      1.089839327730497      1.166430162926882                    0.1                    0.1     0.1498084043627648                     10
                  225.5      1.267466658441168     0.7182348223773571                    0.1                    0.1     0.3149726228861625                     10
                    226      1.225981386154901       1.03599492575773                    0.1                    0.1     0.1565207224422048                     10
                  226.5      1.055929808346279      1.532082271474839                    0.1                    0.1     0.2101944533552763                     10
                    227      1.426069626769142      1.581470593814297                    0.1                    0.1     0.2431251699628838                     10
                  227.5      1.073648376732802       1.65608539956702                    0.1                    0.1     0.3594164922611745                     10
                    228      1.381553554026501       1.17566984670356                    0.1                    0.1     0.1373501571050199                     10
                  228.5      1.577129911352284      1.457989347718917                    0.1                    0.1     0.2501328458680124                     10
                    229      1.449121323161525      1.296690929069507                    0.1                    0.1     0.1399741888434338                     10
                  229.5      1.053360960556308     0.8558224635985909                    0.1                    0.1     0.2748707318005711                     10
                    230     0.9485561451819488      1.495541385715776                    0.1                    0.1     0.2224496912660043                     10
                  230.5      1.442065644093123      1.599906272382655                    0.1                    0.1     0.2621186158003577                     10
                    231      1.123163332554881      1.312945920674766                    0.1                    0.1     0.1435535011512716                     10
                  231.5      1.143546860874199      1.336179340472052                    0.1                    0.1     0.1408952144565102                     10
                    232     0.6566702953114765      1.213079681829897                    0.1                    0.1     0.3452014811088661                     10
                  232.5      1.581345166713414       1.36430324461434                    0.1                    0.1     0.2312432382344058                     10
                    233       1.31655823744621      1.106488673987544                    0.1                    0.1     0.1407063530980044                     10
                  233.5     0.7813632371120192     0.9767160056998242                    0.1                    0.1     0.3780630586512951                     10
                    234      1.220843813442922       1.60789055227323                    0.1                    0.1     0.2523659524764356                     10
                  234.5      1.336435661002733     0.9870173086660839                    0.1                    0.1     0.1649520641452256                     10
                    235      0.965889571008445       1.12231966102657                    0.1                    0.1     0.1988565698033081                     10
                  235.5     0.8660641060418497      1.406039222114318                    0.1                    0.1     0.2409229956168836                     10
                    236      1.323765314372923     0.7847253807953293                    0.1                    0.1     0.2593080110760058                     10
                  236.5      1.522601890907749      1.067669746785784                    0.1                    0.1     0.1990014375960555                     10
                    237      1.421369400464902       1.54334302996301                    0.1                    0.1     0.1930647355113088                     10
                  237.5      1.048660289482791      1.322084237905033                    0.1                    0.1     0.1560736665452149                     10
                    238       1.12202819814479     0.8066986781398635                    0.1                    0.1      0.266514778239006                     10
                  238.5      1.314550230398483     0.6197139097502509                    0.1                    0.1     0.3867687144079165                     10
                    239      1.213670468341717     0.9930818128577032                    0.1                    0.1     0.1646125449656391                     10
                  239.5      1.549136014192185      1.311301088518892                    0.1                    0.1     0.1915571031205461                     10
                    240      1.515552657545104     0.8799198317449375                    0.1                    0.1     0.2925704105155662                     10
                  240.5      1.411177501690072       1.08834681612899                    0.1                    0.1     0.1488648687763234                     10
                    241     0.6730316046622086      1.455325618683853                    0.1                    0.1     0.3924386359086732                     10
                  241.5     0.6028383661447673      1.392022821893822                    0.1                    0.1      0.400153417666174                     10
                    242      1.439961888224413      1.245984384418139                    0.1                    0.1     0.1349044278816726                     10
                  242.5      1.543594423675375      1.370547967658233                    0.1                    0.1     0.1849470276469609                     10
                    243      1.619114736319753      1.139517244693319                    0.1                    0.1     0.2603776012084986                     10
                  243.5      1.236033110986866     0.7476289966391039                    0.1                    0.1     0.2736558701712198                     10
                    244      1.111715467813116     0.8186444636829976                    0.1                    0.1     0.2532495308514474                     10
                  244.5     0.7085349377225969      1.521785984384217                    0.1                    0.1     0.3980380516779723                     10
                    245      1.284120255777222      1.131112318430923                    0.1                    0.1     0.1318413628258496                     10
                  245.5      1.246998645460985     0.9533756430752397                    0.1                    0.1      0.168273661911208                     10
                    246     0.6688129278181065      1.132297237570786                    0.1                    0.1     0.3563519700432825                     10
                  246.5     0.9179270130640605      1.328148160819372                    0.1                    0.1     0.2002478990778656                     10
                    247      1.571370237253443      1.295851884118972                    0.1                    0.1     0.2020445642737685                     10
                  247.5       1.16906135134659       1.34310234416216                    0.1                    0.1     0.1359277993488917                     10
                    248     0.7163000669825456      1.408517337587407                    0.1                    0.1     0.3101035756461186                     10
                  248.5       1.45043716164209      1.642863764642456                    0.1                    0.1     0.3090695263601678                     10
                    249      1.266154790208159      1.214232225460659                    0.1                    0.1     0.1259519894416865                     10
                  249.5     0.7141024420138339     0.9467639980761376                    0.1                    0.1      0.417482618170052                     10
                    250        1.5038154602764      1.502033849362979                    0.1                    0.1     0.1898677090852368                     10
