#! FIELDS time p.x p.y sigma_p.x sigma_p.y height biasf
#! SET multivariate false
#! SET kerneltype gaussian
                    0.5      1.450105005697774      1.194136560758739                    0.1                    0.1     0.5555555555555556                     10
                      1      1.462347034136077      1.397307092698186                    0.1                    0.1      0.551671209904593                     10
                    1.5     0.9909749952233239      1.299688916516156                    0.1                    0.1     0.5555555555555556                     10
                      2      1.227240758062236      1.175097761421653                    0.1                    0.1      0.551995313652791                     10
                    2.5      1.332156664380061       1.40009214572998                    0.1                    0.1     0.5393546585746829                     10
                      3      1.415385461475584      1.144081085264246                    0.1                    0.1     0.5238920361817403                     10
                    3.5      1.135482538979655      1.268463570336715                    0.1                    0.1     0.5304087299385813                     10
                      4      1.133123881069977        1.3429865406836                    0.1                    0.1     0.5158510492823961                     10
                    4.5      1.402236523546124      1.201859367405098                    0.1                    0.1     0.4929344274349778                     10
                      5      1.221540343265781      1.304625066648759                    0.1                    0.1     0.4901056286657155                     10
                    5.5      1.068371866811331      1.417464713779708                    0.1                    0.1      0.514436311658511                     10
                      6      1.436261795218969      1.028029247847236                    0.1                    0.1     0.5271220774719509                     10
                    6.5      1.222327054054926      1.361057800508745                    0.1                    0.1     0.4728894119284021                     10
                      7     0.9069264053706932       1.26743975122914                    0.1                    0.1     0.5288110614175964                     10
                    7.5      1.546800814657012      1.345596928764389                    0.1                    0.1     0.5235494503796368                     10
                      8      1.044500349511752      1.217978747461788                    0.1                    0.1     0.4894160605824949                     10
                    8.5      1.314651334483471      1.342922843764997                    0.1                    0.1     0.4644169220680535                     10
                      9      1.599980677521213      1.323542363167486                    0.1                    0.1     0.5149217655352164                     10
                    9.5      1.122812502285561      1.140818022425781                    0.1                    0.1     0.4974115988564088                     10
                     10      1.253707748553885      1.387912555671198                    0.1                    0.1     0.4475443072975377                     10
                   10.5      1.314488831541253      1.144992970448584                    0.1                    0.1     0.4696817043060522                     10
                     11      1.317122571945822      1.278940942825702                    0.1                    0.1     0.4247679872635126                     10
                   11.5      1.170185253001001      1.381640218029328                    0.1                    0.1     0.4251079924608452                     10
                     12      1.287138122893571      1.235288002346089                    0.1                    0.1     0.4078861479553332                     10
                   12.5      1.385385116025727      1.263254583033697                    0.1                    0.1     0.4110766216874484                     10
                     13      1.367819088018455      1.265595629684322                    0.1                    0.1     0.3888830401178779                     10
                   13.5      1.097541976315399      1.144098928372798                    0.1                    0.1     0.4680755676406451                     10
                     14      1.368406334553882      1.092606525426856                    0.1                    0.1     0.4457703898942603                     10
                   14.5      1.147062890034557      1.340658817372032                    0.1                    0.1     0.3918912872959253                     10
                     15      1.091351208894236      1.173346177011179                    0.1                    0.1     0.4296739233899869                     10
                   15.5      1.484761033565659      1.170642481434048                    0.1                    0.1     0.4384103902306146                     10
                     16       1.01025852531911      1.267822142566214                    0.1                    0.1     0.4284045277287094                     10
                   16.5      1.369736228783078      1.112571370122691                    0.1                    0.1     0.4050329300379157                     10
                     17      1.288243507986807      1.448821537873989                    0.1                    0.1     0.4432211715687726                     10
                   17.5      1.332396202438108      1.431919783916272                    0.1                    0.1     0.4208469620412322                     10
                     18      1.064341634471596      1.254984206431211                    0.1                    0.1     0.3846077815968526                     10
                   18.5      1.271602155132581       0.98759723936152                    0.1                    0.1     0.5101754864663907                     10
                     19      1.363127195541695      1.564727947162909                    0.1                    0.1     0.5171039679614575                     10
                   19.5      1.023471548644256      1.451836322270752                    0.1                    0.1     0.4843912447655021                     10
                     20       1.51248118995334      1.271553540030011                    0.1                    0.1     0.4306196563310271                     10
                   20.5       1.13959363777469      1.495409029925152                    0.1                    0.1     0.4653332527566828                     10
                     21      1.327163824444336      1.071056093770903                    0.1                    0.1     0.4150236464466587                     10
                   21.5      1.201540318425135      1.086093278147477                    0.1                    0.1     0.4324323498474428                     10
                     22      1.148560806128106       1.05007765344021                    0.1                    0.1     0.4551151168385371                     10
                   22.5      1.475957932509195      1.366238866976634                    0.1                    0.1     0.4218054858878817                     10
                     23      1.424488656946368      1.310948034221243                    0.1                    0.1     0.3644177496429456                     10
                   23.5     0.9862543293367149      1.052959729559675                    0.1                    0.1     0.5087880108880755                     10
                     24      1.550824170213696      1.063694536121209                    0.1                    0.1     0.4954943930119442                     10
                   24.5     0.9889464443125447      1.303994429092038                    0.1                    0.1     0.4078163905618438                     10
                     25      1.398940062463498       1.27193923740596                    0.1                    0.1     0.3358961802581111                     10
                   25.5      1.126280641367091      1.386080578685255                    0.1                    0.1     0.3640256108887278                     10
                     26      1.290680305572729      1.450496185199393                    0.1                    0.1     0.3863806452181599                     10
                   26.5       1.11874928523449      1.507928299358221                    0.1                    0.1     0.4460909549737905                     10
                     27      1.474449427530386     0.8080473466329594                    0.1                    0.1     0.5509179707457783                     10
                   27.5      1.138464964223434      1.599674502377433                    0.1                    0.1     0.5007777238124517                     10
                     28      1.227531950590773      1.050410230146497                    0.1                    0.1     0.4144985649174018                     10
                   28.5       1.28544639413716       0.89690601017409                    0.1                    0.1     0.5073596901965189                     10
                     29      1.116745520908933      1.531369084474065                    0.1                    0.1     0.4306272995167582                     10
                   29.5      1.059056181841261     0.8981299779862933                    0.1                    0.1     0.5333042676335121                     10
                     30      1.313349093082178      1.565943178322827                    0.1                    0.1     0.4642982227057596                     10
                   30.5      1.324841192054614     0.8621875659067747                    0.1                    0.1     0.4985651014231927                     10
                     31      1.247170353632329      1.458056895451731                    0.1                    0.1     0.3547006547799719                     10
                   31.5      1.478164973088039      1.274213125642622                    0.1                    0.1     0.3589207260088955                     10
                     32     0.8086524740487409      1.240049463781705                    0.1                    0.1     0.5225603705422022                     10
                   32.5      1.114701864493147      1.342850459872276                    0.1                    0.1     0.3261952702245616                     10
                     33      1.300807865716707      1.210415355947469                    0.1                    0.1     0.3228985824220741                     10
                   33.5      1.210244610572357      1.341121342954754                    0.1                    0.1     0.3014302831459477                     10
                     34      1.352058222271059     0.8755386838258553                    0.1                    0.1     0.4712886784318757                     10
                   34.5      1.422935547786172      1.511418941717128                    0.1                    0.1      0.447376923660634                     10
                     35      1.283918635249998      1.272516753945576                    0.1                    0.1     0.2992486102725304                     10
                   35.5       1.25190080812247      1.021647602896589                    0.1                    0.1     0.3928573293928202                     10
                     36      1.144928358187784      1.297729714563395                    0.1                    0.1     0.3004890272611238                     10
                   36.5      1.372672930455019      0.937940175242524                    0.1                    0.1     0.4279933832927238                     10
                     37      1.137528863912225      1.443150046319868                    0.1                    0.1     0.3294309991896505                     10
                   37.5      1.257166955919447     0.7703593683803872                    0.1                    0.1     0.5088498222313635                     10
                     38      1.400617374853114      1.378226023128159                    0.1                    0.1     0.3329202349646592                     10
                   38.5      1.155431748954528     0.7811971203517116                    0.1                    0.1     0.5127445920497864                     10
                     39      1.438909415286937      1.406964331539211                    0.1                    0.1      0.358249936429486                     10
                   39.5      1.209636246308666      1.111536557974558                    0.1                    0.1     0.3464620742476898                     10
                     40      1.031819337435897      1.105445201805795                    0.1                    0.1     0.4175659291591727                     10
                   40.5      1.560111093087481      1.198125040888353                    0.1                    0.1     0.4254536403401147                     10
                     41       1.32370355287704      1.347861994644259                    0.1                    0.1     0.2808804380831328                     10
                   41.5       1.15494003473865      1.073340528879555                    0.1                    0.1     0.3625546591120448                     10
                     42       1.43202166867371      1.223681595445252                    0.1                    0.1     0.3022368048962802                     10
                   42.5      1.121788708747534      1.377174233577288                    0.1                    0.1     0.2943323122742903                     10
                     43      1.068193261341436      1.101656417083071                    0.1                    0.1      0.372798324447125                     10
                   43.5      1.360204519627661      1.243601585747593                    0.1                    0.1     0.2728524343235807                     10
                     44      1.210258821364681      1.399757193697539                    0.1                    0.1     0.2748899886733779                     10
                   44.5      1.169043045783043     0.8684769858433288                    0.1                    0.1     0.4567243116424139                     10
                     45      1.334530852729007      1.159377374114345                    0.1                    0.1     0.2900363688416236                     10
                   45.5       1.44514716022033      1.110143986534229                    0.1                    0.1     0.3428826971270161                     10
                     46      1.027712182989767      1.389459822780304                    0.1                    0.1     0.3533507997600965                     10
                   46.5      1.232038182846102      1.200100641186644                    0.1                    0.1     0.2832691565933364                     10
                     47      1.257667218927488      1.147525056579416                    0.1                    0.1     0.2853588093920543                     10
                   47.5     0.9114714777182882       1.33562562967082                    0.1                    0.1     0.4349283512289154                     10
                     48     0.9662632881533669      1.090193445936159                    0.1                    0.1     0.4384978954488623                     10
                   48.5     0.8949457963973972      1.459683243060222                    0.1                    0.1     0.4936857862571237                     10
                     49     0.9132127300396234      1.251284826446379                    0.1                    0.1     0.4047821030840569                     10
                   49.5      1.302615993139469      1.232521235417199                    0.1                    0.1     0.2520467582960039                     10
                     50      1.133220293224484      1.490356788459025                    0.1                    0.1     0.3361739209245173                     10
                   50.5     0.9685075813735708      1.005556773579065                    0.1                    0.1     0.4619274779815846                     10
                     51      1.413179809343087      1.068106729092479                    0.1                    0.1     0.3388255344685721                     10
                   51.5      0.962122852175709      1.157982897039334                    0.1                    0.1     0.3805659983253006                     10
                     52       1.06121061359991      1.530801203320987                    0.1                    0.1     0.3957302844769187                     10
                   52.5      1.149796492386213     0.8992289170874911                    0.1                    0.1     0.4307632998516902                     10
                     53      1.264784148805847      1.368726649796333                    0.1                    0.1     0.2516470185113124                     10
                   53.5      1.411864643895826      1.438411118786313                    0.1                    0.1       0.33911186117766                     10
                     54      1.341431990734386       1.46179891808216                    0.1                    0.1     0.3133046534771327                     10
                   54.5      1.332023749481764      1.202497431215586                    0.1                    0.1     0.2450143819533709                     10
                     55      1.094391900493749       1.09859256555157                    0.1                    0.1      0.322687266265958                     10
                   55.5      1.505801603168209      1.448110083338757                    0.1                    0.1     0.4040315522033011                     10
                     56      1.119391874767003      1.221337370975775                    0.1                    0.1     0.2747817559183636                     10
                   56.5     0.9036952939354139      1.284821560533327                    0.1                    0.1     0.3853743119854787                     10
                     57       1.00142079255242      1.458417226088365                    0.1                    0.1       0.37112208130479                     10
                   57.5     0.9933967574333912      1.435434854377327                    0.1                    0.1     0.3506379854415206                     10
                     58       1.53502629168697     0.9113960559881441                    0.1                    0.1     0.4998990141981908                     10
                   58.5     0.7232163996559136       1.52137981015402                    0.1                    0.1     0.5474947432551771                     10
                     59      1.471414738312484     0.7922636261648507                    0.1                    0.1     0.4870836541234687                     10
                   59.5     0.8052769917251692      1.265691170602298                    0.1                    0.1     0.4557139514796313                     10
                     60      1.077468608186438      1.367334066909335                    0.1                    0.1      0.263289848859404                     10
                   60.5     0.8753784042863224      1.424488470639028                    0.1                    0.1     0.4283429096242696                     10
                     61      1.204898581615981      1.101873007586294                    0.1                    0.1     0.2860390684340109                     10
                   61.5      1.420367442695772      1.214191872911516                    0.1                    0.1     0.2576706621236956                     10
                     62       1.30415328608229      1.395974715196426                    0.1                    0.1     0.2489949527141079                     10
                   62.5      1.102860963054414      1.231965312152424                    0.1                    0.1     0.2620136850114682                     10
                     63     0.9673073847121657      1.531025313023266                    0.1                    0.1     0.4201888601439535                     10
                   63.5      1.491755858492855      1.329518852317289                    0.1                    0.1     0.3107830524118038                     10
                     64      1.335814643083091      1.574092800194292                    0.1                    0.1     0.4115935416971043                     10
                   64.5      1.337725767710729      1.347274341038619                    0.1                    0.1      0.230284409505435                     10
                     65      1.483265192810741      1.506523292077952                    0.1                    0.1     0.4087460542640818                     10
                   65.5      1.266179771742734      1.534523332985869                    0.1                    0.1     0.3432988894406218                     10
                     66      1.468399814801576      1.414443820848454                    0.1                    0.1     0.3100450986598857                     10
                   66.5      1.408260073294259      1.498244901642338                    0.1                    0.1     0.3242753863649378                     10
                     67      1.539823187681075       1.26691382777644                    0.1                    0.1     0.3392655742913568                     10
                   67.5      1.454472163678407      1.062611953646557                    0.1                    0.1     0.3467403366102073                     10
                     68      1.080440286468676     0.9796668062124476                    0.1                    0.1     0.3901605396898119                     10
                   68.5      1.303518847692342      1.270055883387419                    0.1                    0.1     0.2169294473332881                     10
                     69     0.8345165566348961      1.113155643339815                    0.1                    0.1      0.475786789075208                     10
                   69.5      1.358456588001446      1.447084029156902                    0.1                    0.1     0.2564616387599375                     10
                     70      1.463869673439646      1.281210851932833                    0.1                    0.1     0.2536442454702854                     10
                   70.5      1.453301863526263      1.015475052191172                    0.1                    0.1         0.367156584205                     10
                     71      1.287009428625107      1.014631387585489                    0.1                    0.1     0.3169164054365314                     10
                   71.5      1.462398525589083       1.05358288467777                    0.1                    0.1     0.3322524988431105                     10
                     72      1.132328056976736     0.9878330598898839                    0.1                    0.1     0.3497692433638169                     10
                   72.5      1.607770998863622      1.142790364521439                    0.1                    0.1     0.4403967307934556                     10
                     73      1.176168566482918      1.619936382692424                    0.1                    0.1     0.4304636923087675                     10
                   73.5      1.584374985468477      1.376483553386216                    0.1                    0.1     0.3896438649391326                     10
                     74      1.076287293311211     0.9876167713701014                    0.1                    0.1     0.3586351248407342                     10
                   74.5      1.552253261192813      1.340517691106051                    0.1                    0.1     0.3251281516545988                     10
                     75       1.20366241289241       1.40811037773593                    0.1                    0.1     0.2297051726702613                     10
                   75.5      1.275045781078552     0.9465235800688845                    0.1                    0.1     0.3417571919719171                     10
                     76      1.427285263283052      1.101247067912505                    0.1                    0.1     0.2688528805847052                     10
                   76.5     0.9403788463729242     0.8504061220709185                    0.1                    0.1     0.5147459150223327                     10
                     77      1.618207150865752      1.472524351976332                    0.1                    0.1     0.4633406659216205                     10
                   77.5      1.173882024377498      1.485755160008226                    0.1                    0.1     0.2729726144987473                     10
                     78      1.504270014336336      1.440771366421246                    0.1                    0.1     0.3134639458797528                     10
                   78.5      1.572912176056244      1.094127541240588                    0.1                    0.1     0.3951562047176582                     10
                     79     0.9553646536575784     0.8952818563125624                    0.1                    0.1     0.4622081091352572                     10
                   79.5     0.9902756923743006      1.499817843689968                    0.1                    0.1     0.3565058800546904                     10
                     80      1.374512664518824     0.8794409937924236                    0.1                    0.1     0.3845166768388725                     10
                   80.5     0.9978929884250194       1.17367105085007                    0.1                    0.1      0.308292172301693                     10
                     81       0.88833356449531      1.081218053054802                    0.1                    0.1     0.4195361196085114                     10
                   81.5      1.636593905915114      1.180066913306366                    0.1                    0.1     0.4283371262850922                     10
                     82      1.098284913987507       1.28690541381178                    0.1                    0.1     0.2394454710949337                     10
                   82.5     0.8864822003455021      1.346534882486277                    0.1                    0.1     0.3609744476301895                     10
                     83     0.8732360088011628      1.383716819252474                    0.1                    0.1       0.37164851206397                     10
                   83.5     0.8875163826975762      1.319435872060251                    0.1                    0.1     0.3315706144172552                     10
                     84       1.48509771399211      1.294355417133368                    0.1                    0.1     0.2436151350556507                     10
                   84.5      1.335726513829389     0.9841908987991859                    0.1                    0.1     0.3053017174098755                     10
                     85      1.403001237757612      1.139746466927376                    0.1                    0.1      0.230074959466629                     10
                   85.5      1.142841189706088     0.9857883856698987                    0.1                    0.1     0.3166578452835355                     10
                     86      1.496828979014714      1.101568385504426                    0.1                    0.1     0.2901093366962583                     10
                   86.5      1.372826649620838      1.533707619473461                    0.1                    0.1      0.320164783805225                     10
                     87      1.183726908846894     0.6776923365247852                    0.1                    0.1     0.5129741044257027                     10
                   87.5      1.172087940046024      1.685181428347687                    0.1                    0.1     0.4762067786453137                     10
                     88      1.316513000510526      1.026158607425543                    0.1                    0.1     0.2685692794161638                     10
                   88.5     0.7485678657804806      1.255459858809577                    0.1                    0.1     0.4588997285171647                     10
                     89      0.819465341451718      1.322369698859444                    0.1                    0.1     0.3722514928978183                     10
                   89.5     0.7759253506085405      1.088207159964149                    0.1                    0.1     0.4801100534742251                     10
                     90      1.304257784723507      1.134313788488461                    0.1                    0.1     0.2236646853487601                     10
                   90.5      1.235345533233856      1.186495624784299                    0.1                    0.1     0.2255203551021721                     10
                     91      1.220726614291157      1.194123348793656                    0.1                    0.1     0.2226906799398489                     10
                   91.5      1.246699971724396      1.470137508879939                    0.1                    0.1      0.245566317351522                     10
                     92      1.240539117438255     0.9174472796944069                    0.1                    0.1       0.32617618831936                     10
                   92.5      1.190705726306712       1.33459775909286                    0.1                    0.1      0.205205677944696                     10
                     93      1.610031399969127     0.8534222601191881                    0.1                    0.1     0.5064539751909726                     10
                   93.5     0.7461940257986737      1.358959764997218                    0.1                    0.1      0.441907867707968                     10
                     94       1.42382718870461     0.9452532208402908                    0.1                    0.1     0.3339437352117172                     10
                   94.5      1.071571361086183      1.091298013896299                    0.1                    0.1     0.2752025438708858                     10
                     95      1.597980649804432      1.392163033321129                    0.1                    0.1     0.3638322911715953                     10
                   95.5      1.215001723812746     0.7712046733149668                    0.1                    0.1     0.4246725205563915                     10
                     96     0.8407997726966823      1.112298297692442                    0.1                    0.1     0.4026650000215606                     10
                   96.5     0.7803016435449321      1.253023296462684                    0.1                    0.1     0.3786921126479444                     10
                     97      1.597262973143241      1.109039018207661                    0.1                    0.1      0.377983592805172                     10
                   97.5     0.4216251418913219      1.286451183431431                    0.1                    0.1     0.5553408700802506                     10
                     98      1.716324005102025      1.178693439889489                    0.1                    0.1     0.4820457541985926                     10
                   98.5     0.7085448710188366      1.102528895304506                    0.1                    0.1     0.4816309226999285                     10
                     99     0.8034502821546793       1.40946851178952                    0.1                    0.1      0.391512740957548                     10
                   99.5      1.582658008055708       1.16093080687787                    0.1                    0.1     0.3258307850366353                     10
                    100      1.044944031195591      1.492433689290818                    0.1                    0.1     0.2963877009183497                     10
                  100.5      1.171792646119914     0.8412994696915106                    0.1                    0.1     0.3720785930136461                     10
                    101      1.211952419091947     0.8064315113666974                    0.1                    0.1     0.3713153240408711                     10
                  101.5      1.150699093926168      1.475728363938949                    0.1                    0.1     0.2454257074285395                     10
                    102      1.551858200104138      1.282238280197509                    0.1                    0.1     0.2769196113887262                     10
                  102.5     0.5406819319747518      1.229688896162664                    0.1                    0.1     0.5319570321764915                     10
                    103       1.62603716755636      1.089432149615722                    0.1                    0.1     0.3851289194352819                     10
                  103.5     0.8708228771508625     0.9953188258676251                    0.1                    0.1     0.4306663802647918                     10
                    104       1.57706028430464      1.444024938457417                    0.1                    0.1     0.3556046883869293                     10
                  104.5      0.768827394964171      1.480739566187178                    0.1                    0.1     0.4476212410669382                     10
                    105      1.229654029737172     0.8614823184911734                    0.1                    0.1     0.3238033547062962                     10
                  105.5      1.247685466938047       1.07947743541615                    0.1                    0.1     0.2320569613750734                     10
                    106      1.046577046146626      1.250882563581782                    0.1                    0.1      0.243206124780824                     10
                  106.5      1.280290318388297      1.156738660169068                    0.1                    0.1     0.2055710722621659                     10
                    107     0.9508127496716215      1.431703569228065                    0.1                    0.1     0.2971327742380296                     10
                  107.5      1.349418776350516      1.489711207637484                    0.1                    0.1     0.2567197139017143                     10
                    108      1.202500571598973      1.343195289133821                    0.1                    0.1     0.1945902903760722                     10
                  108.5      1.221597509110538     0.8046010414486282                    0.1                    0.1     0.3482911812331945                     10
                    109      1.196463040942709       1.29030388417977                    0.1                    0.1     0.1966621394378118                     10
                  109.5     0.7941888060755226      1.334535332462313                    0.1                    0.1     0.3404687036081159                     10
                    110      1.449576907787954      1.346019693350138                    0.1                    0.1     0.2128090947460186                     10
                  110.5     0.9037791484160113      1.200957722071313                    0.1                    0.1     0.2999304000722917                     10
                    111      1.628709058249794       1.48344921646053                    0.1                    0.1     0.4260132907413601                     10
                  111.5     0.8777893295598077      1.065850851264429                    0.1                    0.1     0.3645605687294389                     10
                    112      1.553298300408398     0.9269026755957256                    0.1                    0.1     0.4153242346195233                     10
                  112.5      1.019506290757553      1.223258411529597                    0.1                    0.1     0.2439761342518414                     10
                    113      1.530385246921618      1.405124122786072                    0.1                    0.1     0.2665947998069287                     10
                  113.5      0.833609780369845      1.478094255396686                    0.1                    0.1     0.3822575462688937                     10
                    114      1.055211868137514     0.9779123640274491                    0.1                    0.1     0.3197854276785865                     10
                  114.5      1.357052966409566      1.307237461049188                    0.1                    0.1     0.1857906582866903                     10
                    115      1.078524628692939      1.526400288819439                    0.1                    0.1     0.2928485443530247                     10
                  115.5      1.267754216365366      1.012388266032602                    0.1                    0.1      0.243808138425978                     10
                    116      1.272420446278121      1.624464236556527                    0.1                    0.1     0.3908041561589932                     10
                  116.5      1.452408584409196      1.086682760910531                    0.1                    0.1     0.2388994856329781                     10
                    117     0.9674134553652722      1.057966078246691                    0.1                    0.1     0.3081918434628653                     10
                  117.5      1.548627984335702      1.221783390856387                    0.1                    0.1     0.2598068391938021                     10
                    118      1.278049243680549      1.160548238436337                    0.1                    0.1     0.1955093155864049                     10
                  118.5     0.5864203311845971      1.384856614988534                    0.1                    0.1     0.5159636441601672                     10
                    119      1.518710123817488      1.560264791131384                    0.1                    0.1     0.4045751971673963                     10
                  119.5      1.095650501800484      1.218455553113205                    0.1                    0.1     0.2173011692632541                     10
                    120      1.355071301040263      1.058033267048688                    0.1                    0.1     0.2189406843432353                     10
                  120.5      1.374768338698114      1.077176116320245                    0.1                    0.1     0.2085385497152324                     10
                    121     0.8738196716293959     0.9555831864026825                    0.1                    0.1      0.418086729857476                     10
                  121.5      1.422731418067679      1.138053697740451                    0.1                    0.1     0.1955354736369437                     10
                    122      1.491631694227548      1.444902200779067                    0.1                    0.1     0.2547552922863155                     10
                  122.5       1.19541309287073      1.138624497785229                    0.1                    0.1      0.206088725538443                     10
                    123      1.433198504868162     0.7425047792265971                    0.1                    0.1     0.4608921531827465                     10
                  123.5      1.363523171249739     0.8246461415924766                    0.1                    0.1     0.3524734214760779                     10
                    124     0.9997325211714643      1.328136906296169                    0.1                    0.1     0.2325583957964758                     10
                  124.5        1.3026906853176      1.116409924013422                    0.1                    0.1     0.1871810622693909                     10
                    125       1.03339478982036      1.404357367323125                    0.1                    0.1      0.228293830054214                     10
                  125.5      1.460439603389216      1.432817975175008                    0.1                    0.1     0.2278366280368295                     10
                    126      1.302741664889223      1.250660985969062                    0.1                    0.1     0.1751547989603147                     10
                  126.5      1.126749527986015      1.014362091270432                    0.1                    0.1     0.2563725896412288                     10
                    127      1.321452287483038      1.073752862268099                    0.1                    0.1     0.1938739669389065                     10
                  127.5      0.722901878579444      1.373269050550024                    0.1                    0.1     0.3933876699113202                     10
                    128     0.8035209722348059       1.04567063818933                    0.1                    0.1     0.3937325058582993                     10
                  128.5      1.634751133820925      1.002449081117168                    0.1                    0.1     0.4236281438438415                     10
                    129      1.427101460820363     0.6788703604787141                    0.1                    0.1     0.4844793184677882                     10
                  129.5      1.329750293255453      1.255366232060526                    0.1                    0.1      0.170141299418604                     10
                    130      1.285907983092113      1.424547650258845                    0.1                    0.1     0.1953738108362131                     10
                  130.5      1.144268318393646      1.228185897033603                    0.1                    0.1      0.195749011638303                     10
                    131      1.146249011115674      1.064790789561699                    0.1                    0.1     0.2221177481470182                     10
                  131.5      1.202221837737944     0.8460922508095543                    0.1                    0.1     0.3054394767925515                     10
                    132       1.44329174948581      1.016835487854214                    0.1                    0.1     0.2518998767756627                     10
                  132.5      1.476907825790418     0.8160605191875964                    0.1                    0.1     0.3863746825273409                     10
                    133      1.295628970677324      1.620760188728661                    0.1                    0.1     0.3720710802182756                     10
                  133.5      1.654895129234991      1.197276781738643                    0.1                    0.1     0.3645840444664358                     10
                    134      1.071003430953776      1.532887372512738                    0.1                    0.1     0.2881696022933211                     10
                  134.5      1.487973518480036      1.525398451946294                    0.1                    0.1     0.3155518571316135                     10
                    135      1.182902337614813      1.241580148818155                    0.1                    0.1     0.1831758009449494                     10
                  135.5      1.205434477912939     0.6930624882287295                    0.1                    0.1     0.4267444199590497                     10
                    136      1.447426390593742      1.128142052098567                    0.1                    0.1     0.1944516213841713                     10
                  136.5      1.173221506571386      1.622277544464177                    0.1                    0.1     0.3574978966243585                     10
                    137       1.33425700483139      1.527372445249794                    0.1                    0.1     0.2554448426963776                     10
                  137.5      1.510116822384032      1.360488030251227                    0.1                    0.1     0.2152165088864569                     10
                    138      1.185817972689701      1.295957528027382                    0.1                    0.1     0.1752986085934606                     10
                  138.5      1.054973525857724      1.461549057790012                    0.1                    0.1     0.2305499986017912                     10
                    139      1.397648478906436       1.42747170424075                    0.1                    0.1      0.194172237949059                     10
                  139.5     0.8051257691384969      1.353486251451449                    0.1                    0.1     0.3053450965753961                     10
                    140      1.176014175779241     0.6843569562392247                    0.1                    0.1     0.4244888100250326                     10
                  140.5      1.035334392616309      1.019807767599745                    0.1                    0.1     0.2744510925132139                     10
                    141      1.138720329068835      1.399954965893354                    0.1                    0.1     0.1836617390076546                     10
                  141.5       1.30554991302699     0.7134251834577237                    0.1                    0.1     0.3941962107232714                     10
                    142     0.9780162212516148     0.8738494291896707                    0.1                    0.1     0.4006318213095911                     10
                  142.5      1.293650408191882      1.673444054177021                    0.1                    0.1     0.4112704183408384                     10
                    143      1.524446810513719      1.102175893789667                    0.1                    0.1     0.2446079722632679                     10
                  143.5       1.33256223070661     0.7663300317178787                    0.1                    0.1     0.3435306447267837                     10
                    144      1.665637745066588      1.385947124683329                    0.1                    0.1     0.3896372606898098                     10
                  144.5      1.068066745527374      1.538381034556356                    0.1                    0.1     0.2755169293234931                     10
                    145      1.280634645641024     0.9260930247116721                    0.1                    0.1     0.2481140510769491                     10
                  145.5      1.063803465763151      1.021422631198064                    0.1                    0.1     0.2522785602782204                     10
                    146     0.9430074531708909      1.382424402436715                    0.1                    0.1     0.2434725351704565                     10
                  146.5      1.398351177185271     0.9498582964654744                    0.1                    0.1     0.2603089434457039                     10
                    147      1.341509529873272     0.8496168180071714                    0.1                    0.1      0.280444795349804                     10
                  147.5      1.301703348071874     0.6174345532668698                    0.1                    0.1      0.464399821090435                     10
                    148      0.926198211856778     0.8132812178610022                    0.1                    0.1     0.4591200970299393                     10
                  148.5      1.267887269525956       1.38480757690019                    0.1                    0.1     0.1704867417433733                     10
                    149      1.516043154049125      1.168945736325671                    0.1                    0.1     0.2159789430231296                     10
                  149.5     0.9981183549140634      1.279115765550559                    0.1                    0.1     0.2165001827337066                     10
                    150      1.088208125949718      1.547609052968031                    0.1                    0.1     0.2682351248273005                     10
                  150.5      1.079533830787612      1.089622061652995                    0.1                    0.1     0.2179346005063666                     10
                    151       1.23237699569432      1.240190076252309                    0.1                    0.1     0.1673165026151299                     10
                  151.5      1.151953218003517      1.291318603784413                    0.1                    0.1     0.1699192815547081                     10
                    152     0.9168419776213789      1.013223170392065                    0.1                    0.1     0.3152069118829343                     10
                  152.5     0.9711156928857889     0.9346721032109094                    0.1                    0.1     0.3234921723001741                     10
                    153      1.529361866505842       0.94708572610277                    0.1                    0.1     0.3352350633835536                     10
                  153.5     0.9699082681884307      1.103834546141498                    0.1                    0.1     0.2504251015109379                     10
                    154      1.585245942092327      1.540680213383176                    0.1                    0.1     0.3898413218227997                     10
                  154.5      1.350464768687941     0.7451375631557242                    0.1                    0.1     0.3396870192215878                     10
                    155       1.43239929679532     0.3091261183738343                    0.1                    0.1     0.5554606007446468                     10
                  155.5      1.076631465627901      1.732697835928499                    0.1                    0.1     0.4894606896750751                     10
                    156     0.9581697910297876     0.8117905722656541                    0.1                    0.1     0.4183735928973469                     10
                  156.5      1.406261638867827     0.7685363506733023                    0.1                    0.1     0.3344916920334984                     10
                    157      1.319482597075182      1.597287552040334                    0.1                    0.1     0.3081792303449911                     10
                  157.5      1.142463285055009      1.166650892934856                    0.1                    0.1     0.1830908837672139                     10
                    158      1.040631378211681      0.587832656216811                    0.1                    0.1     0.5295426462819387                     10
                  158.5      1.597463710467171     0.9114951438889616                    0.1                    0.1     0.3996921620433339                     10
                    159      1.416079902146686      1.520332405503459                    0.1                    0.1      0.249794769957683                     10
                  159.5      1.368718257783093      1.251574407258578                    0.1                    0.1     0.1597986664947055                     10
                    160       1.01082699512596      0.966486177587776                    0.1                    0.1     0.2723968446018027                     10
                  160.5      1.562585276606671       1.07865443036884                    0.1                    0.1     0.2691306127660879                     10
                    161      1.199737016942418      1.614569388646592                    0.1                    0.1     0.3080389946452431                     10
                  161.5      1.376657435498295     0.6205981396513808                    0.1                    0.1     0.4480207955139731                     10
                    162      1.118085077680757      1.187328828506971                    0.1                    0.1     0.1814921296328416                     10
                  162.5      1.421301287460368      1.543755700132083                    0.1                    0.1      0.268534358550761                     10
                    163      1.081516154499674      1.141931292425642                    0.1                    0.1     0.1917384906625942                     10
                  163.5     0.9209329632823565       1.27801782937701                    0.1                    0.1     0.2346934417443725                     10
                    164      1.364865509164316     0.9765864950870677                    0.1                    0.1     0.2204049781341562                     10
                  164.5      1.193866300168586      1.442745516816944                    0.1                    0.1     0.1798864914153002                     10
                    165     0.8912954041042938      1.074618870797776                    0.1                    0.1     0.2863287753878001                     10
                  165.5      1.160435969202972     0.9139086936864576                    0.1                    0.1     0.2573458404736314                     10
                    166     0.9576958108563347       1.21954997549092                    0.1                    0.1     0.2236341084289269                     10
                  166.5      1.229712282527576     0.5688647311437917                    0.1                    0.1     0.4707049398661245                     10
                    167      1.168137543769471       1.41752475906081                    0.1                    0.1     0.1694956681813836                     10
                  167.5       1.63336824292045       1.10582687035637                    0.1                    0.1     0.3231016292616792                     10
                    168     0.8304219745168046     0.8373165957157577                    0.1                    0.1       0.46413539985376                     10
                  168.5     0.9596922003298671      1.596554238331734                    0.1                    0.1     0.4030431805644222                     10
                    169      1.237674677458947      1.147549488799688                    0.1                    0.1       0.16544617120722                     10
                  169.5     0.7152852650747598      1.319799101201916                    0.1                    0.1     0.3703936906613658                     10
                    170      1.698580693820205      1.277108643900249                    0.1                    0.1     0.4051491707236198                     10
                  170.5      1.117614681496653       1.30941052210243                    0.1                    0.1     0.1641088837843506                     10
                    171      1.291185674240988      1.093490285328978                    0.1                    0.1     0.1684206687239028                     10
                  171.5      1.379700685321114     0.9953594320993874                    0.1                    0.1     0.2076245971659978                     10
                    172      1.021210332238932      1.006125818087267                    0.1                    0.1      0.235773661148319                     10
                  172.5     0.8519658045791823      1.595059142400789                    0.1                    0.1     0.4566642987113531                     10
                    173      1.433343622884063      1.133989894108296                    0.1                    0.1     0.1687635845494437                     10
                  173.5     0.4496804111032302       1.42937928677736                    0.1                    0.1     0.5308103955429877                     10
                    174      1.704630974615364      1.447065696058123                    0.1                    0.1     0.4344886948794353                     10
                  174.5      0.722001600016258      1.179802546239375                    0.1                    0.1     0.3908305504516575                     10
                    175     0.6867161325797911      1.307703238610262                    0.1                    0.1     0.3806297045903497                     10
                  175.5      1.109586799599608      1.330615444585762                    0.1                    0.1      0.162877336653289                     10
                    176      1.557544296955006      1.325710690439469                    0.1                    0.1     0.2282720826974773                     10
                  176.5      1.323847706380223      1.336813203989646                    0.1                    0.1     0.1560000434772621                     10
                    177      1.457423869564854      1.549439943761122                    0.1                    0.1     0.2851597425640239                     10
                  177.5       1.19428406927594      1.610908691959018                    0.1                    0.1     0.2915954267829176                     10
                    178       1.60701743937651      1.135620532166036                    0.1                    0.1     0.2729163691135693                     10
                  178.5      1.225683180226853      1.589555161639891                    0.1                    0.1     0.2627150263471369                     10
                    179      1.359393648702502      1.221175774384937                    0.1                    0.1     0.1498213237078204                     10
                  179.5     0.9588352583376074      1.246937245695416                    0.1                    0.1     0.2112772623050037                     10
                    180      1.061069318448379      1.325360414599145                    0.1                    0.1     0.1713084559968128                     10
                  180.5      1.414319047864324      1.192523365676195                    0.1                    0.1     0.1546151435396491                     10
                    181      1.255544194447265      1.397681353506218                    0.1                    0.1     0.1562139169243762                     10
                  181.5      1.460636907939195      1.362270728400154                    0.1                    0.1     0.1743552031014572                     10
                    182      1.212211530530129      1.303497407326311                    0.1                    0.1     0.1461588823672159                     10
                  182.5      1.192631824637479       1.07411697874848                    0.1                    0.1     0.1786105686482486                     10
                    183      1.302543100995982     0.9444345799968081                    0.1                    0.1     0.2137129736966064                     10
                  183.5      1.073189846858035      1.025877926548664                    0.1                    0.1     0.2081301570889693                     10
                    184      1.512829474600883      1.109748659100983                    0.1                    0.1     0.2001851539758885                     10
                  184.5     0.7188857602838513       1.49410707458288                    0.1                    0.1     0.4202445614240759                     10
                    185       1.36906665597209      1.148514793204309                    0.1                    0.1     0.1461771097337085                     10
                  185.5      1.268651350028571     0.6281957072502595                    0.1                    0.1     0.3937896554141392                     10
                    186      1.283709085008298      0.951057224012995                    0.1                    0.1      0.206244295606869                     10
                  186.5      1.338161355449325      1.368131609158176                    0.1                    0.1      0.152293063195468                     10
                    187      1.210281827390207     0.5856198240074221                    0.1                    0.1     0.4247727509599648                     10
                  187.5     0.9010601902629768      1.634492107600124                    0.1                    0.1     0.4498885342613666                     10
                    188      1.576674587084115     0.7621268241084318                    0.1                    0.1     0.4475130563093523                     10
                  188.5     0.9213613859548917     0.8027179434567264                    0.1                    0.1      0.407955838800258                     10
                    189      1.472153017460903      1.177517654835018                    0.1                    0.1     0.1657828911333062                     10
                  189.5      1.295064844026298      1.537861070580615                    0.1                    0.1     0.2165295404663571                     10
                    190     0.7959579200430104      1.136527504311107                    0.1                    0.1     0.3220740081148866                     10
                  190.5     0.8129525791100402      1.474143616286484                    0.1                    0.1     0.3317972983470387                     10
                    191       1.65139923512386      1.316340825411771                    0.1                    0.1      0.318962489764272                     10
                  191.5     0.8004511487774969      1.322720549826643                    0.1                    0.1      0.264286800716909                     10
                    192     0.6169139434143399      1.301205261402504                    0.1                    0.1     0.4246133676401252                     10
                  192.5      1.335215788027749     0.9493971738237161                    0.1                    0.1      0.205239435894986                     10
                    193      1.287150412161394     0.9630604396675073                    0.1                    0.1     0.1939962038204293                     10
                  193.5     0.4949963758172722      1.414484219696993                    0.1                    0.1     0.4848862177610914                     10
                    194      1.601221242403323     0.6792350419704638                    0.1                    0.1      0.497515464507213                     10
                  194.5     0.7003493146455386      1.170273218619764                    0.1                    0.1     0.3793554533724258                     10
                    195      0.921055602161675      1.146086845147094                    0.1                    0.1     0.2355266447827652                     10
                  195.5        1.4730636540235       1.37755108927188                    0.1                    0.1     0.1744993363067311                     10
                    196      1.168440700043828       1.38659933096389                    0.1                    0.1     0.1494336540188821                     10
                  196.5      1.301371033699898      1.046576680228604                    0.1                    0.1     0.1628426453582343                     10
                    197     0.9777095546193715     0.7928544753183671                    0.1                    0.1     0.3854000928293438                     10
                  197.5        1.1268622667775     0.9145013359408555                    0.1                    0.1     0.2473739766760557                     10
                    198      1.122997581949685     0.8145963210617418                    0.1                    0.1     0.3036711817074866                     10
                  198.5       1.28566222432892      1.415478943126314                    0.1                    0.1     0.1528152758858132                     10
                    199      1.353327975300662      1.337316210533157                    0.1                    0.1     0.1443093724286643                     10
                  199.5     0.6032211211109246      0.991237210875025                    0.1                    0.1     0.5294175935627778                     10
                    200     0.7502100232252935      1.446449573930218                    0.1                    0.1     0.3331868313053022                     10
                  200.5       1.32147004945944      1.526287184765696                    0.1                    0.1     0.2030689095455358                     10
                    201      1.430375087907089      1.608492248644375                    0.1                    0.1     0.3315070601622666                     10
                  201.5      1.223668611591441      1.188423473187765                    0.1                    0.1      0.148298192057558                     10
                    202     0.9193072793917477      1.416329137276429                    0.1                    0.1     0.2361674055089681                     10
                  202.5      1.283256394223794      1.546581288601707                    0.1                    0.1     0.2093820159536072                     10
                    203      1.518867064590461      1.425393756861338                    0.1                    0.1     0.2043100935358579                     10
                  203.5       1.13688466234955      1.164598526646427                    0.1                    0.1     0.1600473743277403                     10
                    204      1.090069413644863      1.592847130211592                    0.1                    0.1      0.279668057683059                     10
                  204.5      1.584996806630228        1.6149452715131                    0.1                    0.1       0.44043650819421                     10
                    205      0.992030204916261      1.045650246158806                    0.1                    0.1     0.2158047755102603                     10
                  205.5     0.6332805443537608      1.225389765163907                    0.1                    0.1     0.4013547212617131                     10
                    206     0.9294861380103365      1.006009208656658                    0.1                    0.1     0.2554298904500839                     10
                  206.5      1.553676915127398      1.223597232117666                    0.1                    0.1     0.2060282436080443                     10
                    207      1.181098432095657      1.387739358470681                    0.1                    0.1     0.1429327257745289                     10
                  207.5      1.176173292760771       1.24441179429474                    0.1                    0.1      0.144199089481808                     10
                    208     0.9208165947914639      1.282905036934807                    0.1                    0.1      0.205050256466828                     10
                  208.5     0.9984798860807164      1.392109982202143                    0.1                    0.1     0.1907172598545806                     10
                    209     0.9117497239752798      1.555997396477055                    0.1                    0.1     0.3369167565564668                     10
                  209.5      1.243453096947445      1.252513828534989                    0.1                    0.1     0.1364613439254717                     10
                    210      1.364390182160544      1.550191962775203                    0.1                    0.1     0.2169149253219313                     10
                  210.5      1.438516331434627      1.510393368367466                    0.1                    0.1     0.2064953742343023                     10
                    211     0.8940102235987817      1.224396318928058                    0.1                    0.1     0.2186857151107952                     10
                  211.5     0.7400280973888518      1.013289102161879                    0.1                    0.1     0.4078169727442268                     10
                    212     0.8371208925538323     0.9332862710457036                    0.1                    0.1     0.3590708142005518                     10
                  212.5     0.6061609161158854      1.397831310042092                    0.1                    0.1     0.4094772299597183                     10
                    213      1.119037812000218      1.532109227853784                    0.1                    0.1     0.2058829956237218                     10
                  213.5      1.580581334480284      1.428733265226396                    0.1                    0.1     0.2454228399922243                     10
                    214      1.387060744344182      0.829133336387989                    0.1                    0.1     0.2657889812819653                     10
                  214.5      1.534051030983625      1.172884863451997                    0.1                    0.1     0.1901380480297453                     10
                    215       1.18463476214539      1.264496666475978                    0.1                    0.1     0.1374061045525019                     10
                  215.5      1.261313256981928      0.922149310020581                    0.1                    0.1     0.2002108023077722                     10
                    216       1.04144668251369     0.8387129797548368                    0.1                    0.1     0.3086729187423842                     10
                  216.5      1.616931133374397     0.9844791558571849                    0.1                    0.1     0.3490253979470805                     10
                    217      1.028329434990915     0.8930156012007231                    0.1                    0.1     0.2636762779532948                     10
                  217.5      1.164352731458805     0.9565785266892501                    0.1                    0.1     0.2012832234444478                     10
                    218      1.417367023157944       1.43410560857921                    0.1                    0.1     0.1583771415156046                     10
                  218.5      1.457529835009241      1.445838114109607                    0.1                    0.1     0.1701409498642409                     10
                    219      1.052850648404907     0.7128390911102487                    0.1                    0.1     0.4039401101444093                     10
                  219.5      1.325777433032532     0.7648472088777292                    0.1                    0.1     0.2734530133285826                     10
                    220      1.340175154652677      1.533174752027925                    0.1                    0.1     0.1888750554510251                     10
                  220.5      0.735881645469401     0.8773914466331422                    0.1                    0.1     0.4735487475643572                     10
                    221      1.032077991762704      1.254183803484942                    0.1                    0.1     0.1666665123516087                     10
                  221.5      1.476826174737063      0.875943355131151                    0.1                    0.1     0.2862253149274274                     10
                    222      1.132123083241516      1.183637974035864                    0.1                    0.1     0.1496501949548311                     10
                  222.5      1.486359334814636      1.597627669396663                    0.1                    0.1     0.3201463370146154                     10
                    223      1.090361864987172      1.158821501217812                    0.1                    0.1     0.1577408568517609                     10
                  223.5     0.9038443538183809       1.49901549385035                    0.1                    0.1     0.2781327229685043                     10
                    224      1.656767889791546      1.477196069525096                    0.1                    0.1     0.3517580991744285                     10
                  224.5      1.205616973030273     0.7129540290631055                    0.1                    0.1     0.3032814714647262                     10
                    225      1.136749076943173     0.7508634874664598                    0.1                    0.1     0.3036120378530687                     10
                  225.5      1.293769340047609       1.51172810029688                    0.1                    0.1      0.171109407334339                     10
                    226      1.539776136033474      1.012740411882756                    0.1                    0.1     0.2500962529467287                     10
                  226.5     0.9357688194550738     0.5493208054274334                    0.1                    0.1     0.5301724409602671                     10
                    227      1.581176100448962      1.569860020803027                    0.1                    0.1     0.3456012910345552                     10
                  227.5     0.8834474181323201      1.449908898610966                    0.1                    0.1     0.2462142709257248                     10
                    228     0.8726740395064398      1.230548115025604                    0.1                    0.1     0.2180593508693079                     10
                  228.5      1.514245364055656      1.049410791055374                    0.1                    0.1     0.2068990809839351                     10
                    229      1.204367156491031      1.086621960857285                    0.1                    0.1      0.153442674404717                     10
                  229.5     0.8136282528589477      1.257368461806027                    0.1                    0.1     0.2338243329831529                     10
                    230      1.116606992371187      1.306651086138948                    0.1                    0.1      0.138640419146653                     10
                  230.5      1.402305711929805      1.627208706939021                    0.1                    0.1     0.3017272169597332                     10
                    231      1.127203332278139     0.9000813215874066                    0.1                    0.1     0.2233601413646418                     10
                  231.5      1.266568511737156      1.283688676075434                    0.1                    0.1     0.1290683284469707                     10
                    232     0.9694027204684253      1.431401518559893                    0.1                    0.1     0.1992647108947978                     10
                  232.5      1.432275452853438      1.622657358536288                    0.1                    0.1     0.3002499319720089                     10
                    233      1.454102650136307      1.402247199118466                    0.1                    0.1     0.1511846994925411                     10
                  233.5     0.9881499491355243     0.6877282143330961                    0.1                    0.1     0.4257143900476283                     10
                    234      1.355115351083303      1.415981532571285                    0.1                    0.1     0.1368164691224379                     10
                  234.5      1.236455422691809      1.145301951012508                    0.1                    0.1     0.1379503830362594                     10
                    235      1.066667556682174     0.8733021687449239                    0.1                    0.1     0.2466487179096848                     10
                  235.5     0.4827071525476455      1.338805637857385                    0.1                    0.1     0.4468219411763648                     10
                    236      1.204671375623246     0.8994067390992292                    0.1                    0.1     0.1987985626722597                     10
                  236.5      1.502189608316781      1.434175024042341                    0.1                    0.1     0.1713511004804107                     10
                    237      1.031716462542143      1.385933518001312                    0.1                    0.1      0.163232504368612                     10
                  237.5     0.8068254167456675     0.7763722347701467                    0.1                    0.1      0.455359250843009                     10
                    238      1.623875680536445      1.395955417133595                    0.1                    0.1     0.2606683671983265                     10
                  238.5      1.026756677429144      1.180795132485945                    0.1                    0.1      0.166730193653345                     10
                    239     0.6602170581350055      1.263756154770971                    0.1                    0.1     0.3405457363939864                     10
                  239.5      1.625156163585274      1.236762481086049                    0.1                    0.1     0.2595822903072811                     10
                    240     0.8199353078472349      1.450478852969608                    0.1                    0.1     0.2640590487162132                     10
                  240.5      1.584764417398028       1.60657492011071                    0.1                    0.1     0.3725655019917465                     10
                    241     0.9027353363899215     0.9631513431158815                    0.1                    0.1     0.2666617095242695                     10
                  241.5     0.6901299399878231      1.466329356726518                    0.1                    0.1     0.3607240711461406                     10
                    242      1.495869224122854      1.622192692797029                    0.1                    0.1     0.3182721141676596                     10
                  242.5      1.332357432880183      1.100669069261437                    0.1                    0.1     0.1389956173340328                     10
                    243      1.238483357817562       1.05504022968336                    0.1                    0.1     0.1505434197747436                     10
                  243.5      1.217716434009233      1.408594836097861                    0.1                    0.1     0.1340147644156956                     10
                    244      1.121019006718547      1.589300747934802                    0.1                    0.1     0.2466580821351019                     10
                  244.5      0.853876283104222      1.293862225852775                    0.1                    0.1     0.2007434022813437                     10
                    245      1.448582248329121      1.008005620244708                    0.1                    0.1     0.1923649977741502                     10
                  245.5      1.195703195357526       1.04801704804777                    0.1                    0.1      0.154112780978428                     10
                    246     0.9502834882229787      1.085694793588376                    0.1                    0.1     0.2030633002300274                     10
                  246.5     0.9690429646330385      1.239295370794487                    0.1                    0.1     0.1708694790990411                     10
                    247      1.748026537510046      1.346158276443402                    0.1                    0.1     0.4238479245446284                     10
                  247.5      1.002248278799953      1.280122149860461                    0.1                    0.1     0.1566587032631864                     10
                    248     0.7221977949787236      1.014317657432042                    0.1                    0.1     0.3886360712505264                     10
                  248.5     0.9605662644901558      1.325538196302554                    0.1                    0.1     0.1650417279437885                     10
                    249      1.567933477704434      1.333090973386857                    0.1                    0.1     0.1929851626174545                     10
                  249.5      1.230688804130312     0.3088081771108131                    0.1                    0.1     0.5497013785492614                     10
                    250      1.581198330526157      1.366777943552869                    0.1                    0.1     0.1990528838711038                     10
