#! FIELDS time abs_dist abs_nh sigma_abs_dist sigma_abs_nh height biasf
#! SET multivariate false
                      1      2.790229661761278      3.538325048992942                    0.1                    0.2     0.4444444444444445                     10
                      2      3.612183596103193      3.480664058778145                    0.1                    0.2     0.4444444444444445                     10
                      3      3.618563239530887      2.851661558369611                    0.1                    0.2     0.4444100191031433                     10
                      4      2.900829883810361      2.982355747873768                    0.1                    0.2     0.4443892444615288                     10
                      5      2.801327328264504      3.594034821945329                    0.1                    0.2     0.4398059693865895                     10
                      6      2.371775502230558      3.419423185065741                    0.1                    0.2     0.4444444444444445                     10
                      7      3.429107908804133      3.402752019914213                    0.1                    0.2     0.4435860883982073                     10
                      8      3.768754249214636      2.530225983513493                    0.1                    0.2     0.4440132847854166                     10
                      9      3.537487191678519      3.517918683010633                    0.1                    0.2     0.4385859929107103                     10
                     10       3.24830108014203      3.272814230037578                    0.1                    0.2     0.4436464282899498                     10
                     11      3.427682749465598      3.136921924110966                    0.1                    0.2      0.440778505599177                     10
                     12      2.212295353916508       3.02099412470788                    0.1                    0.2     0.4442576159704995                     10
                     13      4.598838471457134      3.438273487021065                    0.1                    0.2     0.4444444444444445                     10
                     14      3.457958461585736      3.584137372528165                    0.1                    0.2     0.4363134516988428                     10
                     15      3.147431498940631      3.074746505800478                    0.1                    0.2     0.4423449645172303                     10
                     16      3.759475343620325      2.344596891033946                    0.1                    0.2     0.4412486790110696                     10
                     17       4.69646879313635      2.380109115141535                    0.1                    0.2     0.4444444444444445                     10
                     18      4.790650286341556       2.99813373279238                    0.1                    0.2     0.4443497886415297                     10
                     19      3.858263042605952      3.614056353546558                    0.1                    0.2     0.4442316848068031                     10
                     20      3.782007832388761      3.518524093056482                    0.1                    0.2     0.4398451208927672                     10
                     21      4.663746981477658      2.877963878450689                    0.1                    0.2     0.4423554837349886                     10
                     22      4.060134495151115      2.969865968107099                    0.1                    0.2     0.4444444444444445                     10
                     23       3.41101877708719      3.414983009597782                    0.1                    0.2     0.4315605751604509                     10
                     24      1.454712528135392      3.379739209268428                    0.1                    0.2     0.4444444444444445                     10
                     25      1.446335764176928      2.894668505527069                    0.1                    0.2     0.4441893960911155                     10
                     26       2.11543198239945       3.17336591787062                    0.1                    0.2     0.4420975371766137                     10
                     27      2.083676752458647      3.218051067985771                    0.1                    0.2     0.4386593388057731                     10
                     28      3.464197302197124      2.585323465118412                    0.1                    0.2     0.4436630624399988                     10
#! FIELDS time abs_dist abs_nh sigma_abs_dist sigma_abs_nh height biasf
#! SET multivariate false
                     29      2.313718996084297      3.591703328867643                    0.1                    0.2     0.4414434100005253                     10
                     30      1.823392038794112      2.885414514175795                    0.1                    0.2      0.444379833407693                     10
                     31      2.299635385674239      3.063011115498225                    0.1                    0.2     0.4392258981746383                     10
                     32      1.436158378225395        2.6152138381886                    0.1                    0.2     0.4426319910997103                     10
                     33      1.546856169274967      2.948230088037868                    0.1                    0.2     0.4405762748141376                     10
                     34      2.998581389307498      3.207997462093986                    0.1                    0.2     0.4411382001758475                     10
                     35      4.521693613170138      3.319661860302439                    0.1                    0.2       0.44124674102179                     10
                     36      2.815033888065557      2.573844741656885                    0.1                    0.2     0.4440279960990289                     10
                     37      2.721757889205768      3.378663340415998                    0.1                    0.2     0.4395057454782965                     10
                     38      2.852676284921023      3.460712806952117                    0.1                    0.2      0.434612393656567                     10
                     39      3.415716551715918      3.319893112583868                    0.1                    0.2     0.4280260981654438                     10
                     40      3.418554849846344      3.563817195002335                    0.1                    0.2     0.4272811855603785                     10
                     41      4.436762015900291      2.813754732374012                    0.1                    0.2     0.4439333846671408                     10
                     42      4.194327683353729      2.120228389423257                    0.1                    0.2     0.4444444444444445                     10
                     43      4.218180902651048      2.736317043305482                    0.1                    0.2     0.4432895675897605                     10
                     44      3.622860865073045      2.977723435729487                    0.1                    0.2     0.4390474679359091                     10
                     45       2.77756343619821      3.164557026835253                    0.1                    0.2     0.4377199412591265                     10
                     46      1.808246072579417      3.520514200753941                    0.1                    0.2     0.4443695818169471                     10
                     47      1.237016112316262       2.32459579804876                    0.1                    0.2     0.4442132048745603                     10
                     48      1.327918196071116      3.335946148719821                    0.1                    0.2     0.4420545349870821                     10
                     49      1.913800121137677      3.334284283794197                    0.1                    0.2     0.4409699935014826                     10
                     50      2.500249359824132      1.340056267165314                    0.1                    0.2     0.4444444444444445                     10
                     51      2.057937765711523      3.536333210910426                    0.1                    0.2     0.4408559461216379                     10
                     52      2.461279677676466      3.428120801710108                    0.1                    0.2     0.4395940160150145                     10
                     53      1.597822044040083      3.392765883152367                    0.1                    0.2     0.4416893848913694                     10
                     54       2.44240172111187      2.745913994673322                    0.1                    0.2     0.4437925068855897                     10
                     55      1.751080763962165      2.885492298756797                    0.1                    0.2     0.4399168825167847                     10
                     56      1.548766974348419      2.276260653512854                    0.1                    0.2     0.4437581873392599                     10
#! FIELDS time abs_dist abs_nh sigma_abs_dist sigma_abs_nh height biasf
#! SET multivariate false
                     57      2.258053973596856      2.570880660166544                    0.1                    0.2     0.4432641276493569                     10
                     58      1.800369030103581      3.551650558165713                    0.1                    0.2     0.4376398634893457                     10
                     59      1.544864586187386      2.497847353449243                    0.1                    0.2     0.4386830293489892                     10
                     60      1.793561070393012      2.188440255665829                    0.1                    0.2     0.4441384162916948                     10
                     61      2.216319907534356      2.590641215502632                    0.1                    0.2     0.4390462060976201                     10
                     62      4.116663569790507      3.454365878663852                    0.1                    0.2     0.4440829652964239                     10
                     63      3.428907895763419      3.521595537678982                    0.1                    0.2      0.420609395510322                     10
                     64       2.72041081878964      3.670592013263673                    0.1                    0.2     0.4352363305460064                     10
                     65      1.421234715725504      3.411147740216586                    0.1                    0.2     0.4357686663968955                     10
                     66      1.535008079439538      2.960922460979447                    0.1                    0.2      0.434127079904207                     10
                     67      1.428455157340536      2.305640506106073                    0.1                    0.2     0.4383195712926599                     10
                     68      1.370235745452265      3.250475640086622                    0.1                    0.2     0.4329924961633378                     10
                     69      1.732016300238019      3.459638723212497                    0.1                    0.2     0.4347352972103166                     10
                     70      1.829642300642677      3.584993279431163                    0.1                    0.2     0.4310751848087202                     10
                     71      1.699202868957545      3.569330482702791                    0.1                    0.2     0.4308813294388406                     10
                     72      1.413682648991069      3.463723059160601                    0.1                    0.2     0.4297001084759413                     10
                     73      1.959498962213729      3.557479662512676                    0.1                    0.2     0.4332236886660328                     10
                     74      1.363807141318506      3.239425778924377                    0.1                    0.2     0.4268021102416348                     10
                     75      2.190571618883884      3.539402900803911                    0.1                    0.2     0.4373053491126599                     10
                     76      1.973548603963287      2.931965758238747                    0.1                    0.2     0.4397919725045565                     10
                     77      1.432389167250931      3.357424348426806                    0.1                    0.2     0.4202647701182954                     10
                     78      1.903761824429851      3.503764984622092                    0.1                    0.2     0.4248270605889551                     10
                     79      2.128352375264744      3.348846498708547                    0.1                    0.2     0.4294426697163652                     10
                     80      2.232430514422271      3.535830152811581                    0.1                    0.2     0.4308194797777373                     10
                     81      2.874379759401985      3.494522849818624                    0.1                    0.2     0.4295627011557898                     10
                     82      2.670680468210151      3.041843693492439                    0.1                    0.2     0.4402141440915797                     10
                     83      2.066980646406838         2.679616041477                    0.1                    0.2     0.4400192392951883                     10
                     84      2.140459707714401      1.746005706172198                    0.1                    0.2     0.4444444444444445                     10
#! FIELDS time abs_dist abs_nh sigma_abs_dist sigma_abs_nh height biasf
#! SET multivariate false
                     85      2.505780920842913      2.939107333528433                    0.1                    0.2     0.4398802252225554                     10
                     86      3.173234497116849       1.42052984965117                    0.1                    0.2     0.4444444444444445                     10
                     87      2.024615196214216      1.352278386596286                    0.1                    0.2     0.4440876162690009                     10
                     88      2.009207872960392       1.81621803285303                    0.1                    0.2     0.4421154658498714                     10
                     89      2.128726597478011      1.448706491761911                    0.1                    0.2     0.4399275493610485                     10
                     90     0.5559496080425612      1.456465196764138                    0.1                    0.2     0.4444444444444445                     10
