#! FIELDS time abs_dist abs_nh sigma_abs_dist sigma_abs_nh height biasf
#! SET multivariate false
                      1      2.790240285308906      3.538492783452025                    0.1                    0.2     0.4444444444444445                     10
                      2      1.593712093433883      3.286928084402134                    0.1                    0.2     0.4444444444444445                     10
                      3      2.712752277819374      2.810465040922219                    0.1                    0.2     0.4444444444444445                     10
                      4      1.973154437629298       2.79632384847245                    0.1                    0.2     0.4444444444444445                     10
                      5      1.987674522509412      2.067044412619276                    0.1                    0.2     0.4444444444444445                     10
                      6       2.01471693692286      2.703432544548488                    0.1                    0.2      0.440440443828566                     10
                      7      1.881858199958395      2.270750185727152                    0.1                    0.2     0.4425071586538953                     10
                      8      1.705401535215317      3.449356332569172                    0.1                    0.2     0.4425798406311763                     10
                      9      1.725306241116509      3.441045546904254                    0.1                    0.2     0.4382430260495412                     10
                     10      2.420733605074179      3.029009539764579                    0.1                    0.2     0.4444068968328057                     10
                     11      4.269622944661835      3.476946317737316                    0.1                    0.2     0.4444444444444445                     10
                     12      3.984056991036081      2.865870861334126                    0.1                    0.2     0.4444444444444445                     10
                     13      3.566393053087467      2.974491522014599                    0.1                    0.2     0.4444444444444445                     10
                     14      2.304856906288951      3.269810281505033                    0.1                    0.2      0.443245974127546                     10
                     15      1.844285143315701      3.519987801163925                    0.1                    0.2     0.4404477089404215                     10
                     16       2.19897573812065      3.116889444166785                    0.1                    0.2     0.4418062887425515                     10
                     17       2.64456469733275       3.18020289217452                    0.1                    0.2     0.4431022379587204                     10
                     18      2.620331407563746      2.651692301108002                    0.1                    0.2     0.4418890765487987                     10
                     19       2.67248733322766       2.39530079420458                    0.1                    0.2     0.4420823117675453                     10
                     20      3.620322681956579      2.254223722067394                    0.1                    0.2     0.4444444444444445                     10
                     21      2.324376559144278      2.518234213625112                    0.1                    0.2     0.4442191753002994                     10
                     22      2.676992786574611       3.26599508256182                    0.1                    0.2     0.4388212385518394                     10
                     23      2.253773754581871       3.08127881599761                    0.1                    0.2     0.4363991469743114                     10
                     24      2.365738664437176      2.829852363151661                    0.1                    0.2     0.4385242890896411                     10
                     25       4.26096813399745      2.754751948490812                    0.1                    0.2     0.4443546084511254                     10
                     26      4.456822496799069      2.291419764390004                    0.1                    0.2     0.4443957893690624                     10
                     27      3.703553876021724      2.168107898868473                    0.1                    0.2     0.4413299142207747                     10
                     28      4.154683277002528      3.136339918059613                    0.1                    0.2     0.4429599043245428                     10
#! FIELDS time abs_dist abs_nh sigma_abs_dist sigma_abs_nh height biasf
#! SET multivariate false
                     29      3.962283314004739      3.497744651533822                    0.1                    0.2     0.4442210926709892                     10
                     30      4.174481235794581      2.524204328956401                    0.1                    0.2     0.4424593815225336                     10
                     31      4.086531113950614      3.449516185971067                    0.1                    0.2     0.4402257569469279                     10
                     32      4.076610317256321      3.291673089296409                    0.1                    0.2     0.4360647970812134                     10
                     33      3.567720693917522      2.567769955062378                    0.1                    0.2     0.4423410049139523                     10
                     34      3.567405188508857      3.549720156838521                    0.1                    0.2     0.4443669520097356                     10
                     35      3.396633194671372      3.406972985963136                    0.1                    0.2     0.4434604980830257                     10
                     36      2.214864877284104      2.601256236394244                    0.1                    0.2     0.4399962436457383                     10
                     37      1.409725319569554      2.424202996703527                    0.1                    0.2     0.4444444444444445                     10
                     38      1.725724493685238      3.497908313464913                    0.1                    0.2     0.4319132753824403                     10
                     39      1.799343482772296      3.502045393509071                    0.1                    0.2      0.429969504207548                     10
                     40      1.819448962060762      3.639731357793895                    0.1                    0.2      0.431206757303597                     10
                     41      1.685250621034228      3.471292366356836                    0.1                    0.2      0.424382703279967                     10
                     42      1.295956488791292      3.228777771649905                    0.1                    0.2     0.4443892331167822                     10
                     43      1.232935078730311      3.289452532239193                    0.1                    0.2     0.4406646529849595                     10
                     44      3.468489492849786      3.215464766801234                    0.1                    0.2      0.439901160379133                     10
                     45      2.921575850978214      2.553768826489986                    0.1                    0.2     0.4440001169976277                     10
                     46      1.876996952335313      3.441801064643098                    0.1                    0.2     0.4298390280166741                     10
                     47      1.615998716566337      3.548867545643767                    0.1                    0.2     0.4298012862775225                     10
                     48      2.088389869440894      2.948302171283724                    0.1                    0.2     0.4373322053034475                     10
                     49      3.382681139575546       3.64708982346058                    0.1                    0.2     0.4410220514883057                     10
                     50      3.417268858920199      3.382147443992463                    0.1                    0.2     0.4337126381445969                     10
                     51      1.586543753303818      3.288367175849516                    0.1                    0.2     0.4313404792000075                     10
                     52      1.800757286441698      3.478703246356399                    0.1                    0.2     0.4157467865260216                     10
                     53      1.750170605602567      3.256419443546258                    0.1                    0.2     0.4241723910434725                     10
                     54      2.078739898337824      3.606753541426529                    0.1                    0.2     0.4431482864895102                     10
                     55      3.890527525778806      2.881481265029791                    0.1                    0.2     0.4410825739930667                     10
                     56      4.024652546505433      3.373486384593593                    0.1                    0.2      0.432300590958629                     10
#! FIELDS time abs_dist abs_nh sigma_abs_dist sigma_abs_nh height biasf
#! SET multivariate false
                     57      4.364918675165047      2.602638678617113                    0.1                    0.2     0.4406548412109854                     10
                     58      3.798287392358067      2.387300171121673                    0.1                    0.2     0.4415475369093588                     10
                     59      4.956524365564404      2.779380160761542                    0.1                    0.2     0.4444444444444445                     10
                     60      3.663168898992954      2.915599036141136                    0.1                    0.2     0.4401517604635872                     10
                     61      4.516531112235091      3.358824617755641                    0.1                    0.2     0.4442512668826498                     10
                     62      3.226309996118738      2.653844473291551                    0.1                    0.2     0.4443903547162911                     10
                     63      2.874528249883681      2.370094839097995                    0.1                    0.2     0.4408069698871263                     10
                     64      3.390693592496564      3.319416050070212                    0.1                    0.2     0.4307979187704283                     10
                     65      3.757604205619082      2.301505026496175                    0.1                    0.2     0.4349496713754225                     10
                     66      3.460577844250976      2.479944395652298                    0.1                    0.2     0.4407465676008337                     10
                     67      3.386458949348198      3.489883079618681                    0.1                    0.2     0.4273919470118351                     10
                     68      3.443220248067823      3.506343872711581                    0.1                    0.2      0.423735892442584                     10
                     69      3.222916220075621      2.355014129434152                    0.1                    0.2     0.4425840882546544                     10
                     70      1.360355321567928       2.35316669936968                    0.1                    0.2     0.4404328597709312                     10
                     71      1.585735738036064      2.488060776681699                    0.1                    0.2     0.4431321991931735                     10
                     72       1.52110539807661       2.43462923252978                    0.1                    0.2      0.436904884314586                     10
                     73      1.515354031034426      2.173760424454528                    0.1                    0.2     0.4391127712038428                     10
                     74      1.555713045069941      2.471491224157538                    0.1                    0.2     0.4319107200415987                     10
                     75       1.39809082247744      2.490029730452416                    0.1                    0.2      0.431506153289821                     10
                     76      1.825765308585247      2.143747119202898                    0.1                    0.2     0.4397196470170402                     10
                     77      2.079235404579503      2.629511470065847                    0.1                    0.2     0.4350576693769367                     10
                     78      1.909569535650442      3.496789591357669                    0.1                    0.2     0.4248499316901782                     10
                     79      3.387319328272073      2.739955982582337                    0.1                    0.2     0.4399292329280167                     10
                     80      3.192940806763647      3.204752739609667                    0.1                    0.2     0.4426089561213409                     10
                     81      3.741210808518524      3.379090145572369                    0.1                    0.2     0.4426059507389062                     10
                     82      3.890105719441824      2.452198853269673                    0.1                    0.2      0.438638732501061                     10
                     83      4.833256064517291      3.088778485029183                    0.1                    0.2     0.4437466255621587                     10
                     84      3.729928067463038      2.542215142009145                    0.1                    0.2     0.4340122576129899                     10
#! FIELDS time abs_dist abs_nh sigma_abs_dist sigma_abs_nh height biasf
#! SET multivariate false
                     85      4.419257691580178       2.86672676308072                    0.1                    0.2     0.4411898906938965                     10
                     86       4.72177726608469      2.458366602388697                    0.1                    0.2     0.4442390709846415                     10
                     87      3.793819700113287      3.015404200162507                    0.1                    0.2     0.4379682709776528                     10
                     88      3.809563146252819      2.775507934231613                    0.1                    0.2     0.4329816975068163                     10
                     89      4.600830115029382      2.990508016973138                    0.1                    0.2     0.4426592963693235                     10
                     90      3.995390923247327      2.633014853094141                    0.1                    0.2     0.4366546859135362                     10
                     91      3.304915494591654      2.590307194902588                    0.1                    0.2     0.4354047663150122                     10
                     92      4.131777513443623      3.571987824316773                    0.1                    0.2     0.4346177813094687                     10
                     93      1.605376411258052      3.435000593373033                    0.1                    0.2     0.4201049116685979                     10
                     94      1.731794053554288      3.459403024833236                    0.1                    0.2     0.4044802127683541                     10
                     95       2.86133211035456      3.488398123637875                    0.1                    0.2     0.4402028959179052                     10
                     96      1.383226114084003      3.023679851262453                    0.1                    0.2     0.4410626419480638                     10
                     97       2.83441263298049      3.028192198529152                    0.1                    0.2     0.4410978685637495                     10
                     98      4.319910674526128      3.406256648065686                    0.1                    0.2     0.4380407487712669                     10
                     99      4.135127630605211      2.686430263166259                    0.1                    0.2     0.4354032143428498                     10
                    100       4.25030213907767      3.439362761284906                    0.1                    0.2     0.4307861389808568                     10
                    101      1.990735393766504      3.668392925904723                    0.1                    0.2     0.4341300867124666                     10
                    102      3.427387084913747      3.256295292408518                    0.1                    0.2     0.4224115057370849                     10
                    103      1.514679786327896        3.3116611347099                    0.1                    0.2     0.4295701811481721                     10
                    104      1.562561262154873      3.457475751547145                    0.1                    0.2     0.4188778102837192                     10
                    105      2.285174752218022      3.368900672207466                    0.1                    0.2      0.436284786302266                     10
                    106      1.821637194759094      2.854201470050213                    0.1                    0.2     0.4412534542409743                     10
                    107      2.227830790121839       2.43568180427431                    0.1                    0.2      0.436696716698145                     10
                    108       2.90812989792605      3.316091160362111                    0.1                    0.2     0.4383703934921379                     10
                    109      2.512208054670661      3.353617854028061                    0.1                    0.2     0.4400139800233711                     10
                    110      3.365555665053966      3.541544006523175                    0.1                    0.2     0.4210043351661173                     10
                    111      3.744852877882402      3.495170017505847                    0.1                    0.2     0.4384112145122525                     10
                    112      2.320766395297273      3.589435189957128                    0.1                    0.2     0.4396968452464007                     10
#! FIELDS time abs_dist abs_nh sigma_abs_dist sigma_abs_nh height biasf
#! SET multivariate false
                    113      1.453432096902519      2.832279071494276                    0.1                    0.2     0.4381379409416045                     10
                    114       3.13881684013845      3.269193074480608                    0.1                    0.2     0.4392580301075247                     10
                    115      2.460286935923256      2.379052232020878                    0.1                    0.2     0.4411930518023149                     10
                    116      1.387132623555232      3.156985109870694                    0.1                    0.2     0.4324589372326648                     10
                    117      2.943069786320055      3.543539699078152                    0.1                    0.2     0.4368494613112987                     10
                    118      2.832729470244839      2.809996792913628                    0.1                    0.2     0.4367289097115177                     10
                    119      2.406204014260471      3.575618850669984                    0.1                    0.2     0.4371403049678688                     10
                    120      2.116182934618118      3.536938283215662                    0.1                    0.2      0.435204160936413                     10
                    121      3.413471641726338      2.327065232516083                    0.1                    0.2     0.4373025329550466                     10
                    122      2.114914633538123      2.553240757100203                    0.1                    0.2     0.4308871272366537                     10
                    123      4.554237189080246      1.566030047062669                    0.1                    0.2     0.4444444444444445                     10
                    124      4.621888694480777      1.609545512647005                    0.1                    0.2     0.4406938190437142                     10
                    125      4.458538000103252      1.541907395766961                    0.1                    0.2     0.4402238809230763                     10
                    126      4.733996134666953      1.527283005869701                    0.1                    0.2     0.4410473844730884                     10
                    127      4.366646745785062      1.745483054960158                    0.1                    0.2     0.4417941902319475                     10
                    128      4.587275230273765       1.63473850215594                    0.1                    0.2     0.4321240277504219                     10
                    129      4.411462297979903      1.628341714465623                    0.1                    0.2     0.4337521308334012                     10
                    130      3.814218180562632      1.479601191559297                    0.1                    0.2     0.4444444444444445                     10
                    131      3.508305978537622      1.878536245420876                    0.1                    0.2     0.4434250379785774                     10
                    132      4.321003070911295      1.475737953762511                    0.1                    0.2      0.438195654942988                     10
                    133      4.080707800397452      1.109453272134738                    0.1                    0.2     0.4443695434965885                     10
                    134      4.557221257025236      1.661386911106756                    0.1                    0.2     0.4264390812993822                     10
                    135      4.478544301056075       1.58044367855386                    0.1                    0.2     0.4225010568052714                     10
                    136      4.296475365629867      1.979001857912114                    0.1                    0.2     0.4410304569139002                     10
                    137      4.231359577123436      1.766335338963037                    0.1                    0.2     0.4381260431409016                     10
                    138      4.174468595784312      1.254387657503209                    0.1                    0.2     0.4408882853420353                     10
                    139       4.71612952769236       1.97599181559071                    0.1                    0.2     0.4420938218363517                     10
                    140      4.057955386799279      1.307544120782962                    0.1                    0.2     0.4388783327913164                     10
#! FIELDS time abs_dist abs_nh sigma_abs_dist sigma_abs_nh height biasf
#! SET multivariate false
                    141      3.220792379781543      1.860127260767352                    0.1                    0.2     0.4440925097638069                     10
                    142      3.336367246104488      2.310808872535788                    0.1                    0.2     0.4337496506260609                     10
                    143      2.373262676635856      3.541027512803023                    0.1                    0.2     0.4305077238362191                     10
                    144      2.457110207394553      2.657916087776837                    0.1                    0.2     0.4359634657177975                     10
                    145      2.697262298725793      2.407322417968925                    0.1                    0.2     0.4355812736367636                     10
                    146      2.638595567199937      3.430441467046663                    0.1                    0.2     0.4347244451250053                     10
                    147       4.63158402465539      2.958291056005256                    0.1                    0.2     0.4384484165364575                     10
                    148      2.693823216234237       3.28272129200201                    0.1                    0.2     0.4283947129581413                     10
                    149      2.336228706637817      3.431930587387491                    0.1                    0.2     0.4242015448036108                     10
                    150      3.462796176476576      3.047278735366797                    0.1                    0.2     0.4298231136951645                     10
                    151      2.786688537980719      2.736119268179405                    0.1                    0.2     0.4309579679210986                     10
                    152      2.712169218271375      2.521915961933224                    0.1                    0.2     0.4281081639162045                     10
                    153      2.197330153806205      3.431830259226325                    0.1                    0.2     0.4275677247000039                     10
                    154      3.059517424799521      2.347675189474734                    0.1                    0.2     0.4405319845652588                     10
                    155      4.521535083525393      3.007349890409257                    0.1                    0.2     0.4348267605081367                     10
                    156      3.454035128142793      2.993604563929178                    0.1                    0.2     0.4275006143035435                     10
                    157      4.098421746603817       2.86999494465883                    0.1                    0.2     0.4325788932688501                     10
                    158      3.880591510376425      2.890815518430611                    0.1                    0.2     0.4278947660594016                     10
                    159       3.86892420501973       3.32969614931537                    0.1                    0.2     0.4340785333912436                     10
                    160      2.177432395790239      2.832554959359076                    0.1                    0.2     0.4290814417966625                     10
                    161      4.122359083188411      3.553038783448499                    0.1                    0.2     0.4266506900542185                     10
                    162      2.902763627424533      2.504176472736271                    0.1                    0.2     0.4308918695587401                     10
                    163      4.264827384600605      2.658628643670483                    0.1                    0.2     0.4308960935905373                     10
                    164      3.764445005871955      2.786409616763359                    0.1                    0.2     0.4265480738677218                     10
                    165      3.811132892655434       2.71725326422724                    0.1                    0.2     0.4214063938064885                     10
                    166      1.455511355978236      2.640087410278699                    0.1                    0.2     0.4283339728074211                     10
                    167      1.918487111388927      2.363869782139076                    0.1                    0.2     0.4351680423696277                     10
                    168      1.345090659997321      2.483321787907183                    0.1                    0.2     0.4283647064062702                     10
#! FIELDS time abs_dist abs_nh sigma_abs_dist sigma_abs_nh height biasf
#! SET multivariate false
                    169      2.245969773311995       3.62165482555426                    0.1                    0.2     0.4269312573928367                     10
                    170      1.618442548610096      2.907987135667827                    0.1                    0.2     0.4378226617900204                     10
                    171      1.433064269243993      3.355581943375916                    0.1                    0.2     0.4290611448681224                     10
                    172      1.337388176458519      3.175686476055624                    0.1                    0.2     0.4267718959882649                     10
                    173      2.192364864819824      3.429917756234355                    0.1                    0.2     0.4209455828653251                     10
                    174       1.43934224547549      3.518198741788821                    0.1                    0.2     0.4304556444399351                     10
                    175      2.140115739233893      2.767024910764211                    0.1                    0.2     0.4230946025886231                     10
                    176      3.442263596932624      2.916856448583612                    0.1                    0.2     0.4258290795578966                     10
                    177      2.975553314749327      3.010492844640662                    0.1                    0.2      0.438356028420759                     10
                    178      3.526483799146619      3.596645666367332                    0.1                    0.2     0.4274459958478731                     10
                    179        3.1825031615181      3.070309306933228                    0.1                    0.2     0.4355224277458928                     10
                    180       1.32587750959627       3.26404663967753                    0.1                    0.2     0.4227381396969735                     10
                    181      1.583742540530218      3.486631165062453                    0.1                    0.2     0.4093926823647611                     10
                    182      1.308110191736545      2.813195919304857                    0.1                    0.2     0.4339879476387833                     10
                    183       1.46356226121462      3.367021628532399                    0.1                    0.2     0.4145066658355432                     10
                    184       3.14964529059812      2.416522476635989                    0.1                    0.2     0.4336054954067556                     10
                    185      1.858407394098009      3.617949392599255                    0.1                    0.2     0.4142875616242384                     10
                    186      2.224841697348253      3.622779308906197                    0.1                    0.2     0.4208292459504764                     10
                    187       3.09027080837873      3.475014053095155                    0.1                    0.2     0.4373703486303988                     10
                    188      1.366319681497299      2.531082052961467                    0.1                    0.2     0.4208815909022599                     10
                    189      1.525066289324277      3.357634093294346                    0.1                    0.2     0.4060028155705089                     10
                    190      1.474832850531347      2.700917357224968                    0.1                    0.2     0.4213838613120116                     10
                    191      1.658159975586128      2.337717938734285                    0.1                    0.2     0.4344164538927203                     10
                    192      2.776218904177105      3.665257818255124                    0.1                    0.2     0.4348844187675924                     10
                    193      4.878984704777475      3.158007472761705                    0.1                    0.2     0.4395594141760742                     10
                    194      4.339660854010154      2.493933417685056                    0.1                    0.2     0.4326226157987348                     10
                    195      4.258568682190082      3.435910850584593                    0.1                    0.2     0.4250338536021561                     10
                    196      3.953644438431182      3.412083673416441                    0.1                    0.2     0.4264231765873571                     10
#! FIELDS time abs_dist abs_nh sigma_abs_dist sigma_abs_nh height biasf
#! SET multivariate false
                    197      3.986226448766351      3.484653536379825                    0.1                    0.2     0.4213865587196988                     10
                    198      3.495651109301489      3.248145232009239                    0.1                    0.2     0.4156468848818078                     10
                    199      2.737660668336338      3.486272637896293                    0.1                    0.2     0.4252159738923073                     10
                    200      2.037971791045692      3.257005535387927                    0.1                    0.2     0.4330824504496825                     10
                    201       2.98542122432313      2.939857226585012                    0.1                    0.2     0.4338851700858883                     10
                    202       4.92057775475823      3.393138955338841                    0.1                    0.2     0.4411734818135741                     10
                    203      3.341754384207287      3.336328472155622                    0.1                    0.2     0.4140267789909491                     10
                    204      4.696689822971225      3.323089184037058                    0.1                    0.2     0.4397594082385021                     10
                    205      3.112942484195178      3.118025810402095                    0.1                    0.2     0.4291849564031803                     10
                    206      3.372625618343861       2.55740349397286                    0.1                    0.2     0.4257565758182332                     10
                    207      1.765735241363508       3.14036589528122                    0.1                    0.2     0.4260342620275019                     10
                    208      1.903720922363499      2.530540348529311                    0.1                    0.2     0.4322506382137413                     10
                    209      2.153642052761936      2.679979168875199                    0.1                    0.2     0.4186121761725723                     10
                    210      3.348140764488353       3.31992902301472                    0.1                    0.2     0.4090465655500568                     10
                    211      3.424878319898711      2.745711675167609                    0.1                    0.2      0.422852621516299                     10
                    212      3.260958050355614      3.087457040527211                    0.1                    0.2     0.4242566320990415                     10
                    213      2.179877951596062       1.95838290061214                    0.1                    0.2     0.4433771528837818                     10
                    214      2.786969697964312      3.548173555747745                    0.1                    0.2     0.4220815502166503                     10
                    215       3.52172399022084      3.209735964226804                    0.1                    0.2     0.4136676145259958                     10
                    216      4.880581486768811       3.06598708550913                    0.1                    0.2     0.4328413035797617                     10
                    217      4.295576216488358      3.281716268926265                    0.1                    0.2     0.4274366834033196                     10
                    218      4.493289324738821       2.74846889036389                    0.1                    0.2     0.4337213756149909                     10
                    219      3.705489541358032      2.825633519412182                    0.1                    0.2     0.4227412104135577                     10
                    220      3.741680983356669      3.518565845291381                    0.1                    0.2     0.4315048852981367                     10
                    221      4.333445614869181      3.521603558316925                    0.1                    0.2     0.4262999319011194                     10
                    222      2.320612840017241      3.065067101772872                    0.1                    0.2     0.4247028700138999                     10
                    223      3.340836312274247      3.490720552454399                    0.1                    0.2     0.4086942280682042                     10
                    224       1.39208656537448      3.060472310427505                    0.1                    0.2     0.4171719743542706                     10
#! FIELDS time abs_dist abs_nh sigma_abs_dist sigma_abs_nh height biasf
#! SET multivariate false
                    225      1.803802212662088      3.401249402477368                    0.1                    0.2     0.4009065923050383                     10
                    226      2.885247366852564      3.642015731841875                    0.1                    0.2     0.4266247514993993                     10
                    227      3.486552090492824      3.477664861068638                    0.1                    0.2     0.4060336424086296                     10
                    228      2.620133835498085       3.00686587424194                    0.1                    0.2     0.4313796062558253                     10
                    229      2.474897127186247      3.555864399676238                    0.1                    0.2     0.4288884661884301                     10
                    230      1.713613212511852      2.845391169443922                    0.1                    0.2      0.434373520057851                     10
                    231      1.740563799152645      3.049205824167756                    0.1                    0.2     0.4239779629489651                     10
                    232       3.14069696693273      2.665512632473262                    0.1                    0.2     0.4323545322440597                     10
                    233      3.633344086294167      2.725582212499103                    0.1                    0.2     0.4238894873383297                     10
                    234      4.814244649184703      2.389378277188231                    0.1                    0.2     0.4408274825161539                     10
                    235      3.498394791593872      2.953039072638653                    0.1                    0.2      0.413247583853811                     10
                    236      1.928808326671463      3.463040204663616                    0.1                    0.2     0.4137179679446251                     10
                    237      2.001637882510802      3.620046249450878                    0.1                    0.2     0.4202766118004228                     10
                    238      2.271387665033134      3.140537909468139                    0.1                    0.2     0.4168463747437427                     10
                    239      4.074409372967728      2.208613114860425                    0.1                    0.2     0.4419891725783475                     10
                    240      5.078404693228297      2.848817107532294                    0.1                    0.2     0.4415516865976921                     10
                    241      4.311176812598379       2.61639227614865                    0.1                    0.2     0.4239912325242005                     10
                    242      2.521576201378396      2.450396556841104                    0.1                    0.2     0.4323435495457709                     10
                    243      2.784769363405748      3.223752515803252                    0.1                    0.2     0.4223808020101286                     10
                    244      2.347926698038828      2.462311391117009                    0.1                    0.2     0.4290221940158884                     10
                    245      2.140636124877576      2.150144204168345                    0.1                    0.2     0.4369919928205555                     10
                    246      1.719962010578833      2.571560280021307                    0.1                    0.2     0.4326700656952306                     10
                    247      1.631886566537872      3.269948389096386                    0.1                    0.2     0.4016909956651271                     10
                    248      1.381100692160187      2.517800271450357                    0.1                    0.2     0.4132967028767212                     10
                    249      1.868722881497443       2.73992348060911                    0.1                    0.2     0.4283109033122814                     10
                    250      2.257512506788221      2.085235812996432                    0.1                    0.2     0.4367246121712608                     10
                    251      3.316661358966836      2.030889784723257                    0.1                    0.2     0.4375792805636091                     10
                    252       2.01437684860189      1.045169006289675                    0.1                    0.2     0.4444444444444445                     10
#! FIELDS time abs_dist abs_nh sigma_abs_dist sigma_abs_nh height biasf
#! SET multivariate false
                    253      2.311288900452181      1.614421677624769                    0.1                    0.2     0.4436913533656444                     10
                    254       2.38473892782518      1.164963548914758                    0.1                    0.2     0.4441487026191579                     10
                    255      4.322518220423396      1.289196158559783                    0.1                    0.2     0.4366859071277229                     10
                    256      4.415367639584423      1.901168219404333                    0.1                    0.2     0.4317610604808873                     10
                    257      3.645283331435237      1.965575900207174                    0.1                    0.2     0.4376263775335787                     10
                    258      4.240544591285988      1.863398282054251                    0.1                    0.2     0.4322685705264148                     10
                    259      1.621830876879305      1.907973113198762                    0.1                    0.2     0.4422820108697214                     10
                    260     0.2760916155323341      1.685525593131941                    0.1                    0.2     0.4444444444444445                     10
