#! FIELDS time abs_dist abs_nh sigma_abs_dist sigma_abs_nh height biasf
#! SET multivariate false
                      1      2.790260814578327      3.538392630375164                    0.1                    0.2     0.4444444444444445                     10
                      2       3.20320803792128      3.490638210493227                    0.1                    0.2     0.4444444444444445                     10
                      3      3.180087790741177      3.425317648008671                    0.1                    0.2     0.4399914774984646                     10
                      4      2.949594718667214      3.528198481359452                    0.1                    0.2     0.4426012654530591                     10
                      5       3.58955904683203      3.128703743370116                    0.1                    0.2     0.4444444444444445                     10
                      6      3.747503727880244      3.194526685773968                    0.1                    0.2     0.4431269985939861                     10
                      7      2.212429877216326      2.500766714824823                    0.1                    0.2     0.4444444444444445                     10
                      8      2.771108129543945      2.904954248237082                    0.1                    0.2     0.4444128655371802                     10
                      9      2.783097481917328      3.617692558978625                    0.1                    0.2     0.4389163071454289                     10
                     10      1.763104331794388      3.239221973870775                    0.1                    0.2     0.4444444444444445                     10
                     11      1.837961535012284      2.288771314244198                    0.1                    0.2     0.4444444444444445                     10
                     12      2.325880745540604      3.473197766760696                    0.1                    0.2     0.4444444444444445                     10
                     13      1.386965648476462      3.395689844383421                    0.1                    0.2     0.4444444444444445                     10
                     14      2.557542190514734      2.515488304592489                    0.1                    0.2     0.4443574930636444                     10
                     15      2.863704186862853      3.214264529610959                    0.1                    0.2     0.4410617050547244                     10
                     16      1.311393728487765      2.591183002300806                    0.1                    0.2     0.4444444444444445                     10
                     17      2.844488985192746      3.454428372940369                    0.1                    0.2     0.4329264774750101                     10
                     18      2.470357275059019      2.856473092768605                    0.1                    0.2     0.4435687131957521                     10
                     19      4.125006795176859      2.646122834198531                    0.1                    0.2     0.4444444444444445                     10
                     20      3.819549545314839      2.685835462645743                    0.1                    0.2      0.444223227062626                     10
                     21      3.771671653820609      2.573224404235268                    0.1                    0.2     0.4407151679652405                     10
                     22      3.694903858963793      3.468118637861782                    0.1                    0.2     0.4421393963748609                     10
                     23      3.328209113357176      3.578516306654905                    0.1                    0.2      0.441232804085022                     10
                     24      2.183150418447263      3.415284833665452                    0.1                    0.2     0.4427687060748832                     10
                     25      1.708469424452147      3.210351073762803                    0.1                    0.2      0.440312829910091                     10
                     26      2.917963447244917      2.713088641522159                    0.1                    0.2      0.443225388680713                     10
                     27       2.92312701236017      2.682759421176193                    0.1                    0.2     0.4387658344996362                     10
                     28      1.866362585432287      3.463802871906255                    0.1                    0.2     0.4422854642939857                     10
#! FIELDS time abs_dist abs_nh sigma_abs_dist sigma_abs_nh height biasf
#! SET multivariate false
                     29       1.92210442352089      3.247667284442537                    0.1                    0.2     0.4401981710861677                     10
                     30      2.693544783088401      3.752460113480575                    0.1                    0.2     0.4395778476355366                     10
                     31      2.601201354614709      3.137652793213496                    0.1                    0.2     0.4426387721555067                     10
                     32      2.245532096393612      3.546964083958511                    0.1                    0.2     0.4380101152931641                     10
                     33      1.501738365853884      3.050965919374547                    0.1                    0.2     0.4433064228342872                     10
                     34      1.816949046216072      2.959733079970858                    0.1                    0.2     0.4404606130321133                     10
                     35       1.42727997071484      2.585252935939137                    0.1                    0.2     0.4417329023164706                     10
                     36      1.416500227191084      2.134398580458649                    0.1                    0.2       0.44386171563527                     10
                     37      3.445445782312792      2.660995698992054                    0.1                    0.2     0.4443116725892274                     10
                     38      1.798715257057959      2.272939801166924                    0.1                    0.2     0.4399789850792942                     10
                     39      2.697280533160378       2.32261727554031                    0.1                    0.2     0.4430989796023806                     10
                     40      4.318175828096192      3.553243525028809                    0.1                    0.2     0.4444444444444445                     10
                     41      4.436975294163991      2.911377559724853                    0.1                    0.2     0.4444150619580946                     10
                     42      2.095963570286168      3.431482683422359                    0.1                    0.2     0.4384858260185936                     10
                     43      1.385932700108195      3.113081142906595                    0.1                    0.2     0.4400416030191617                     10
                     44      1.306988272513465      3.155379725567339                    0.1                    0.2     0.4385710499157955                     10
                     45      2.145766505817985      2.201008214621247                    0.1                    0.2     0.4431341577229291                     10
                     46      2.074020416531068      3.386508267708639                    0.1                    0.2     0.4346288976421934                     10
                     47       2.10591090302113      2.812159759102555                    0.1                    0.2     0.4432964623217259                     10
                     48      1.645642394061337       3.47554598619462                    0.1                    0.2     0.4407266978292812                     10
                     49      1.892449137527432      2.494572736324631                    0.1                    0.2     0.4398550431519949                     10
                     50      3.004763497223848      2.676000062043737                    0.1                    0.2     0.4375969001953598                     10
                     51      2.876131502810118      2.655303399566473                    0.1                    0.2     0.4323937217906146                     10
                     52       1.59368853703128      2.252445805431557                    0.1                    0.2     0.4424271747689602                     10
                     53      1.411893019765251      3.009023617030009                    0.1                    0.2     0.4336370340161186                     10
                     54      2.141404688384049      3.429019008905566                    0.1                    0.2     0.4286735927962297                     10
                     55      1.949945647668496      2.884568014128294                    0.1                    0.2     0.4392605587952195                     10
                     56      2.161549726707844      2.499885122653989                    0.1                    0.2     0.4372329754280661                     10
                     57      3.392733123860069      2.819140889468756                    0.1                    0.2     0.4411599146603055                     10
                     58      2.872903851231702      2.852875231188456                    0.1                    0.2     0.4301964162617113                     10
#! FIELDS time abs_dist abs_nh sigma_abs_dist sigma_abs_nh height biasf
#! SET multivariate false
                     59      2.590889958188072      2.582279032557168                    0.1                    0.2     0.4375577831559379                     10
                     60      2.416576681797012      3.079739887236857                    0.1                    0.2     0.4406392160725625                     10
                     61      2.414341064110029      3.037115456015906                    0.1                    0.2     0.4357450981342827                     10
                     62      3.959306519941542      3.254188090050666                    0.1                    0.2     0.4438272802876779                     10
                     63      4.000355917065637      2.739713728219116                    0.1                    0.2     0.4411207151108394                     10
                     64      2.976981530881992      3.210779415263186                    0.1                    0.2     0.4376799955770233                     10
                     65      1.464009221225486      3.031909874661411                    0.1                    0.2     0.4302105472974543                     10
                     66      1.748979241451378      3.514943586159667                    0.1                    0.2     0.4356144639279266                     10
                     67      2.428447218883231       3.52260781287026                    0.1                    0.2     0.4395901062768132                     10
                     68      1.650872653626723      3.471551277003969                    0.1                    0.2     0.4328621008826751                     10
                     69      1.144183389272838      2.735862775859645                    0.1                    0.2     0.4432122778890552                     10
                     70      2.005069544553775       2.73589220161282                    0.1                    0.2     0.4357089361415775                     10
                     71       1.55520755689508      2.582265963834677                    0.1                    0.2     0.4399114357292677                     10
                     72      1.286455859815209      2.781387595721088                    0.1                    0.2     0.4352985227878224                     10
                     73      1.715413591586659      2.360980858716253                    0.1                    0.2     0.4356765170760925                     10
                     74      1.673948868395741      2.396077472336207                    0.1                    0.2     0.4325107688217403                     10
                     75       1.82208555873323      3.540786640524036                    0.1                    0.2     0.4316790447885683                     10
                     76      1.820628922095617      2.714124628888349                    0.1                    0.2     0.4354594939515924                     10
                     77      1.658061594656749      2.315293410449468                    0.1                    0.2     0.4282437190475878                     10
                     78      1.666165261363638      3.025456158386882                    0.1                    0.2     0.4344402649781892                     10
                     79      2.665994629652672      3.551374343771292                    0.1                    0.2      0.435345516440325                     10
                     80      4.278719763059675      3.252742308893779                    0.1                    0.2     0.4426300496483271                     10
                     81      1.351690460111763      2.689471425924133                    0.1                    0.2     0.4301717412870628                     10
                     82      1.894211987957184      3.553006000540579                    0.1                    0.2     0.4310286607258517                     10
                     83      1.802746682996739      3.485535672333773                    0.1                    0.2     0.4218562861246276                     10
                     84      2.823305800370797      3.436465913634464                    0.1                    0.2     0.4260704727913738                     10
                     85      2.397117484272072      3.398818238389879                    0.1                    0.2     0.4327376213234645                     10
                     86      3.054622162332695      3.183550700645313                    0.1                    0.2     0.4369856249049783                     10
                     87      1.820698275563247       3.17578954367672                    0.1                    0.2     0.4246794359867365                     10
                     88       1.87345991168207      2.798242988131365                    0.1                    0.2     0.4287279693440726                     10
                     89      4.276321917947673      2.726263263635506                    0.1                    0.2     0.4419008726288789                     10
#! FIELDS time abs_dist abs_nh sigma_abs_dist sigma_abs_nh height biasf
#! SET multivariate false
                     90      3.420154826752099      3.493390286468682                    0.1                    0.2     0.4405215786085548                     10
                     91      3.589615717954462      3.078513618896079                    0.1                    0.2     0.4374972375534601                     10
                     92      3.510443257320567        3.6247278059224                    0.1                    0.2     0.4400280744710604                     10
                     93      2.186791660226897      2.667211738194552                    0.1                    0.2     0.4337726712578108                     10
                     94      2.500727747687596      3.202923462958868                    0.1                    0.2     0.4320911855212494                     10
                     95      3.496646830015975      3.576321716431281                    0.1                    0.2     0.4343876556742937                     10
                     96      3.744562580393499      2.569031912005457                    0.1                    0.2     0.4365001959835962                     10
                     97      4.309647769851406      1.625948629607387                    0.1                    0.2     0.4444444444444445                     10
                     98      4.380448465373257      1.529441439057021                    0.1                    0.2     0.4410982307355453                     10
                     99      4.647097886498782       1.51980820095401                    0.1                    0.2     0.4442929283504775                     10
                    100       4.45265826217695       1.52850006534084                    0.1                    0.2     0.4384971127164239                     10
                    101      4.403459300205774      1.716894902234027                    0.1                    0.2     0.4358200283134924                     10
                    102      4.264371443441118      1.308211503849951                    0.1                    0.2     0.4412196122603239                     10
                    103      2.940466668275624      1.549570863776351                    0.1                    0.2     0.4444444444444445                     10
                    104      2.997337367889878      1.414885196581227                    0.1                    0.2     0.4411688475102425                     10
                    105      3.023133299846548      1.462525373707873                    0.1                    0.2     0.4368511737664261                     10
                    106      3.493602657747183       2.18955868353088                    0.1                    0.2     0.4441061483248347                     10
                    107      3.966556269751452      2.987111870917221                    0.1                    0.2     0.4391113586729752                     10
                    108      4.167421764054398      2.753921251144503                    0.1                    0.2     0.4362920320010869                     10
                    109      3.305086018996525      2.940306346569803                    0.1                    0.2     0.4405455276102526                     10
                    110      3.468109125369893      3.442160623049875                    0.1                    0.2     0.4307287121012442                     10
                    111      2.543602494914863      3.013383443635469                    0.1                    0.2     0.4303262159482484                     10
                    112       4.02376796502515      2.762038784773793                    0.1                    0.2     0.4325003952843647                     10
                    113      4.678903747461323      3.092430027972658                    0.1                    0.2     0.4442720233680968                     10
                    114      4.945901529925437      3.254644378711696                    0.1                    0.2     0.4443456926194527                     10
#! FIELDS time abs_dist abs_nh sigma_abs_dist sigma_abs_nh height biasf
#! SET multivariate false
                    115      3.023451207602477      3.331420736429694                    0.1                    0.2     0.4304619080200527                     10
                    116      2.876553363831974      3.511609726722245                    0.1                    0.2     0.4223565313299552                     10
                    117       2.54666116842497      2.398440460424832                    0.1                    0.2     0.4358363274149417                     10
                    118      2.678596033425597      3.420141390034451                    0.1                    0.2     0.4292214646381163                     10
                    119      3.143146020438263       2.24315095539362                    0.1                    0.2     0.4441800954824343                     10
                    120      2.931729476817649      2.517843764792109                    0.1                    0.2     0.4308291542730697                     10
                    121      2.675398610614385      3.217753117898477                    0.1                    0.2     0.4298466316741081                     10
                    122      2.878599314662614      2.667894600058742                    0.1                    0.2     0.4214791006557603                     10
                    123      1.646711700043078      2.374097208991544                    0.1                    0.2     0.4238997918423907                     10
                    124      3.245141848381492      2.800489793798719                    0.1                    0.2     0.4386862742468248                     10
                    125      2.393383468204222      3.071101693789278                    0.1                    0.2     0.4267765726737943                     10
                    126      3.002427145475322      2.939018364507175                    0.1                    0.2     0.4294768819655846                     10
                    127      3.244110662044523      2.749838372078524                    0.1                    0.2     0.4346053704289663                     10
                    128      1.803710573081471      3.073271636539007                    0.1                    0.2     0.4218675544382582                     10
                    129       1.80482921481139      3.551121749953756                    0.1                    0.2     0.4187285036165578                     10
                    130      4.310062029557633      2.949001433017194                    0.1                    0.2     0.4369941808618154                     10
                    131      2.920475695102856      3.486266705528991                    0.1                    0.2     0.4197632269240256                     10
                    132      2.833187686086686      3.429626219119116                    0.1                    0.2     0.4123993548240061                     10
                    133      2.138172439624641      2.137732453004179                    0.1                    0.2     0.4380324224730975                     10
                    134      2.329102846037702      2.943259742637042                    0.1                    0.2     0.4313185099219378                     10
                    135      3.633495571540462       2.31872125659757                    0.1                    0.2     0.4406227377978658                     10
                    136      4.253748597824067      2.376541669990925                    0.1                    0.2     0.4418443497215022                     10
                    137      3.440892769224932      3.309379851917622                    0.1                    0.2      0.431141898994995                     10
                    138      4.152377157189026      3.480325967523198                    0.1                    0.2     0.4416903131499926                     10
                    139      2.966983251095193      3.519408301263676                    0.1                    0.2     0.4195123165951824                     10
                    140      2.452715399049294      2.863120109308847                    0.1                    0.2     0.4244267505291568                     10
                    141      2.748127433750746      3.167845800047748                    0.1                    0.2      0.424953835787015                     10
                    142      3.673986267849924      2.821771205033984                    0.1                    0.2     0.4363182906985628                     10
                    143      4.110592745833207      3.523294433269048                    0.1                    0.2     0.4384628306495922                     10
                    144      3.379934296381866      3.314322443276333                    0.1                    0.2     0.4289721218646844                     10
                    145      2.539435290471078      3.185761747379777                    0.1                    0.2     0.4207306054487289                     10
                    146      2.338798609898704      2.603267765893623                    0.1                    0.2     0.4351281958483419                     10
#! FIELDS time abs_dist abs_nh sigma_abs_dist sigma_abs_nh height biasf
#! SET multivariate false
                    147      2.555784837920645      3.410281293009147                    0.1                    0.2     0.4256877533895957                     10
                    148      3.369224640770637      2.812899409905523                    0.1                    0.2     0.4290901066507936                     10
                    149      3.591369881300625      2.661195058321691                    0.1                    0.2     0.4349484790733709                     10
                    150      2.922911533301588      2.320429449805619                    0.1                    0.2     0.4363993461413998                     10
                    151      3.517375387097755      2.841741501842699                    0.1                    0.2     0.4300051939127202                     10
                    152      4.886818429575182      2.077892612171487                    0.1                    0.2     0.4444444444444445                     10
                    153      3.647897915602718      2.189161188812759                    0.1                    0.2     0.4379375491909745                     10
                    154      4.746252460422411      3.543767457016067                    0.1                    0.2     0.4439096483714957                     10
                    155      4.806805108828486      2.308799789228593                    0.1                    0.2     0.4426403711176433                     10
                    156      4.012807521095826      3.210076896647573                    0.1                    0.2     0.4353410789234082                     10
                    157      3.760679158187948      3.231636663177998                    0.1                    0.2     0.4342325123890263                     10
                    158      4.252120963309459      2.431195382432635                    0.1                    0.2     0.4358508710566932                     10
                    159      3.209529742358998      3.025040920361228                    0.1                    0.2     0.4325870146199844                     10
                    160      3.508167550021661      2.934219507141966                    0.1                    0.2      0.425877272140378                     10
                    161       3.02808140225532      3.104575465395873                    0.1                    0.2     0.4242857537261305                     10
                    162      5.003787851482134      3.131622177624952                    0.1                    0.2     0.4410193977439641                     10
                    163       3.78145559718426      3.268902836682533                    0.1                    0.2     0.4306517532418703                     10
                    164       3.76019675886922      3.246253687099403                    0.1                    0.2     0.4252834533570322                     10
                    165      2.909619078586077      3.413309817839911                    0.1                    0.2     0.4066720374360199                     10
                    166      4.440650816397516      2.732959372976734                    0.1                    0.2     0.4381782204145081                     10
#! FIELDS time abs_dist abs_nh sigma_abs_dist sigma_abs_nh height biasf
#! SET multivariate false
                    167       4.52126032863495       2.65315793436268                    0.1                    0.2     0.4391489827723095                     10
                    168      4.004035063380933      3.434338427796781                    0.1                    0.2     0.4339066412091491                     10
                    169      4.277534546796661      3.014947636626332                    0.1                    0.2      0.432469297494065                     10
                    170      4.081027653729865      3.045415784685843                    0.1                    0.2     0.4311025304868892                     10
                    171      4.746383848913572      3.565101290027776                    0.1                    0.2     0.4392086689523593                     10
                    172      3.984706141476868      3.595972093643252                    0.1                    0.2     0.4357991136444238                     10
                    173      4.664853253016878       3.13135784482234                    0.1                    0.2     0.4385911092095984                     10
                    174      4.917363844519865      2.456905937233815                    0.1                    0.2     0.4416814187744555                     10
                    175      4.218335115014787      2.785383782301107                    0.1                    0.2     0.4254105767404353                     10
                    176      4.477207297882749      3.387017766690523                    0.1                    0.2     0.4416583229704932                     10
                    177      1.918481401087566      2.948371158280672                    0.1                    0.2     0.4236197842774367                     10
                    178      1.622910171734506      2.750106738627505                    0.1                    0.2     0.4332072787844803                     10
                    179      1.513238736106723      2.306937881908533                    0.1                    0.2     0.4302707403390337                     10
                    180      2.473350214842729      3.316406552255015                    0.1                    0.2     0.4179357956863397                     10
                    181      1.703925670780283      2.530479872442025                    0.1                    0.2     0.4221215658874732                     10
                    182      1.814005012865111      3.449608617985378                    0.1                    0.2     0.4109845469960908                     10
                    183      1.785211494107565       3.46166397438077                    0.1                    0.2     0.4072305088087723                     10
                    184       1.60479614168144       3.46907423003972                    0.1                    0.2     0.4276328269871731                     10
                    185       2.31485248203542      3.561136991191159                    0.1                    0.2      0.427337480262675                     10
                    186      2.143661429220429      2.695760602681047                    0.1                    0.2     0.4272595615125927                     10
                    187       1.73313429024841      3.586967789271145                    0.1                    0.2     0.4128396242202912                     10
#! FIELDS time abs_dist abs_nh sigma_abs_dist sigma_abs_nh height biasf
#! SET multivariate false
                    188      2.174759865236312      3.451102236419669                    0.1                    0.2      0.422243321417472                     10
                    189      1.824098685228624      3.527909944087721                    0.1                    0.2     0.4032157093341134                     10
                    190      2.105468432242295      2.024979187846256                    0.1                    0.2      0.437068058627664                     10
                    191      3.413702995525072      3.613477702387641                    0.1                    0.2     0.4248119612990774                     10
                    192      2.537264569996641      2.649957294565233                    0.1                    0.2      0.427310356051282                     10
                    193      2.918236522199837      3.556417900507973                    0.1                    0.2     0.4085035562827343                     10
#! FIELDS time abs_dist abs_nh sigma_abs_dist sigma_abs_nh height biasf
#! SET multivariate false
                    194      3.411416498632299      3.280239063857619                    0.1                    0.2     0.4219782565617081                     10
                    195      2.414191508362862      2.659433954469009                    0.1                    0.2     0.4261479285042588                     10
                    196      1.682154846295094      3.253457337492162                    0.1                    0.2     0.4138095466247386                     10
                    197      2.592662393152759       3.00108981324963                    0.1                    0.2     0.4193286718536549                     10
                    198      4.113049115240018      3.612052011493951                    0.1                    0.2     0.4312811220739235                     10
                    199      3.483456624960424      2.849881197371352                    0.1                    0.2     0.4205796144889984                     10
#! FIELDS time abs_dist abs_nh sigma_abs_dist sigma_abs_nh height biasf
#! SET multivariate false
                    200      2.990027318636631      3.063886627456346                    0.1                    0.2     0.4184710730496182                     10
                    201      3.530796318337895      3.639976268917382                    0.1                    0.2     0.4257190185400478                     10
                    202      2.862189171797798      2.551895301155032                    0.1                    0.2     0.4204153176652585                     10
                    203      2.683300147647223      2.769677125440335                    0.1                    0.2     0.4285884451820138                     10
                    204      3.711086641894111      3.403114350072769                    0.1                    0.2     0.4252557101414283                     10
#! FIELDS time abs_dist abs_nh sigma_abs_dist sigma_abs_nh height biasf
#! SET multivariate false
                    205      2.764201247215659      3.140003315393167                    0.1                    0.2     0.4181513175063232                     10
                    206      2.244233793917304      3.575220183496294                    0.1                    0.2     0.4214834386487634                     10
                    207      2.177118389062457      3.052032715164471                    0.1                    0.2     0.4332878126573431                     10
                    208      1.967610754680108      3.430949501619154                    0.1                    0.2     0.4196915434360693                     10
                    209       1.47028309617609      3.106202353201401                    0.1                    0.2     0.4236350198812342                     10
                    210      2.957271828455555      3.021067274960327                    0.1                    0.2     0.4139758599212323                     10
#! FIELDS time abs_dist abs_nh sigma_abs_dist sigma_abs_nh height biasf
#! SET multivariate false
                    211       1.70672973808716      3.458339618665352                    0.1                    0.2     0.4010543155168116                     10
                    212      2.114342127253803      3.336012912750503                    0.1                    0.2     0.4182812020235285                     10
                    213      1.762161057723702      3.518631297728093                    0.1                    0.2     0.3936786032037765                     10
                    214      1.949550611254768      3.009451876307344                    0.1                    0.2     0.4206379874750604                     10
                    215      1.466890832037956      2.174992837309524                    0.1                    0.2     0.4321440005534785                     10
                    216      1.914420531335429      2.951026489641146                    0.1                    0.2     0.4141160158272976                     10
#! FIELDS time abs_dist abs_nh sigma_abs_dist sigma_abs_nh height biasf
#! SET multivariate false
                    217      1.940702374733299      3.040351637921733                    0.1                    0.2     0.4120280506025323                     10
                    218      4.047164362806475      3.467913637138041                    0.1                    0.2        0.4230726853766                     10
                    219      3.442267559841132      3.414139119532526                    0.1                    0.2     0.4121547756282692                     10
                    220      4.518032445372064      1.416017610648897                    0.1                    0.2     0.4365051752282346                     10
                    221      2.895479034310712      1.632700720351326                    0.1                    0.2     0.4374166438591136                     10
                    222       3.74374741467647      1.318779525953772                    0.1                    0.2     0.4444444444444445                     10
                    223      3.769080642781087      1.982643829421433                    0.1                    0.2     0.4424295532543038                     10
#! FIELDS time abs_dist abs_nh sigma_abs_dist sigma_abs_nh height biasf
#! SET multivariate false
                    224      4.374508621862455      1.832733806700575                    0.1                    0.2     0.4353556645399762                     10
                    225      4.036190916162166      1.460184237489467                    0.1                    0.2     0.4440313175604595                     10
                    226      3.558151589105496      1.645961404828725                    0.1                    0.2     0.4439006265766656                     10
                    227      2.968217894241542      1.359457743994521                    0.1                    0.2     0.4321789544209907                     10
                    228      4.422026196080484      1.818554319411914                    0.1                    0.2     0.4309365172707734                     10
#! FIELDS time abs_dist abs_nh sigma_abs_dist sigma_abs_nh height biasf
#! SET multivariate false
                    229      4.326420155098061      1.585202908922853                    0.1                    0.2       0.42564236608102                     10
                    230      3.862334855831111      1.975967932313379                    0.1                    0.2     0.4408561873750844                     10
                    231      4.075350749664574      1.370502902104921                    0.1                    0.2      0.439346204986527                     10
                    232        4.3718640882601      1.682394398673229                    0.1                    0.2     0.4189364502478123                     10
                    233      4.063173098762004      1.835566578846457                    0.1                    0.2     0.4424406963297692                     10
                    234      4.338658522243623      1.455430870064293                    0.1                    0.2     0.4223270608614352                     10
#! FIELDS time abs_dist abs_nh sigma_abs_dist sigma_abs_nh height biasf
#! SET multivariate false
                    235       4.09089241823896       1.45805383487164                    0.1                    0.2     0.4335960702662943                     10
                    236      4.434495443534837      1.986947080758247                    0.1                    0.2     0.4335316885726718                     10
                    237      4.422548333386503      1.552210305897531                    0.1                    0.2     0.4144372610948041                     10
                    238      4.628219369016092      1.380895049316471                    0.1                    0.2     0.4365694325874895                     10
                    239      4.202835809849306      1.902954908216664                    0.1                    0.2     0.4371336654989442                     10
                    240      4.220819858661581      1.609697237136028                    0.1                    0.2     0.4250151763955315                     10
#! FIELDS time abs_dist abs_nh sigma_abs_dist sigma_abs_nh height biasf
#! SET multivariate false
                    241      4.269115905214075       1.58571731628604                    0.1                    0.2     0.4145154771874101                     10
                    242      3.085005051958333      1.419141920450299                    0.1                    0.2      0.433357712413904                     10
                    243      1.780150306739151      1.817808471157184                    0.1                    0.2     0.4434632075258422                     10
                    244      2.468992173186744      1.285697871493978                    0.1                    0.2     0.4444444444444445                     10
                    245      2.112253423605796      1.846301253494783                    0.1                    0.2     0.4386808122936945                     10
#! FIELDS time abs_dist abs_nh sigma_abs_dist sigma_abs_nh height biasf
#! SET multivariate false
                    246      2.067547446683906      1.482403755705565                    0.1                    0.2     0.4434698457250221                     10
                    247      2.127504234115674      1.424048671052535                    0.1                    0.2     0.4400216119292319                     10
                    248      2.095063116552975      1.933044242267264                    0.1                    0.2      0.431030158727754                     10
                    249      1.137911119941145      1.981536583400967                    0.1                    0.2     0.4443463107379089                     10
                    250      2.201723536343085      1.453588749075519                    0.1                    0.2     0.4381632423069801                     10
#! FIELDS time abs_dist abs_nh sigma_abs_dist sigma_abs_nh height biasf
#! SET multivariate false
                    251      2.010753912218692      1.627043860871305                    0.1                    0.2     0.4360358698203929                     10
                    252      1.599150732590846      1.548862209934154                    0.1                    0.2     0.4440268367569554                     10
                    253      1.385275868003527      2.061844357135436                    0.1                    0.2     0.4353481436371694                     10
                    254      3.945152730922095      1.407551855541562                    0.1                    0.2     0.4368137509885389                     10
                    255      2.419984169393888       1.47985003299017                    0.1                    0.2      0.441260132195484                     10
#! FIELDS time abs_dist abs_nh sigma_abs_dist sigma_abs_nh height biasf
#! SET multivariate false
                    256       2.12106745572332      1.588480885346842                    0.1                    0.2     0.4286404920765721                     10
                    257      2.152732717582223      1.727291146452912                    0.1                    0.2     0.4266788249750222                     10
                    258      2.101354854181118      1.685190300288376                    0.1                    0.2     0.4205440593241641                     10
                    259       2.99106301522747      1.770463985573431                    0.1                    0.2     0.4360646405887213                     10
                    260      2.358237457707316      2.491028072179564                    0.1                    0.2     0.4301986795244459                     10
                    261      4.442716830077363      3.426190235458079                    0.1                    0.2     0.4365369446011541                     10
#! FIELDS time abs_dist abs_nh sigma_abs_dist sigma_abs_nh height biasf
#! SET multivariate false
                    262       2.45618206935892      1.972960949306053                    0.1                    0.2     0.4435137685459541                     10
                    263      2.170509648509591      2.037575722621569                    0.1                    0.2     0.4244140147076578                     10
                    264      2.182938717323203      1.842758119325581                    0.1                    0.2     0.4205904808922606                     10
                    265     0.3589127808588326      1.396403616726531                    0.1                    0.2     0.4444444444444445                     10
                    266     0.0743353937490574    0.09628543059080741                    0.1                    0.2     0.4444444444444445                     10
                    267    0.02130807916631317     0.1113052142925599                    0.1                    0.2     0.4402635448382626                     10
