#! FIELDS time abs_dist abs_nh sigma_abs_dist sigma_abs_nh height biasf
#! SET multivariate false
                      1      2.790267249360122      3.538380383950554                    0.1                    0.2     0.4444444444444445                     10
                      2      3.069418246598778      3.526196498492931                    0.1                    0.2     0.4443461282918492                     10
                      3      3.108864888655277      3.488140617032554                    0.1                    0.2     0.4400330186622552                     10
                      4      2.320007367352753      3.554324325023709                    0.1                    0.2     0.4444444444444445                     10
                      5      1.907934197153388      2.903139243998203                    0.1                    0.2     0.4444444444444445                     10
                      6      1.526448615173288      2.951679208918498                    0.1                    0.2     0.4444444444444445                     10
                      7      1.776548418301587      3.619787152712575                    0.1                    0.2     0.4444444444444445                     10
                      8      1.610055900108215      3.463239155582953                    0.1                    0.2     0.4434232960888654                     10
                      9      1.860595212921026      2.793495449666091                    0.1                    0.2     0.4407170662198477                     10
                     10      1.316386713167078      2.863548697126577                    0.1                    0.2     0.4439602502464836                     10
                     11      3.815832842774977      2.455615678017404                    0.1                    0.2     0.4444444444444445                     10
                     12      4.320286975604523      2.751119546603106                    0.1                    0.2     0.4444444444444445                     10
                     13      4.630907210124275      3.555540213295965                    0.1                    0.2     0.4444444444444445                     10
                     14      4.145060952644579      2.570522068742619                    0.1                    0.2     0.4437320828017113                     10
                     15      3.804040216048767      2.524464385915743                    0.1                    0.2       0.43991574058825                     10
                     16      3.469972827965281      3.664416777207452                    0.1                    0.2     0.4444444444444445                     10
                     17      4.702177156288239      3.440573403530137                    0.1                    0.2     0.4412675910200698                     10
                     18      3.592909309120837      3.520224131516731                    0.1                    0.2       0.44269180073123                     10
                     19      2.158225062712362      3.564460607199885                    0.1                    0.2      0.443138101255989                     10
                     20      1.402817220290172      2.872101574022614                    0.1                    0.2     0.4390606913650554                     10
                     21      1.528432282675896      2.391748577431335                    0.1                    0.2     0.4441949551687245                     10
                     22      3.013389881057743      3.627909787396639                    0.1                    0.2     0.4381016670244611                     10
                     23      2.605047362898214       2.42176516520432                    0.1                    0.2     0.4444444444444445                     10
                     24      2.153060837189601      2.449415006110905                    0.1                    0.2     0.4444109119206479                     10
                     25      3.328272208305912      3.350725945438065                    0.1                    0.2     0.4433547420717049                     10
                     26      2.287183979137438      3.398514063906134                    0.1                    0.2     0.4395876847772636                     10
                     27      2.727963166308941      2.818825084374089                    0.1                    0.2     0.4441271153400189                     10
                     28      3.829040456607701      2.325942820902277                    0.1                    0.2     0.4377426338193408                     10
#! FIELDS time abs_dist abs_nh sigma_abs_dist sigma_abs_nh height biasf
#! SET multivariate false
                     29       2.94658033564265      3.472354079512812                    0.1                    0.2     0.4368506037047074                     10
                     30      2.695481383274687      3.461065702726558                    0.1                    0.2     0.4413327685247093                     10
                     31      3.721312939639903       2.88747901673748                    0.1                    0.2     0.4434217459860559                     10
                     32      4.001607809411525      2.679572607432231                    0.1                    0.2     0.4416867098230214                     10
                     33      4.464537475396892      2.692791351269086                    0.1                    0.2     0.4427814719214179                     10
                     34       3.19097458065368      3.544488915617575                    0.1                    0.2     0.4365247008370147                     10
                     35       1.33226332211329      3.015650048448054                    0.1                    0.2     0.4373348711173249                     10
                     36       1.68812284012155      2.891812691423056                    0.1                    0.2     0.4416027477815949                     10
                     37      1.981656357270681      2.871794621284062                    0.1                    0.2     0.4385102394609965                     10
                     38       2.11629160044109      3.514440848204695                    0.1                    0.2     0.4386295399280925                     10
                     39      2.743090168222116       3.47150358774623                    0.1                    0.2     0.4354044491341192                     10
                     40      2.336180448585138      2.558992876244862                    0.1                    0.2     0.4435618854739872                     10
                     41      3.038380583339511      3.552063182404181                    0.1                    0.2     0.4276133029629022                     10
                     42      2.873574139129226      3.473389985234737                    0.1                    0.2     0.4312688071494946                     10
                     43      1.785366354422983      2.698933056498251                    0.1                    0.2     0.4374058691049209                     10
                     44      3.416656588844078      3.519525548670964                    0.1                    0.2     0.4375263952787488                     10
                     45        3.7148775003131      3.518769914629563                    0.1                    0.2     0.4418821176313289                     10
                     46      1.837364288017965      2.284152680949457                    0.1                    0.2     0.4436483850543994                     10
                     47      2.318353196240257      3.080015098557944                    0.1                    0.2     0.4425720380378653                     10
                     48       1.94348506317438       3.43445357556746                    0.1                    0.2     0.4420151596017962                     10
                     49      1.616813301793125      3.364045514985189                    0.1                    0.2     0.4389350058989226                     10
                     50      1.859839413809676      3.569919187420421                    0.1                    0.2     0.4378915711484141                     10
                     51      2.169568055683635      3.397782085982548                    0.1                    0.2     0.4332656871164728                     10
                     52      2.624150529828288      2.364855283040979                    0.1                    0.2     0.4396359090212537                     10
                     53      1.610374845984988      2.246985723697099                    0.1                    0.2     0.4413280056458982                     10
                     54      2.281097703816296      2.442702272272718                    0.1                    0.2     0.4387692972939846                     10
                     55      1.679168502956748      3.406754584372765                    0.1                    0.2     0.4342208352607692                     10
                     56      2.263519229148694      3.324636101388661                    0.1                    0.2     0.4309414330041491                     10
#! FIELDS time abs_dist abs_nh sigma_abs_dist sigma_abs_nh height biasf
#! SET multivariate false
                     57      2.485144677442754      2.549001071053996                    0.1                    0.2     0.4390858518964447                     10
                     58      3.529844116807279      3.539746394576705                    0.1                    0.2     0.4335151494066657                     10
                     59      3.204104869422174      3.499508306553885                    0.1                    0.2     0.4307903857836023                     10
                     60      4.028675627648211       2.90989727781361                    0.1                    0.2     0.4412882340772639                     10
                     61      4.267184627549176      2.574360012773332                    0.1                    0.2     0.4385680632693963                     10
                     62      4.900706984887504      3.042288630694271                    0.1                    0.2     0.4443520975695402                     10
                     63      4.989431931416043      2.887554762436476                    0.1                    0.2      0.442026684853462                     10
                     64       3.43402458539432      3.385371541111531                    0.1                    0.2      0.432542846481457                     10
                     65      4.379237777104512      3.489606553422885                    0.1                    0.2     0.4442256140621618                     10
                     66      3.668221545658296      3.615228491016929                    0.1                    0.2     0.4347670718986931                     10
                     67      3.314325132674917      2.250416032878738                    0.1                    0.2     0.4444444444444445                     10
                     68      2.814958755340792      2.361880846156014                    0.1                    0.2     0.4429009062537776                     10
                     69      2.215529926479515      3.604226431202331                    0.1                    0.2     0.4288997695216609                     10
                     70      1.584669526345311      3.195958514805079                    0.1                    0.2     0.4343260763452482                     10
                     71      1.319913839898938      3.452219044711285                    0.1                    0.2       0.44368127965253                     10
                     72      1.548140324597839       2.65031265092113                    0.1                    0.2     0.4379162985319976                     10
                     73       1.54733668822298      2.706879994999771                    0.1                    0.2     0.4328030841110345                     10
                     74      1.277374683013807      2.961390441809998                    0.1                    0.2     0.4341070594657969                     10
                     75      1.906361657461308       3.23667627081482                    0.1                    0.2     0.4371896993432059                     10
                     76      2.859066277052468      3.583323791528303                    0.1                    0.2     0.4280441591696044                     10
                     77      2.947873616444931      3.172781863135319                    0.1                    0.2      0.439016078130319                     10
                     78      3.567198287475149       3.17104708832068                    0.1                    0.2     0.4397444249609243                     10
                     79      2.471594163067818      2.964843776283083                    0.1                    0.2     0.4419343720531478                     10
                     80      2.145420606741333      2.783379801193159                    0.1                    0.2     0.4404255469582663                     10
                     81      3.441338885289537      3.179452428358584                    0.1                    0.2     0.4352926119177915                     10
                     82      1.436320258563409      3.435269891067906                    0.1                    0.2     0.4383827812068327                     10
                     83      3.036989473767538      3.113765210562099                    0.1                    0.2     0.4382693588578946                     10
                     84      2.214513566177804      3.358955796736056                    0.1                    0.2     0.4231943093677301                     10
#! FIELDS time abs_dist abs_nh sigma_abs_dist sigma_abs_nh height biasf
#! SET multivariate false
                     85      3.133066655886536      3.580498277532284                    0.1                    0.2     0.4226514441288583                     10
                     86      2.807757234265722      3.488095146704203                    0.1                    0.2     0.4231387725387405                     10
                     87      3.927914450334753      3.534960301176949                    0.1                    0.2     0.4437584871416471                     10
                     88       2.84262400870785      2.952229967217704                    0.1                    0.2     0.4397616299392368                     10
                     89      2.876375029016437      2.822760532053984                    0.1                    0.2      0.437574525032051                     10
                     90      2.319843899464618      3.577748833167137                    0.1                    0.2     0.4278234328083135                     10
                     91      2.739491633461191      3.496922329963697                    0.1                    0.2     0.4232041564525349                     10
                     92      2.361214799359607      2.278344312992224                    0.1                    0.2     0.4386296592358196                     10
                     93      1.935071606955989       2.73823388136676                    0.1                    0.2     0.4315555212066994                     10
                     94      2.302183062624918      3.488917318156564                    0.1                    0.2     0.4190165647947083                     10
                     95       2.67613346793998      3.449372998116612                    0.1                    0.2     0.4267882909275864                     10
                     96      2.647730965750988      2.696717615506866                    0.1                    0.2     0.4363894916768005                     10
                     97      3.890687131956756      2.686827886005174                    0.1                    0.2      0.435062034168791                     10
                     98      4.950666021952899      3.194723921412011                    0.1                    0.2     0.4397903639223268                     10
                     99      4.309550690839283      3.277584743769217                    0.1                    0.2     0.4420847184196973                     10
                    100      2.794806587757053      3.393998638758534                    0.1                    0.2     0.4162936055715876                     10
                    101      4.933083894666074      2.904288739483993                    0.1                    0.2     0.4351713138633678                     10
                    102      3.361621916693712      3.478718201348165                    0.1                    0.2     0.4263215661346533                     10
                    103      4.375691810499001      3.589425874125403                    0.1                    0.2     0.4388530871443485                     10
                    104      4.413608214900743       2.31720774354072                    0.1                    0.2     0.4426468538470384                     10
                    105      3.470274582193636      3.598401621200337                    0.1                    0.2     0.4232357475503939                     10
                    106      4.312202812584253      3.602607291958527                    0.1                    0.2     0.4360040632582116                     10
                    107      2.625220271877443      2.748238283119894                    0.1                    0.2     0.4328386138996925                     10
                    108      3.538742360472375      2.635125937177683                    0.1                    0.2     0.4435493032081585                     10
                    109      2.003631247262617      3.543074073836645                    0.1                    0.2     0.4321934381073483                     10
#! FIELDS time abs_dist abs_nh sigma_abs_dist sigma_abs_nh height biasf
#! SET multivariate false
                    110      1.489921977638826      2.276814073743421                    0.1                    0.2     0.4372023364608307                     10
                    111      1.754064849537673      2.612206665085462                    0.1                    0.2     0.4331365143516037                     10
                    112       2.10305055585909      3.003022433284996                    0.1                    0.2     0.4360062097613738                     10
                    113      3.276860708485854      3.174308541623255                    0.1                    0.2     0.4354455622636818                     10
                    114      4.031260560547866      3.414257862491407                    0.1                    0.2     0.4417099747358771                     10
                    115      4.560079217847445      3.399235880686231                    0.1                    0.2     0.4382761407402718                     10
                    116      4.153063691749035      3.447787004635418                    0.1                    0.2     0.4391442017378126                     10
                    117      3.835448187012632      3.011633898488435                    0.1                    0.2     0.4395759921996936                     10
                    118      2.378290018605219      3.571994229123797                    0.1                    0.2     0.4271796715592368                     10
                    119      2.140572113223833      2.981883861007999                    0.1                    0.2     0.4319782983005249                     10
                    120      1.283195432834138      3.201293001772591                    0.1                    0.2     0.4347976995895217                     10
                    121      2.921344427596944      2.963475501198862                    0.1                    0.2      0.431663538301103                     10
                    122      2.977733359638774       2.73352923891852                    0.1                    0.2     0.4372618139001359                     10
                    123        1.5857137394635      3.287427774403253                    0.1                    0.2     0.4272292045882748                     10
                    124      1.570037136766649      3.459915589751017                    0.1                    0.2     0.4259690908434073                     10
                    125      1.738850856046284      3.432466200596533                    0.1                    0.2     0.4272839791440841                     10
                    126      1.664224907654304      3.132843164214548                    0.1                    0.2     0.4267666688742882                     10
                    127      1.646366103103355      3.379358222055758                    0.1                    0.2     0.4154137322793616                     10
                    128      1.857091140393768      3.520470556412103                    0.1                    0.2     0.4266118494238975                     10
                    129      3.057843062695449      3.421682147378274                    0.1                    0.2      0.417717288258138                     10
                    130      1.918506131233547      2.381356196124504                    0.1                    0.2     0.4380384223526684                     10
                    131      1.809525504687294      3.435442854162081                    0.1                    0.2     0.4209023841083705                     10
                    132      3.089103436229923      3.584103978206357                    0.1                    0.2     0.4137086725493515                     10
                    133      3.400942280415118      3.646276713230133                    0.1                    0.2     0.4233195611827556                     10
                    134       2.47255428090822      3.410089077581708                    0.1                    0.2     0.4354716073460874                     10
                    135      1.686773907071971      3.449865981020517                    0.1                    0.2     0.4120141910129917                     10
                    136      2.610633153019047      3.224472968326394                    0.1                    0.2     0.4348365203083645                     10
                    137      2.669648948893883      2.127967373724041                    0.1                    0.2     0.4398844377623889                     10
#! FIELDS time abs_dist abs_nh sigma_abs_dist sigma_abs_nh height biasf
#! SET multivariate false
                    138       2.90203188567687      3.474460293348669                    0.1                    0.2     0.4120622573670243                     10
                    139      1.971097493823781      1.937947770743634                    0.1                    0.2     0.4436112818555973                     10
                    140      2.148973645801894      2.374823104624142                    0.1                    0.2     0.4358338522669831                     10
                    141      2.250278002560169      1.965730708863752                    0.1                    0.2     0.4427676198565622                     10
                    142      2.174898101714027      2.037510781826704                    0.1                    0.2     0.4380269053202864                     10
                    143      2.148819859282894      2.959618878260792                    0.1                    0.2     0.4276580476292922                     10
                    144      2.281245081587854      2.191494235981591                    0.1                    0.2     0.4316652435730349                     10
                    145      2.229854217324072       3.17885489116387                    0.1                    0.2     0.4211882243930437                     10
                    146      1.547731428588134      3.338456143677908                    0.1                    0.2     0.4147062201166954                     10
                    147      2.124282996624351      2.149010223515026                    0.1                    0.2     0.4322656562763383                     10
                    148      1.668444583592568      2.704122995401165                    0.1                    0.2     0.4280678681762157                     10
                    149      3.189655953367887      2.379434220449316                    0.1                    0.2      0.442532955663487                     10
                    150      1.508838343168085      2.744504081456631                    0.1                    0.2     0.4258892966180285                     10
                    151      1.607217304888351      2.145763206231428                    0.1                    0.2     0.4359217116931238                     10
                    152      2.555782417361681      2.567550634303477                    0.1                    0.2     0.4283208626275041                     10
                    153      2.337196192316821      3.319834002915771                    0.1                    0.2     0.4167591867451594                     10
                    154      3.611741444891369      3.465943441566913                    0.1                    0.2     0.4247595743528524                     10
                    155      4.114297250283629      3.200105736643147                    0.1                    0.2      0.438046080251396                     10
                    156      3.143611815901344      3.494807612760446                    0.1                    0.2     0.4109230011190321                     10
                    157      4.539345396741901      2.801207091598723                    0.1                    0.2     0.4406290849748749                     10
                    158      3.929146236827886      3.101833590105847                    0.1                    0.2     0.4363740761277805                     10
                    159      4.408113273596713      2.887931811744894                    0.1                    0.2     0.4362774922077101                     10
                    160      4.279381557036896       2.60907254536595                    0.1                    0.2     0.4319928764347238                     10
                    161      4.535719928837651      3.491105819513803                    0.1                    0.2     0.4331364598322766                     10
                    162       4.50111718107093      2.809926297199199                    0.1                    0.2     0.4319147425469678                     10
                    163      4.193041532656697      2.655659324348079                    0.1                    0.2     0.4303230893242539                     10
                    164      3.026853507459891      3.196572102473493                    0.1                    0.2     0.4228763358601926                     10
#! FIELDS time abs_dist abs_nh sigma_abs_dist sigma_abs_nh height biasf
#! SET multivariate false
                    165      3.029974544806209      3.467882787137317                    0.1                    0.2     0.4036371220319759                     10
                    166      3.511253213741515      3.042078529622239                    0.1                    0.2     0.4347221084799554                     10
                    167      2.277291168221315      3.434419510694011                    0.1                    0.2     0.4049589900627434                     10
                    168      1.872571359522132      3.541367586402881                    0.1                    0.2     0.4191104536178467                     10
                    169      1.704632613779182      3.103236799805935                    0.1                    0.2     0.4213032106007384                     10
                    170      3.867545576463869      3.427661660133986                    0.1                    0.2     0.4358358494152218                     10
                    171      3.721360144103731      2.970530136839963                    0.1                    0.2     0.4342370817250099                     10
                    172      2.835784879767456      2.392056313733201                    0.1                    0.2      0.436801740281885                     10
                    173      2.236799534593945      2.504908396035785                    0.1                    0.2     0.4265057432431827                     10
                    174      3.475230781261676      2.383453936946627                    0.1                    0.2     0.4414560452683662                     10
                    175      4.941831026955636      3.047654541724679                    0.1                    0.2     0.4297699983839073                     10
                    176      4.910220505924681      3.138445888893854                    0.1                    0.2     0.4280601517218044                     10
                    177      3.718299836498349      3.333664497724565                    0.1                    0.2     0.4303559547117527                     10
                    178      2.443130484712633      3.087295797732402                    0.1                    0.2     0.4318331705910158                     10
                    179      1.771961183114939      3.497186731299104                    0.1                    0.2     0.4097510409310675                     10
                    180      2.197516875462748      3.441649132022838                    0.1                    0.2     0.4052947453803512                     10
                    181      3.431895642469334      3.587073564434993                    0.1                    0.2     0.4139622719319262                     10
                    182      1.421687638070996      3.211526636243219                    0.1                    0.2     0.4265976483915256                     10
                    183      1.319527950276151      3.166461502217619                    0.1                    0.2     0.4252003985325753                     10
                    184      1.574375812632652      3.469532944031748                    0.1                    0.2     0.4094881203950271                     10
                    185      1.464994460457235       2.97490580758511                    0.1                    0.2     0.4204109988737494                     10
                    186      2.600829518589849      3.467386603051099                    0.1                    0.2     0.4271520487152092                     10
                    187      2.447564480294203       3.50282797420138                    0.1                    0.2      0.422985798017063                     10
                    188       2.00220761094284      2.445332649285419                    0.1                    0.2     0.4325946413866042                     10
                    189      2.899010183691781      3.422605019623552                    0.1                    0.2      0.405976540506013                     10
                    190      2.329252612028551      3.563633772196302                    0.1                    0.2     0.4058683480629198                     10
                    191      4.994183278841416      2.778259923940028                    0.1                    0.2     0.4331051904902766                     10
                    192      4.562967281443315      2.270398048966288                    0.1                    0.2      0.442283815762695                     10
#! FIELDS time abs_dist abs_nh sigma_abs_dist sigma_abs_nh height biasf
#! SET multivariate false
                    193      4.019805231248002      3.528591933846515                    0.1                    0.2     0.4328692529053308                     10
                    194      4.651852222266944      3.353748669797547                    0.1                    0.2     0.4324495882775624                     10
                    195      3.813830591814039      2.900031182159303                    0.1                    0.2     0.4283066873717877                     10
                    196      4.814976693858326      3.032205999066292                    0.1                    0.2     0.4312927474663168                     10
                    197       1.66413317843069      3.401847568807956                    0.1                    0.2     0.3979635880541202                     10
                    198      2.243933424142262      3.223867933158856                    0.1                    0.2     0.4068948810218562                     10
                    199      2.510064210710595       3.31169151172205                    0.1                    0.2     0.4236359104383964                     10
                    200      2.003362493531673      3.418380097570435                    0.1                    0.2     0.4217703825575989                     10
                    201      1.628022378467826      2.251855767052023                    0.1                    0.2      0.429459681293604                     10
                    202      2.722201740469346      2.848701149113483                    0.1                    0.2     0.4280769208584593                     10
                    203      2.120646619238218      3.639660508375087                    0.1                    0.2     0.4194725542117663                     10
                    204      1.564382669697628      2.868626489122353                    0.1                    0.2     0.4171820342458751                     10
                    205      3.575606821350319      2.487787931181678                    0.1                    0.2     0.4372195766133886                     10
                    206      3.013843192009655      3.086682692697726                    0.1                    0.2     0.4219106011939776                     10
                    207      1.659902281515662      3.428368548277081                    0.1                    0.2     0.3946093044908943                     10
                    208      2.377049020032976      2.997741987672546                    0.1                    0.2     0.4261132684437156                     10
                    209      2.374413819040655      2.531002126191811                    0.1                    0.2     0.4270272504371549                     10
                    210      2.079671648287969      2.503571143489681                    0.1                    0.2     0.4261666719854648                     10
                    211       1.99678443008396      2.099759538366525                    0.1                    0.2     0.4333607211612919                     10
                    212      1.482093395322814      2.770147918257362                    0.1                    0.2      0.416509481068393                     10
                    213      1.901093668837498      2.453138362381948                    0.1                    0.2      0.426445555675843                     10
                    214        2.3895124313539      3.384169563304202                    0.1                    0.2     0.4042009754355291                     10
                    215      2.744702512708186      3.535873267796261                    0.1                    0.2     0.4082101270367088                     10
                    216      3.553745510752384      2.703371276928924                    0.1                    0.2     0.4333436774764366                     10
                    217      2.756450143665601       3.51006065241195                    0.1                    0.2     0.4021406327497121                     10
                    218      2.585374707579056      3.410068609560829                    0.1                    0.2     0.4165040317332014                     10
                    219      2.830837050800563      3.529213101628186                    0.1                    0.2     0.3976294710399367                     10
                    220      2.211321830574852      3.562838444100807                    0.1                    0.2     0.3988538074889746                     10
#! FIELDS time abs_dist abs_nh sigma_abs_dist sigma_abs_nh height biasf
#! SET multivariate false
                    221      2.118112845267097      3.272500246311159                    0.1                    0.2     0.4116052699175747                     10
                    222      1.778127034252787      3.101937984336775                    0.1                    0.2     0.4208199160135007                     10
                    223      1.817790988039654      2.794821677168516                    0.1                    0.2     0.4197383043028255                     10
                    224      1.145698118743559      2.624538334279675                    0.1                    0.2     0.4431395922196714                     10
                    225      3.135162914410295      2.415221357330682                    0.1                    0.2      0.439169484992355                     10
                    226      3.617344221623235      3.431905740638546                    0.1                    0.2     0.4179885081619874                     10
                    227      3.789024643011789      3.601259937160926                    0.1                    0.2     0.4303470124078289                     10
                    228      4.370933637662258      2.736695627023395                    0.1                    0.2     0.4249028572780059                     10
                    229      4.187112923702294      2.203599501087267                    0.1                    0.2     0.4418089141024146                     10
                    230      4.354022999097579      3.046310387788644                    0.1                    0.2     0.4328021857583864                     10
                    231      3.159410405325862      2.410707578464026                    0.1                    0.2      0.433974229822277                     10
                    232      2.651740831219961      2.456793774790783                    0.1                    0.2     0.4242385385909219                     10
                    233      2.064361967519189      3.293831975167667                    0.1                    0.2      0.413892635807866                     10
                    234      1.916431605895551      3.428310064304884                    0.1                    0.2     0.4103765923954403                     10
                    235      1.559859365878463      2.242802050320619                    0.1                    0.2     0.4243252655681627                     10
                    236      1.820644314518013      2.783549279562126                    0.1                    0.2     0.4153983209793671                     10
                    237      1.628490305746234       3.50037624713187                    0.1                    0.2     0.3966073229253123                     10
                    238      2.890124690465439      3.488767369259914                    0.1                    0.2     0.3951256534971193                     10
                    239      3.453222989559092      3.102299164906781                    0.1                    0.2     0.4268605616385033                     10
                    240      4.497754116201402      2.602450820761256                    0.1                    0.2     0.4284337779894672                     10
                    241      4.330907497527883      2.589402414402875                    0.1                    0.2     0.4207203255785895                     10
                    242      4.084384136750305      3.046282432361324                    0.1                    0.2     0.4326258536856112                     10
                    243      2.988658891641594      2.878997134888356                    0.1                    0.2     0.4252579144222408                     10
                    244      3.919004404556806      3.591058593079746                    0.1                    0.2     0.4288560306609681                     10
                    245      3.756633432426398      3.321907270393257                    0.1                    0.2     0.4235317674625524                     10
                    246      2.159869198493529      2.545549404137311                    0.1                    0.2     0.4198374914361341                     10
                    247      1.455921008177125      2.993485276672413                    0.1                    0.2     0.4117274382719604                     10
                    248      2.627410247347695      2.718160728492589                    0.1                    0.2     0.4202500472572714                     10
#! FIELDS time abs_dist abs_nh sigma_abs_dist sigma_abs_nh height biasf
#! SET multivariate false
                    249      1.379148801799566      3.241206978772862                    0.1                    0.2      0.417276859346576                     10
                    250      1.248947153116267      3.157501410840159                    0.1                    0.2     0.4243270575234491                     10
                    251      2.566885422341874      2.776632015646799                    0.1                    0.2      0.420542241982617                     10
                    252      1.413333113164735      2.438648684951863                    0.1                    0.2     0.4324463137638679                     10
                    253      3.884465978284898      2.933832239366744                    0.1                    0.2     0.4245391220126757                     10
                    254      2.530305067001146      2.700097869377808                    0.1                    0.2     0.4171578081773674                     10
                    255      2.968602368263371      3.341243652844967                    0.1                    0.2     0.3989865447611074                     10
                    256      3.818783511804249      3.070873001845893                    0.1                    0.2     0.4207123528557353                     10
                    257      4.918942323980106      3.205454946454292                    0.1                    0.2     0.4240395152856541                     10
                    258      4.947040780232042       2.94237395484405                    0.1                    0.2     0.4170043029802384                     10
                    259      4.935937557131843      3.414034101528715                    0.1                    0.2     0.4344645854708146                     10
                    260        4.0124686749134      3.453479096450703                    0.1                    0.2     0.4235109541448923                     10
                    261      4.674043166562972      2.541553029524136                    0.1                    0.2     0.4404892681727046                     10
                    262        3.7903404406991      3.233235689192813                    0.1                    0.2     0.4182497258144208                     10
                    263      4.625596598572546      3.525105313000859                    0.1                    0.2     0.4267279823424174                     10
                    264      2.352394540830059      2.965677292373422                    0.1                    0.2     0.4210790356361574                     10
                    265       2.32112250682994      2.740548202903977                    0.1                    0.2     0.4231680066616333                     10
                    266      3.093760962855492      3.566347476526684                    0.1                    0.2     0.3992377487196644                     10
                    267      3.478279722507142      3.596461296608907                    0.1                    0.2     0.4088512610903894                     10
                    268      2.712251090793294      2.510283226452326                    0.1                    0.2     0.4196106312454166                     10
                    269      3.390008334380846         3.433697081218                    0.1                    0.2     0.4080701200542969                     10
                    270      3.392746944502116      3.214731127715392                    0.1                    0.2     0.4166512259287633                     10
                    271      3.997916062965143      3.223183321281885                    0.1                    0.2     0.4217820744970637                     10
                    272      2.895803597983206      3.665027289816968                    0.1                    0.2     0.4059329972368888                     10
                    273      1.443305630559331      2.613337326715623                    0.1                    0.2      0.419413036853244                     10
                    274      1.829652384262148      3.511585513224413                    0.1                    0.2     0.4019619294708713                     10
                    275       1.39362561711808      2.105394619550634                    0.1                    0.2     0.4383334383665494                     10
                    276       1.52576616672505       2.34122286148789                    0.1                    0.2     0.4162540363147505                     10
#! FIELDS time abs_dist abs_nh sigma_abs_dist sigma_abs_nh height biasf
#! SET multivariate false
                    277      2.128754633169027       3.59236125572347                    0.1                    0.2     0.4050317487912738                     10
                    278      2.105941745676313      3.266967421224879                    0.1                    0.2     0.4041337800915164                     10
                    279      2.776662060739508      2.308362210975551                    0.1                    0.2     0.4273776777020309                     10
                    280      2.203938614463437       3.06027829655774                    0.1                    0.2     0.4078893328496614                     10
                    281      3.123434386968553      2.554540147897873                    0.1                    0.2      0.432521829084942                     10
                    282      3.719807448710296      3.029673744387682                    0.1                    0.2     0.4183400599247495                     10
                    283      2.366051898638762      1.498639367551828                    0.1                    0.2     0.4442624653307957                     10
                    284      2.000629494970908      2.668337549945929                    0.1                    0.2     0.4192580517121247                     10
                    285      1.497764315197349      3.075300481332794                    0.1                    0.2     0.4053946363779404                     10
                    286      1.446403371823763      2.501519248524942                    0.1                    0.2     0.4162770182589079                     10
                    287      1.610434339770427      2.409912873446752                    0.1                    0.2     0.4146838284067165                     10
                    288      1.420868532758534      2.343371431683713                    0.1                    0.2     0.4186047137087357                     10
                    289      2.032649525198558      2.844604998481354                    0.1                    0.2     0.4161332143370826                     10
                    290      1.466265736506627      3.509092801080433                    0.1                    0.2      0.418745190974038                     10
                    291      1.687119393462981      3.431398403457497                    0.1                    0.2     0.3861341053623609                     10
                    292      2.823186306957046      2.494081281339375                    0.1                    0.2     0.4239351771469662                     10
                    293      2.963871268109044       3.53721129710041                    0.1                    0.2      0.389315804718085                     10
                    294      4.047221416775063      3.524590033941061                    0.1                    0.2     0.4211853970994553                     10
                    295      2.879931910689815      3.208647747086118                    0.1                    0.2     0.4072014038905002                     10
                    296      4.471497252395533      2.353262641638527                    0.1                    0.2      0.431081207174325                     10
                    297      3.738501091449275      2.890570346510134                    0.1                    0.2     0.4166148736988013                     10
                    298      2.903427840018765      2.750344617577303                    0.1                    0.2     0.4215414781068709                     10
                    299      1.404546091804883      2.928511522291443                    0.1                    0.2     0.4044129864791612                     10
                    300      2.298236922839137      2.860663712916474                    0.1                    0.2     0.4161943584641957                     10
                    301      3.214781715442754      3.088067494969452                    0.1                    0.2     0.4321101722196558                     10
                    302      3.319695572502626       3.12565457031237                    0.1                    0.2     0.4219956573027408                     10
                    303      2.625856486005137       3.51100541508301                    0.1                    0.2     0.4105874136773149                     10
                    304       2.29847043737813      3.132160848984916                    0.1                    0.2     0.3994856892311257                     10
#! FIELDS time abs_dist abs_nh sigma_abs_dist sigma_abs_nh height biasf
#! SET multivariate false
                    305       1.77877676523324      2.581966203421569                    0.1                    0.2     0.4168474045964204                     10
                    306      1.271607292062198      2.810520877926907                    0.1                    0.2     0.4232110486607419                     10
                    307      3.415145893853371      2.658563445166614                    0.1                    0.2     0.4358390903463928                     10
                    308      2.657423346909852      3.082599216626376                    0.1                    0.2     0.4238530607226614                     10
                    309      3.242810349497816      2.343051993668634                    0.1                    0.2     0.4295261308243231                     10
                    310      2.166751108806311        3.5790472300254                    0.1                    0.2     0.3943985458339237                     10
                    311        3.4443643778972      2.925669519199821                    0.1                    0.2     0.4257993587259411                     10
                    312      4.973093013316189      3.055674936118652                    0.1                    0.2     0.4128412346445369                     10
                    313       4.49491656970782      2.648948394443829                    0.1                    0.2      0.418901123723283                     10
                    314      4.845424012454776      3.078575631510995                    0.1                    0.2     0.4157465385910015                     10
                    315      4.387976076419005      3.378633680463277                    0.1                    0.2     0.4280006388986922                     10
                    316      4.331648087613736      3.318605632068764                    0.1                    0.2     0.4253762639116232                     10
                    317      3.257565139555718      2.606065246372837                    0.1                    0.2     0.4320420697464869                     10
                    318      1.219511655394155      3.425391929889813                    0.1                    0.2      0.433928967717292                     10
                    319      1.410716776084772      2.452466744636161                    0.1                    0.2     0.4132856194543393                     10
                    320       1.22888712115945      2.689511685841764                    0.1                    0.2     0.4291169319742268                     10
                    321      1.993410791933218      3.322563227792938                    0.1                    0.2     0.4071158463863225                     10
                    322      2.121584669763592      3.430415545147598                    0.1                    0.2     0.3875093436902631                     10
                    323      1.825541839276071       2.13310598571123                    0.1                    0.2     0.4335264326152707                     10
                    324      2.589731741009231      2.933194052571183                    0.1                    0.2     0.4164909749527737                     10
                    325      2.984111554902554      3.513969586642784                    0.1                    0.2     0.3841638978010945                     10
                    326      2.505378709386269      2.644562084435945                    0.1                    0.2      0.411787602537946                     10
                    327      2.704598620601523      2.737287098550236                    0.1                    0.2     0.4085472922845123                     10
                    328      2.584736932445571      2.644966557233813                    0.1                    0.2     0.4005591816498407                     10
                    329      3.296580087075045      3.300179461518845                    0.1                    0.2     0.4106811252527742                     10
                    330      3.509059941385596      3.047591630610447                    0.1                    0.2     0.4168896284582135                     10
                    331      4.503141738755009      3.223181230003533                    0.1                    0.2     0.4290910423937341                     10
                    332      3.483602590028443      3.353076783202399                    0.1                    0.2     0.4011150547012669                     10
#! FIELDS time abs_dist abs_nh sigma_abs_dist sigma_abs_nh height biasf
#! SET multivariate false
                    333      4.427798927341456       2.28918121470855                    0.1                    0.2     0.4285659046854618                     10
                    334      2.793326093792042      2.718926977389952                    0.1                    0.2     0.4118657380559904                     10
                    335      1.168104776799774      2.987391297393175                    0.1                    0.2     0.4293423106400026                     10
                    336      1.837258066617784      3.407674679325529                    0.1                    0.2      0.396215184170918                     10
                    337      1.955686161534995      2.977478667548596                    0.1                    0.2     0.4142798495638954                     10
                    338      2.979512541286354      2.576894260734639                    0.1                    0.2     0.4266421520491053                     10
                    339      2.014711584920695      2.843116585384657                    0.1                    0.2      0.408611502381013                     10
                    340      3.263216193133622      2.618981662604662                    0.1                    0.2     0.4280627178415784                     10
                    341      2.894030564471314      3.001796027015162                    0.1                    0.2     0.4099497612018108                     10
                    342      1.149771527101085      3.334554668781708                    0.1                    0.2     0.4336944504029704                     10
                    343      1.896874012703494      3.529828017866357                    0.1                    0.2     0.3980385456431421                     10
                    344      3.343652590643095      3.153575703828538                    0.1                    0.2       0.40811744889576                     10
                    345      4.252888314273157      3.421741111515177                    0.1                    0.2     0.4242049316084229                     10
                    346      1.953005869738936      2.998465080102104                    0.1                    0.2     0.4079584721198603                     10
                    347      1.556510615966778      2.246650547449576                    0.1                    0.2     0.4078245795079649                     10
                    348      2.928227062827116      3.555461141369017                    0.1                    0.2     0.3824722976469763                     10
                    349      2.953561459955643      3.349897874754373                    0.1                    0.2     0.3824767770469416                     10
                    350       2.62573362612849      2.795808073617696                    0.1                    0.2     0.3983427244681888                     10
                    351      4.849328076195665      2.427168100426369                    0.1                    0.2     0.4425872497487662                     10
                    352      4.507683077367892       2.51931742297429                    0.1                    0.2     0.4176220437707883                     10
                    353      2.868776815487826      2.456845431939414                    0.1                    0.2     0.4188999608977581                     10
                    354      4.213113282170553      3.179222424674955                    0.1                    0.2     0.4261480381443853                     10
                    355      3.161994068868351       3.57375031262825                    0.1                    0.2     0.4009821476482162                     10
                    356      1.650373602665711      3.539493796748838                    0.1                    0.2     0.3908606557712699                     10
                    357      2.673250330240305      3.539807954852053                    0.1                    0.2     0.4009872330220751                     10
                    358      1.817246278611125      3.490717289499944                    0.1                    0.2     0.3871748285337216                     10
                    359      1.824494737906406      2.193884861608781                    0.1                    0.2     0.4265143961212364                     10
                    360      2.177134341411256       2.16056394455354                    0.1                    0.2     0.4216030348439112                     10
#! FIELDS time abs_dist abs_nh sigma_abs_dist sigma_abs_nh height biasf
#! SET multivariate false
                    361      1.416109001632536      2.623050870140648                    0.1                    0.2     0.4051896020716497                     10
                    362      1.545001023240923      2.925007831516977                    0.1                    0.2     0.3999892503421681                     10
                    363      1.470305161731702      2.560383209355809                    0.1                    0.2     0.3966617381919173                     10
                    364      1.420294756966602      2.417114509529726                    0.1                    0.2     0.4017540760713563                     10
                    365       2.19036078516488      2.857385399192577                    0.1                    0.2     0.4087092509908812                     10
                    366      2.154301629561704      3.515660661189981                    0.1                    0.2     0.3826855378136011                     10
                    367       2.33627132699749      2.806977092187883                    0.1                    0.2     0.4104986289988376                     10
                    368      2.101043245136456      3.477450663108755                    0.1                    0.2     0.3838168945829653                     10
                    369      3.001786877830886      2.253386700513069                    0.1                    0.2     0.4350087236185582                     10
                    370      2.576924635481439      2.327959069221712                    0.1                    0.2     0.4187532551379962                     10
                    371      4.895835595792505      3.047602782488958                    0.1                    0.2      0.404614259361805                     10
                    372      4.522324789649402      3.229560715378984                    0.1                    0.2     0.4247695573746075                     10
                    373      3.508100749055828      2.468509241437221                    0.1                    0.2     0.4278566526700761                     10
                    374      3.225860331852576      2.387843672558581                    0.1                    0.2     0.4188320759210199                     10
                    375      3.427983536589455      2.279449901630063                    0.1                    0.2     0.4313802746701876                     10
                    376      3.820844061700004       2.88808757787107                    0.1                    0.2     0.4108232605705409                     10
                    377      3.189229357940127      3.059496250131502                    0.1                    0.2     0.4232095957728547                     10
                    378      3.186420392936665       3.34815177379994                    0.1                    0.2     0.4022406268830742                     10
                    379      2.486368003680981      3.084796860874615                    0.1                    0.2     0.4121352684068914                     10
                    380      1.604135758769047      2.871398445804193                    0.1                    0.2      0.402054993462208                     10
                    381        1.6520918617857      3.617178304448228                    0.1                    0.2      0.398741415324275                     10
                    382      1.977839945164912      3.342459035402978                    0.1                    0.2     0.3938473512015969                     10
                    383      1.627612738699198      3.425564742832428                    0.1                    0.2     0.3758042651297799                     10
                    384      1.376972211475512      2.643922698425572                    0.1                    0.2     0.4013654930442332                     10
                    385      1.849317085356016      3.561276699893877                    0.1                    0.2     0.3882016650555254                     10
                    386      3.124638906338716      3.407751610876008                    0.1                    0.2     0.3881625075998462                     10
#! FIELDS time abs_dist abs_nh sigma_abs_dist sigma_abs_nh height biasf
#! SET multivariate false
                    387      3.416380673057468      3.520239944929124                    0.1                    0.2       0.39506188510844                     10
                    388      3.391633296548855      3.382501168899834                    0.1                    0.2     0.3900573586557562                     10
                    389      4.739869064098658      2.373427965211664                    0.1                    0.2     0.4375114911476399                     10
                    390      2.892775644516128      2.770491088412693                    0.1                    0.2     0.4076473876804646                     10
                    391      3.595588904472359       3.16869598322196                    0.1                    0.2     0.4120696905099882                     10
                    392      3.276254682022584      2.683769758153778                    0.1                    0.2     0.4238317559233081                     10
                    393      3.480676966312942      3.566683087875235                    0.1                    0.2     0.3928556660435081                     10
                    394      4.266547427020573      3.486567662119076                    0.1                    0.2     0.4190505458509833                     10
                    395       3.20102335682236      2.850503131914892                    0.1                    0.2     0.4245142367994496                     10
                    396       2.27967509592982      3.255117457478625                    0.1                    0.2     0.3834303578747487                     10
                    397      3.314897673931451        3.2922191320121                    0.1                    0.2     0.3930708643957365                     10
                    398      2.918845802176238       3.02440710239588                    0.1                    0.2      0.401715652205784                     10
                    399      3.354877695365002      3.010830777649587                    0.1                    0.2     0.4085421186737191                     10
                    400       1.51326018558629      3.242377523239557                    0.1                    0.2     0.3936747514836219                     10
                    401      1.275918440254129      2.146853824714555                    0.1                    0.2     0.4377218779324273                     10
                    402      4.814307913349987      2.626112295080926                    0.1                    0.2     0.4335231980882812                     10
                    403      4.406010793574048      2.716890919851854                    0.1                    0.2     0.4091050542832569                     10
                    404      4.422305339912616      3.008380880080957                    0.1                    0.2     0.4186352477443366                     10
                    405      2.910808221263053      2.299737699790691                    0.1                    0.2     0.4241013661996002                     10
                    406      3.007565789316809       2.56329147006048                    0.1                    0.2     0.4172475405328147                     10
                    407      3.533282654751601      2.800774282091608                    0.1                    0.2     0.4187362125822072                     10
                    408      2.790779959271641      2.192347714863572                    0.1                    0.2     0.4235586912501724                     10
                    409      1.284302495141306      2.560437897565712                    0.1                    0.2     0.4183430076835813                     10
                    410      1.434399280490174      2.856269924710158                    0.1                    0.2     0.3887842392066289                     10
                    411      1.696654844437257      3.463552254677976                    0.1                    0.2     0.3711025605272597                     10
                    412      2.633671273418893      2.611895804427022                    0.1                    0.2     0.3917211713520453                     10
                    413      1.470279721916492      3.221923191074166                    0.1                    0.2     0.3942464107928011                     10
#! FIELDS time abs_dist abs_nh sigma_abs_dist sigma_abs_nh height biasf
#! SET multivariate false
                    414      1.337328547372177      2.464281061746189                    0.1                    0.2     0.4072313029356133                     10
                    415      1.875893714009575      3.297304256629769                    0.1                    0.2     0.3914027943656873                     10
                    416      2.191505230708901      3.013475016311579                    0.1                    0.2     0.3952831755826579                     10
                    417      1.581616682411996      2.951717760680216                    0.1                    0.2     0.3922468078423081                     10
                    418      2.473465597118176      3.120560760861352                    0.1                    0.2     0.4068663071922224                     10
                    419      2.674533216017719      3.040864315343322                    0.1                    0.2     0.4104861242527685                     10
                    420      2.589337233128534      3.529812220736281                    0.1                    0.2     0.4078297082949459                     10
                    421       2.94600304403106      3.314136786102941                    0.1                    0.2     0.3796588604998736                     10
                    422      3.361434141490982      3.569316677619296                    0.1                    0.2     0.3938387644981123                     10
                    423      2.383445672842296      3.074298196175984                    0.1                    0.2     0.3963421169815698                     10
                    424       2.29461035904994      3.330458179597321                    0.1                    0.2     0.3754309337078557                     10
                    425      2.208813266959432      2.257406818609258                    0.1                    0.2     0.4144706044170015                     10
                    426      2.559022198927568      1.988011086859463                    0.1                    0.2     0.4391150907300843                     10
                    427     0.7375296326994092      1.530943540435155                    0.1                    0.2     0.4444444444444445                     10
                    428     0.2563825516777778      1.272840276393248                    0.1                    0.2     0.4444444444444445                     10
                    429     0.2392214055525321      1.121767773792269                    0.1                    0.2     0.4408671253457756                     10
                    430     0.1878368212185646      1.479295042029183                    0.1                    0.2     0.4413524464137628                     10
                    431     0.3075092574551046      1.286000542596312                    0.1                    0.2      0.436084931546292                     10
                    432      0.216834546937313      1.324497148847731                    0.1                    0.2     0.4309920767315724                     10
                    433     0.1823565794725432      1.335067244596654                    0.1                    0.2     0.4286619522502337                     10
                    434      0.372799386497864      1.375854085100886                    0.1                    0.2     0.4351753171878013                     10
                    435     0.3417237725299933      1.346252420830629                    0.1                    0.2     0.4267451955528181                     10
                    436     0.3039556367112826      1.485936579967939                    0.1                    0.2     0.4256987214099708                     10
                    437     0.3983818725790658      1.486010561206513                    0.1                    0.2     0.4299548956557008                     10
                    438     0.3145326055079438      1.317714553816325                    0.1                    0.2     0.4143353958980275                     10
                    439     0.3460076637641636      1.216247273659387                    0.1                    0.2     0.4179518352939757                     10
                    440     0.1621620123166811      1.160609089851475                    0.1                    0.2     0.4266787513573219                     10
                    441     0.5770257483816998      1.788095132311856                    0.1                    0.2     0.4434159045584479                     10
#! FIELDS time abs_dist abs_nh sigma_abs_dist sigma_abs_nh height biasf
#! SET multivariate false
                    442      0.295767820442935     0.7394159588465272                    0.1                    0.2     0.4428961054241323                     10
                    443     0.0984401559176491     0.2483784399824027                    0.1                    0.2      0.444410592137504                     10
                    444     0.0590805253408262    0.02252899504606454                    0.1                    0.2     0.4420792467480256                     10
                    445     0.0568898471851853    0.01954301700987093                    0.1                    0.2     0.4373693557266122                     10
                    446    0.04714383978261183    0.02462897814047116                    0.1                    0.2     0.4327913430248446                     10
                    447    0.03510422223345477    0.01876949390308358                    0.1                    0.2     0.4286497350694374                     10
                    448    0.05730142023451434     0.2550626476775011                    0.1                    0.2     0.4306683386912976                     10
                    449    0.01512828517981757    0.06293341242295858                    0.1                    0.2     0.4226208528008548                     10
                    450      0.067314648290282     0.1539251603109539                    0.1                    0.2     0.4184175202686784                     10
                    451    0.03490775542814539    0.03063156842239367                    0.1                    0.2     0.4141672853357486                     10
                    452   0.007246123129641013     0.2384025589726688                    0.1                    0.2     0.4191234536425125                     10
                    453     0.1301507897251932     0.1801013449591267                    0.1                    0.2     0.4175947653049284                     10
                    454     0.0459254298993812    0.08605276822684971                    0.1                    0.2     0.4033041195044995                     10
                    455    0.03308151678607318     0.2129871967476173                    0.1                    0.2     0.4049239608822527                     10
                    456    0.04689136815973116      0.140493185964887                    0.1                    0.2     0.3961798200631764                     10
                    457    0.04766810241784158     0.3109218976832584                    0.1                    0.2     0.4080353516836414                     10
                    458    0.01472292961283994    0.02203406961390675                    0.1                    0.2     0.3973123494269807                     10
                    459    0.03509854428752135    0.03134567725272164                    0.1                    0.2     0.3905772227988202                     10
                    460     0.1027709768163965     0.1607851222891559                    0.1                    0.2     0.3913062341717141                     10
                    461   0.002523657463875395    0.07153715186443987                    0.1                    0.2     0.3868637297335906                     10
                    462    0.01255505807364576    0.08863584998640639                    0.1                    0.2     0.3805240042506441                     10
                    463    0.07107789116926821    0.01640076039746674                    0.1                    0.2     0.3811132014731479                     10
                    464    0.01404589978464088    0.04998897867647423                    0.1                    0.2     0.3755995423379929                     10
                    465   0.005564821819306731     0.2442563992790325                    0.1                    0.2     0.3850363663418473                     10
                    466    0.03986924748005682    0.02253929297354729                    0.1                    0.2     0.3700511224954827                     10
                    467   0.004803385655209436    0.02808518490164014                    0.1                    0.2     0.3706720928559942                     10
                    468    0.05343307109280593     0.1124494961415432                    0.1                    0.2     0.3594783121308858                     10
                    469    0.09116201792855239    0.07711256493812524                    0.1                    0.2     0.3644556111533825                     10
