#! FIELDS time abs_dist abs_nh sigma_abs_dist sigma_abs_nh height biasf
#! SET multivariate false
                      1      2.790263700930526      3.538390051387529                    0.1                    0.2     0.4444444444444445                     10
                      2      3.337779918453339      3.458657090131289                    0.1                    0.2     0.4444444444444445                     10
                      3      4.180896728055942      2.564461655294753                    0.1                    0.2     0.4444444444444445                     10
                      4      4.485966448131366      2.580933644834248                    0.1                    0.2     0.4443984004006333                     10
                      5      4.185594620793235      2.748045222146008                    0.1                    0.2     0.4412404172388687                     10
                      6      3.972013727186765      2.734209667778529                    0.1                    0.2     0.4435728431083142                     10
                      7      3.203325601594197      2.328513350934082                    0.1                    0.2     0.4444444444444445                     10
                      8      3.503936421313216      3.225982488957294                    0.1                    0.2     0.4438251357632904                     10
                      9      2.345420151781494      3.566423252063797                    0.1                    0.2     0.4444444444444445                     10
                     10      1.905876565909677       3.47309873745881                    0.1                    0.2     0.4444444444444445                     10
                     11        1.4446602288085      3.477977718899442                    0.1                    0.2     0.4444444444444445                     10
                     12      2.509935795264766      2.915902750852944                    0.1                    0.2     0.4444444444444445                     10
                     13      3.139380423922758      3.409467104820013                    0.1                    0.2     0.4437876864918698                     10
                     14      2.843801541711894      3.461074487639721                    0.1                    0.2     0.4405040378347442                     10
                     15      4.414399322550475      3.238873821823238                    0.1                    0.2     0.4444103918973677                     10
                     16      1.953226194368514      3.486192202993122                    0.1                    0.2     0.4401403827875131                     10
                     17      1.686479650918048      3.460644310475562                    0.1                    0.2     0.4436139103784059                     10
                     18      1.407227488929962      2.673787833182688                    0.1                    0.2     0.4444444444444445                     10
                     19      3.965529211975543       2.91372496274446                    0.1                    0.2     0.4408244794253443                     10
                     20      3.326648342343406      2.414435072352833                    0.1                    0.2     0.4423825351823021                     10
                     21      3.712161459091611      3.081193586621595                    0.1                    0.2     0.4438451340812246                     10
                     22      2.450379135940524      2.789800762072354                    0.1                    0.2     0.4411283101293894                     10
                     23      1.843934028812066      3.493305581477477                    0.1                    0.2     0.4365111733180204                     10
                     24      2.281117962161615      2.602005283576677                    0.1                    0.2     0.4436027791922523                     10
                     25      1.469480813585967      3.395894740566511                    0.1                    0.2     0.4397121247592953                     10
                     26      1.280393418966269      2.665957445783587                    0.1                    0.2     0.4422822680048314                     10
                     27      1.956052547919477       3.35956380087883                    0.1                    0.2      0.434839510648087                     10
                     28      2.523114439281883      3.079945706081603                    0.1                    0.2     0.4396703825231463                     10
                     29      2.560715271538134       2.39330473822204                    0.1                    0.2     0.4438689704594876                     10
#! FIELDS time abs_dist abs_nh sigma_abs_dist sigma_abs_nh height biasf
#! SET multivariate false
                     30      3.302419665175519      2.635318041785537                    0.1                    0.2     0.4409962897392483                     10
                     31      2.917200263481496      2.510627106652862                    0.1                    0.2      0.444391012692195                     10
                     32      2.779984365167725       2.86931491493978                    0.1                    0.2     0.4437291982883244                     10
                     33      2.282563573223845      3.570945095425566                    0.1                    0.2     0.4404387226772882                     10
                     34      1.502444958173557      2.483911423467235                    0.1                    0.2     0.4422156924031082                     10
                     35      2.016515144821101      3.463265962868774                    0.1                    0.2     0.4333775434776945                     10
#! FIELDS time abs_dist abs_nh sigma_abs_dist sigma_abs_nh height biasf
#! SET multivariate false
                     36      1.563822068324001      3.225701458443182                    0.1                    0.2     0.4400363087529146                     10
                     37      2.895121343555105      2.579908130943262                    0.1                    0.2     0.4391145815968167                     10
                     38      2.184726803708006      2.661072968095583                    0.1                    0.2     0.4414178358220354                     10
                     39      2.112948036009234      2.022030302459147                    0.1                    0.2     0.4444042977386233                     10
                     40      2.478564058907564      1.639162647024488                    0.1                    0.2     0.4444444444444445                     10
#! FIELDS time abs_dist abs_nh sigma_abs_dist sigma_abs_nh height biasf
#! SET multivariate false
                     41      1.513328439748321      2.288029014905736                    0.1                    0.2     0.4410056844982838                     10
                     42      2.085626769243996      2.844390362363313                    0.1                    0.2     0.4420542759493988                     10
                     43      3.460110125106596      3.623206716209286                    0.1                    0.2     0.4421867446751149                     10
                     44      3.458669340650009      3.526484754670445                    0.1                    0.2     0.4365649776241845                     10
                     45      3.464462972930312      3.303257941929992                    0.1                    0.2     0.4347541957267996                     10
#! FIELDS time abs_dist abs_nh sigma_abs_dist sigma_abs_nh height biasf
#! SET multivariate false
                     46      3.731591952002121      3.070140076280211                    0.1                    0.2     0.4391019264316358                     10
                     47      2.721980841986281      3.425735354416104                    0.1                    0.2     0.4386981613992025                     10
                     48      1.749712924731384      2.329413408418028                    0.1                    0.2     0.4439882294946594                     10
                     49      2.018530733326851       2.26313552823937                    0.1                    0.2     0.4425634536804859                     10
                     50      3.833844365242198      3.098020163098934                    0.1                    0.2      0.437687689045151                     10
                     51      3.740585631553636      2.925209063883942                    0.1                    0.2     0.4346209685827248                     10
#! FIELDS time abs_dist abs_nh sigma_abs_dist sigma_abs_nh height biasf
#! SET multivariate false
                     52      4.260669355166972      3.520217819971334                    0.1                    0.2      0.443891839054696                     10
                     53      3.696713986471887      2.778162866873059                    0.1                    0.2     0.4373436180850898                     10
                     54      4.064390186790412      2.173337939179492                    0.1                    0.2     0.4439821900797712                     10
                     55      2.595119652749306      2.442433714446659                    0.1                    0.2     0.4392624403976589                     10
                     56      3.212915873439786      3.454667261266586                    0.1                    0.2     0.4381015162587531                     10
                     57      2.846036658658234      3.556199603832567                    0.1                    0.2     0.4342853341061543                     10
#! FIELDS time abs_dist abs_nh sigma_abs_dist sigma_abs_nh height biasf
#! SET multivariate false
                     58      1.389779105678566      3.150832065435352                    0.1                    0.2     0.4402913494202801                     10
                     59      1.321796367614892      3.201589391514871                    0.1                    0.2     0.4384305174513483                     10
                     60      2.003149905550548      3.074802360937107                    0.1                    0.2     0.4392699884159895                     10
                     61      1.267831240501104      3.298060212293349                    0.1                    0.2      0.437735934518197                     10
                     62      1.554082603847181      3.129327739254951                    0.1                    0.2     0.4360417269246521                     10
                     63       1.61885136220074      3.550036143743911                    0.1                    0.2     0.4368080899761943                     10
#! FIELDS time abs_dist abs_nh sigma_abs_dist sigma_abs_nh height biasf
#! SET multivariate false
                     64      1.473851379213649      2.713674359805555                    0.1                    0.2     0.4362009085428375                     10
                     65      1.651968361577492      2.490863604778556                    0.1                    0.2     0.4389321243346387                     10
                     66       3.52909887774979      3.367238939181809                    0.1                    0.2     0.4316002856551787                     10
                     67      3.286574881791964      2.175314668922974                    0.1                    0.2     0.4393998762578131                     10
                     68      2.645404570327589      2.552407092908961                    0.1                    0.2     0.4367340628612942                     10
                     69      4.437596339324089      2.710963591843142                    0.1                    0.2      0.440490954166107                     10
#! FIELDS time abs_dist abs_nh sigma_abs_dist sigma_abs_nh height biasf
#! SET multivariate false
                     70      4.313633598189268       3.01184454077785                    0.1                    0.2     0.4408707156792629                     10
                     71      3.572956191238291      3.293464595012579                    0.1                    0.2     0.4301516661530178                     10
                     72      2.284312110202098      3.598020396834491                    0.1                    0.2     0.4356575805682104                     10
                     73       1.94527802631117       3.44207857925315                    0.1                    0.2     0.4240989849790089                     10
                     74      1.709919174391493       2.66160917283423                    0.1                    0.2     0.4395777274186558                     10
                     75      3.231117849636535      3.194372485289957                    0.1                    0.2     0.4388998049708647                     10
#! FIELDS time abs_dist abs_nh sigma_abs_dist sigma_abs_nh height biasf
#! SET multivariate false
                     76      3.015064564518394      3.019221090119564                    0.1                    0.2     0.4430230932399906                     10
                     77      1.610771388618094      2.578551540338069                    0.1                    0.2     0.4314984092615701                     10
                     78      2.236228380870792      3.347591531171342                    0.1                    0.2     0.4379257084465861                     10
                     79      3.914877232839367      3.261156280557855                    0.1                    0.2     0.4396711165807451                     10
                     80      3.483780400130176      2.376115677929606                    0.1                    0.2     0.4420987294447658                     10
                     81      3.316550791872686      2.750819040453159                    0.1                    0.2     0.4383445397238565                     10
#! FIELDS time abs_dist abs_nh sigma_abs_dist sigma_abs_nh height biasf
#! SET multivariate false
                     82      2.529817932817997      2.415237207351247                    0.1                    0.2     0.4332402237127771                     10
                     83      2.410539669675878      3.251875798346485                    0.1                    0.2     0.4385154547054626                     10
                     84      2.134348398826929      3.059505134136827                    0.1                    0.2     0.4372830835687871                     10
                     85       2.26840517949138      3.430930483662672                    0.1                    0.2     0.4287787675269729                     10
                     86      1.650189551761799      3.303523894941945                    0.1                    0.2     0.4319231234033787                     10
                     87      1.941510841911174      2.297441341433043                    0.1                    0.2     0.4395467822309824                     10
#! FIELDS time abs_dist abs_nh sigma_abs_dist sigma_abs_nh height biasf
#! SET multivariate false
                     88        2.0348524911252      1.965134285947712                    0.1                    0.2     0.4386842127366439                     10
                     89      1.878020561157693      2.859536348480303                    0.1                    0.2     0.4411797798296849                     10
                     90      2.315203099126816      3.033949296041851                    0.1                    0.2     0.4368337342209822                     10
                     91      1.559127734429921      3.553315023843814                    0.1                    0.2     0.4305333961373296                     10
                     92      3.555860780127343      3.379878716441263                    0.1                    0.2     0.4250192646490535                     10
                     93      1.953316823606001      3.479963035123752                    0.1                    0.2      0.420043006535955                     10
#! FIELDS time abs_dist abs_nh sigma_abs_dist sigma_abs_nh height biasf
#! SET multivariate false
                     94       3.51531695664476      3.067589010222934                    0.1                    0.2     0.4315117421362588                     10
                     95       4.38513017295527      3.597065110309101                    0.1                    0.2      0.441396025762227                     10
                     96      2.924613827614317      3.091237882037876                    0.1                    0.2     0.4389424966125127                     10
                     97      3.300299907080423      3.146487255210922                    0.1                    0.2     0.4345193230762681                     10
                     98      3.052680881384584       2.77630367820178                    0.1                    0.2     0.4393160146867128                     10
                     99       3.86194449677896       3.03762849629274                    0.1                    0.2     0.4288708219458728                     10
#! FIELDS time abs_dist abs_nh sigma_abs_dist sigma_abs_nh height biasf
#! SET multivariate false
                    100      3.386331734805424       3.53915032661363                    0.1                    0.2     0.4268984712040715                     10
                    101      3.489886890608369      2.822350733885309                    0.1                    0.2     0.4376980285811947                     10
                    102      2.292463116649169       2.29712346358605                    0.1                    0.2     0.4414211226290917                     10
                    103      2.465986633114952      2.861136005854028                    0.1                    0.2     0.4304922479836672                     10
                    104      1.467707688176916       2.51362672760374                    0.1                    0.2     0.4287269440943473                     10
#! FIELDS time abs_dist abs_nh sigma_abs_dist sigma_abs_nh height biasf
#! SET multivariate false
                    105      1.240811325309175      2.635683641847719                    0.1                    0.2     0.4380174993497701                     10
                    106      1.555161416503498      3.282141420657391                    0.1                    0.2     0.4230745449013361                     10
                    107      3.069749969709503      2.316870516458573                    0.1                    0.2     0.4401325196771761                     10
                    108      2.386300960980043      2.211303840589504                    0.1                    0.2     0.4389642099097728                     10
                    109      2.089478670270463      3.206769918023094                    0.1                    0.2     0.4295449315871123                     10
                    110      1.605797723389257      3.556339503087596                    0.1                    0.2     0.4247642345544402                     10
#! FIELDS time abs_dist abs_nh sigma_abs_dist sigma_abs_nh height biasf
#! SET multivariate false
                    111      1.463163093300768      3.258930976259662                    0.1                    0.2     0.4214241972085437                     10
                    112      3.271010693623669      3.497038127698582                    0.1                    0.2     0.4280958502659445                     10
                    113      2.959662354228816      3.359657206958241                    0.1                    0.2     0.4356798673254926                     10
                    114      2.936967761184591      3.458833375934462                    0.1                    0.2     0.4307038904233326                     10
#! FIELDS time abs_dist abs_nh sigma_abs_dist sigma_abs_nh height biasf
#! SET multivariate false
                    115      2.247411964709218      3.384948010496053                    0.1                    0.2     0.4242544394519214                     10
                    116      2.953289699536267      2.983817559462707                    0.1                    0.2     0.4317853718386131                     10
                    117      3.551709961435199      3.017137117284711                    0.1                    0.2     0.4263406073572615                     10
                    118      3.472553120204466      3.189661965379633                    0.1                    0.2     0.4174026242918504                     10
                    119      2.157833447559384      3.518887176613595                    0.1                    0.2     0.4269951400233257                     10
                    120      3.845587306195757      2.660499157439581                    0.1                    0.2     0.4371145574250668                     10
#! FIELDS time abs_dist abs_nh sigma_abs_dist sigma_abs_nh height biasf
#! SET multivariate false
                    121      3.057830093034774      2.533240618442492                    0.1                    0.2     0.4345880070333368                     10
                    122       3.85103010401435      3.045234291618443                    0.1                    0.2     0.4231216714763913                     10
                    123      4.020479774536005      3.589526843428902                    0.1                    0.2      0.443366233936048                     10
                    124      2.313745731762694      2.712237780054092                    0.1                    0.2     0.4323395389249674                     10
                    125      1.467384661095406      3.300468957066399                    0.1                    0.2      0.416244037123502                     10
#! FIELDS time abs_dist abs_nh sigma_abs_dist sigma_abs_nh height biasf
#! SET multivariate false
                    126      2.625721195797011      2.671593392978797                    0.1                    0.2     0.4311911383450215                     10
                    127       3.63969422551829      3.054858022967353                    0.1                    0.2     0.4203375008045318                     10
                    128       3.95248286834215      2.336224058922259                    0.1                    0.2     0.4409071496016126                     10
                    129      3.461320949800086      1.784081444261356                    0.1                    0.2     0.4442184173080529                     10
                    130      4.334087772878775      1.584648889206657                    0.1                    0.2     0.4444444444444445                     10
                    131      3.803423870851799       2.33560026681318                    0.1                    0.2     0.4410990935620022                     10
                    132      3.699427108122877      3.211104567251253                    0.1                    0.2     0.4215964752485795                     10
                    133      3.718541418231158      3.500595129519912                    0.1                    0.2     0.4371743210239486                     10
                    134      1.708742609196656       2.72487176054316                    0.1                    0.2     0.4329673173895013                     10
                    135      1.898254337836015      2.757846355873412                    0.1                    0.2     0.4363243618090032                     10
#! FIELDS time abs_dist abs_nh sigma_abs_dist sigma_abs_nh height biasf
#! SET multivariate false
                    136      1.692831553042298      3.562625952300136                    0.1                    0.2     0.4255170046110643                     10
                    137      1.407786669075288      3.263896731107656                    0.1                    0.2     0.4172557623412748                     10
                    138      2.182380306289999      2.944784721520397                    0.1                    0.2     0.4294253307300064                     10
                    139      1.330686816453932      2.920993119733593                    0.1                    0.2     0.4319289818210018                     10
                    140      1.761692689626648      3.411695187554805                    0.1                    0.2     0.4242560098130905                     10
                    141      2.149985114257252      3.525708085840124                    0.1                    0.2     0.4231192598735873                     10
#! FIELDS time abs_dist abs_nh sigma_abs_dist sigma_abs_nh height biasf
#! SET multivariate false
                    142      2.349304902732814      2.386302337412406                    0.1                    0.2     0.4316425497231461                     10
                    143        3.8303712025154      2.343061296274245                    0.1                    0.2     0.4355054062959853                     10
                    144      3.869390864489111      2.294897532829934                    0.1                    0.2     0.4313950931122918                     10
                    145      4.357620410977765      2.507316160252826                    0.1                    0.2     0.4387101182503583                     10
                    146      4.990614413607802      2.777458222863103                    0.1                    0.2     0.4444444444444445                     10
                    147      4.881190713012122      3.027918420536777                    0.1                    0.2     0.4432297543950873                     10
                    148      4.453285932421365      2.705517491151018                    0.1                    0.2     0.4332901781029937                     10
                    149      4.948605644522754       3.17817271106989                    0.1                    0.2     0.4409565861782356                     10
                    150      1.923066827058813      2.490560813395597                    0.1                    0.2     0.4352104557441004                     10
                    151      1.465269683800237      2.333930277789329                    0.1                    0.2     0.4302880638076075                     10
                    152      1.959763669438219      2.832773370165837                    0.1                    0.2     0.4299137187392035                     10
                    153      1.694002650748303      2.399028100903157                    0.1                    0.2     0.4284116369345197                     10
                    154      1.744425474878786      2.995000621547565                    0.1                    0.2     0.4345982430136378                     10
                    155      2.287152456308012      2.865081415010442                    0.1                    0.2     0.4263462017609836                     10
                    156      2.698722604463459      3.625536214696292                    0.1                    0.2     0.4357898108158617                     10
                    157      2.875630353983064      2.582314617605108                    0.1                    0.2     0.4314474879203183                     10
                    158      1.648579319950336      3.019105524092583                    0.1                    0.2     0.4281962421963248                     10
                    159      1.279743126321919      3.187441502928349                    0.1                    0.2     0.4271626289771898                     10
                    160      3.067617420457567      3.435102557838324                    0.1                    0.2      0.431456621407531                     10
                    161      3.444303283839418      3.411539995785227                    0.1                    0.2     0.4126807732900509                     10
                    162      1.777344336144667      3.479384602932289                    0.1                    0.2     0.4193779620341487                     10
                    163      2.632793243504863      2.832286393596164                    0.1                    0.2     0.4308029992693376                     10
                    164      4.891863690504532      2.507801834361454                    0.1                    0.2     0.4430684645559581                     10
                    165      2.760737103920977      3.405969655566939                    0.1                    0.2     0.4264047957044034                     10
                    166      4.053991744958546      3.089531406398429                    0.1                    0.2     0.4375311393050487                     10
                    167      3.838057745156785      2.614312884201696                    0.1                    0.2     0.4281182775861652                     10
                    168      3.162430406567861      3.003839607631885                    0.1                    0.2     0.4340850890340114                     10
                    169      3.186700498726749      3.205036968068818                    0.1                    0.2     0.4253814760334489                     10
#! FIELDS time abs_dist abs_nh sigma_abs_dist sigma_abs_nh height biasf
#! SET multivariate false
                    170      4.816291220976991      3.172614026928233                    0.1                    0.2     0.4392905461470134                     10
                    171      3.957130345929743      3.153651649772246                    0.1                    0.2     0.4267005343831647                     10
                    172      3.709240564413716      3.495829861385446                    0.1                    0.2     0.4316373131079577                     10
                    173       4.35678933935532      3.615120809174555                    0.1                    0.2     0.4364217684688584                     10
                    174      3.580012781339851      2.829048746295582                    0.1                    0.2     0.4267303191264554                     10
                    175      2.816675816036244      2.573862187955156                    0.1                    0.2      0.429374408948421                     10
                    176      2.550334629399877       2.54249601177624                    0.1                    0.2     0.4220173107018324                     10
                    177      2.913078331379968      2.637726456942155                    0.1                    0.2     0.4230590088559401                     10
                    178       2.31173275956473      2.314336335826435                    0.1                    0.2     0.4285803933605641                     10
                    179      2.482925642725895      3.252699514458852                    0.1                    0.2     0.4327515541707385                     10
                    180      2.127211501779945       3.51994954142156                    0.1                    0.2     0.4193855666762832                     10
                    181      1.884249091573257      3.396635168835668                    0.1                    0.2      0.413124459949942                     10
                    182      3.471235478390581      2.774868512100547                    0.1                    0.2     0.4287082098040376                     10
                    183      2.209897017800921      3.499796531435594                    0.1                    0.2     0.4120372121707811                     10
                    184      1.793796106367707      3.444410750620496                    0.1                    0.2     0.4123048621539494                     10
                    185      1.740959420862542      2.917606735108937                    0.1                    0.2     0.4261030416172729                     10
                    186      1.580123790063292      2.023316405435812                    0.1                    0.2     0.4406328627734522                     10
                    187      1.927603150621024      3.508770723085573                    0.1                    0.2       0.40742769965915                     10
                    188       1.88591799214794      3.550574368650747                    0.1                    0.2     0.4064468650967443                     10
                    189      3.550263030567158      3.634726964544292                    0.1                    0.2     0.4269841337201244                     10
                    190      3.495404547820875      3.519537014335739                    0.1                    0.2     0.4107918138135945                     10
                    191      3.985594374123447      2.958330622259523                    0.1                    0.2     0.4237593216443345                     10
                    192      3.491538034605264       3.02844706865498                    0.1                    0.2     0.4133819074334855                     10
                    193      2.298524620023024      3.243712238252743                    0.1                    0.2     0.4192245255879332                     10
                    194      2.650098872671573       2.30129695072577                    0.1                    0.2     0.4309910210957189                     10
                    195      2.148799431158875      3.297104514208566                    0.1                    0.2     0.4124144505228014                     10
                    196      2.298113831808246      2.928754462335025                    0.1                    0.2     0.4206738981052119                     10
                    197      1.638540340490613      3.455340462628378                    0.1                    0.2     0.4079569307211371                     10
                    198      1.818051227011312      2.223254725425481                    0.1                    0.2     0.4343500848275216                     10
                    199      1.508140942421087      3.454963370529287                    0.1                    0.2     0.4087646039450922                     10
#! FIELDS time abs_dist abs_nh sigma_abs_dist sigma_abs_nh height biasf
#! SET multivariate false
                    200      1.502980958249409      2.443350595614065                    0.1                    0.2     0.4196673777959425                     10
                    201      2.994675557736207      3.483904804718082                    0.1                    0.2     0.4260389239590162                     10
                    202      2.589620447250432      2.324497622151326                    0.1                    0.2      0.422107714226409                     10
                    203      2.221216154767236      3.461744673702941                    0.1                    0.2     0.4033567042868811                     10
                    204      2.107305275334081      2.377967330075006                    0.1                    0.2     0.4340928408631159                     10
                    205      1.913570032791231      3.213974515593145                    0.1                    0.2     0.4151469537206517                     10
                    206      2.868552399859684      3.504888021455782                    0.1                    0.2     0.4183890221679039                     10
                    207      1.752387814094477      2.803512060194437                    0.1                    0.2     0.4209774851296176                     10
                    208      2.120380029295404       2.74925750245891                    0.1                    0.2     0.4252341501781728                     10
                    209      1.386584565375041      2.925536434186865                    0.1                    0.2     0.4243568097915665                     10
                    210      2.295928381641667      3.672719770183547                    0.1                    0.2     0.4195313396547284                     10
                    211      4.976875437572486      2.120173908704161                    0.1                    0.2     0.4439082830978905                     10
                    212      3.134799478562728      3.432947374081475                    0.1                    0.2     0.4218095092025299                     10
                    213      3.127655688710012      3.217886089293599                    0.1                    0.2     0.4194048648853825                     10
                    214      3.059745224424063      2.370771425509237                    0.1                    0.2     0.4304156517087324                     10
                    215      4.501730008061466      3.165006985878789                    0.1                    0.2     0.4396436741619857                     10
                    216      1.184111436917038      2.335944911000673                    0.1                    0.2     0.4420036682068765                     10
                    217      3.356365100832249      3.181132387671342                    0.1                    0.2     0.4175808113432165                     10
                    218      3.487314104890577        3.6439110822667                    0.1                    0.2     0.4166075276032271                     10
                    219      3.307175976400409      3.270012615258464                    0.1                    0.2     0.4126174289681606                     10
                    220      3.951818634169046      2.368789080209347                    0.1                    0.2     0.4279775034701404                     10
                    221      3.716958880967621      3.640235983462845                    0.1                    0.2     0.4327179727437596                     10
                    222      2.509102005417062      2.996237805124296                    0.1                    0.2     0.4218998439604928                     10
                    223      2.711603854660152      2.460718925237551                    0.1                    0.2      0.422886908395357                     10
                    224      3.524840343869167      3.563024493369578                    0.1                    0.2     0.4067099069116106                     10
                    225      3.473394383803543      2.798951644403149                    0.1                    0.2     0.4207078348008669                     10
                    226      3.586996487841009      3.507701230491439                    0.1                    0.2     0.4068169171312921                     10
                    227      2.811279131220056      3.590271365517863                    0.1                    0.2     0.4180089882775765                     10
                    228      2.160535085848153      2.203062317955168                    0.1                    0.2      0.430900257551643                     10
                    229      2.572774586340722      2.466711128085036                    0.1                    0.2     0.4111293709454891                     10
                    230      1.379398580507849      3.246954896783826                    0.1                    0.2     0.4102043373256647                     10
#! FIELDS time abs_dist abs_nh sigma_abs_dist sigma_abs_nh height biasf
#! SET multivariate false
                    231      2.104028174524932      2.256495535909728                    0.1                    0.2     0.4255268916447473                     10
                    232      2.087780185923377      3.503271904482421                    0.1                    0.2     0.4064762988823614                     10
                    233       1.85708416108525       2.42823234036097                    0.1                    0.2     0.4261029655692666                     10
                    234      2.009909646113676      2.963958762435004                    0.1                    0.2     0.4201594141312253                     10
                    235      1.628888116124174      3.252385256927028                    0.1                    0.2     0.4069320037904673                     10
                    236      2.171131688472226      3.532982810898434                    0.1                    0.2     0.3995882144832287                     10
                    237      1.319014559356969      3.235405059486221                    0.1                    0.2     0.4132222036008485                     10
                    238      1.295722728881093      2.383340819269675                    0.1                    0.2     0.4337012631423381                     10
                    239      2.169721627018837      3.319757435610507                    0.1                    0.2     0.3986789548022279                     10
                    240       1.39437010954307      3.025640201324135                    0.1                    0.2     0.4122274292377264                     10
                    241      1.302907064973315      3.202905405488642                    0.1                    0.2     0.4095008466157333                     10
                    242      1.593143659708318       2.87556931298134                    0.1                    0.2     0.4216127864340683                     10
                    243       1.17226400373597      2.881835729230516                    0.1                    0.2     0.4359652571362322                     10
                    244      2.334634153008871      3.549739430637071                    0.1                    0.2     0.4099714612875692                     10
                    245       3.87485021463116      2.173325815713039                    0.1                    0.2     0.4289309544789627                     10
                    246      1.442409773754319      3.452241361040801                    0.1                    0.2     0.4063160169722518                     10
                    247      1.200791943557574      3.292241527285213                    0.1                    0.2     0.4271786314456253                     10
                    248      1.744019947861139       3.00501738696293                    0.1                    0.2     0.4165767326104973                     10
                    249      2.422833700689144      2.982817558733293                    0.1                    0.2      0.416018319078591                     10
                    250       2.28148107645061      1.592298528980559                    0.1                    0.2     0.4435581879917043                     10
                    251      1.216155121522936      2.269307217295836                    0.1                    0.2     0.4352469869363702                     10
                    252      2.289702288565266      2.962356325474901                    0.1                    0.2     0.4127810297722991                     10
                    253      2.859926478273151      3.438211791056217                    0.1                    0.2     0.4108212365571935                     10
                    254      2.709677251371629      3.153237924489312                    0.1                    0.2      0.432460067360488                     10
                    255      3.260002018762112      3.384116774638867                    0.1                    0.2     0.4097131589053681                     10
                    256      4.382906655080624      3.417424436351361                    0.1                    0.2     0.4319260420158096                     10
                    257      4.745863610701119      2.729284200047608                    0.1                    0.2     0.4420539028904145                     10
                    258      4.024909957742116      3.566582003025335                    0.1                    0.2     0.4375726746346892                     10
                    259      3.306954586503625      3.091141634105074                    0.1                    0.2     0.4148661727804135                     10
                    260      1.444694963674309      3.482482388250126                    0.1                    0.2     0.4050437895499864                     10
                    261      3.484447993387894      3.608981048500374                    0.1                    0.2     0.4026222272264615                     10
                    262      4.027105036104718      3.208242119280411                    0.1                    0.2     0.4270835023256464                     10
#! FIELDS time abs_dist abs_nh sigma_abs_dist sigma_abs_nh height biasf
#! SET multivariate false
                    263      4.030312736582335      2.879269995597333                    0.1                    0.2      0.423693371094038                     10
                    264      3.527637841700907      2.364180583521685                    0.1                    0.2     0.4371894559252285                     10
                    265      2.251803926188698      3.372128861107115                    0.1                    0.2     0.3920650601009484                     10
                    266      1.799927679713291       2.84733650112591                    0.1                    0.2     0.4140589868814903                     10
                    267      1.623078116661371      2.450946018295883                    0.1                    0.2     0.4161389658840921                     10
                    268      1.528908757249458      2.478764941141389                    0.1                    0.2     0.4109871759828382                     10
                    269      3.542615105830844      2.281852319051487                    0.1                    0.2       0.43493963735551                     10
                    270      4.228773843845093      3.157664249559192                    0.1                    0.2     0.4362470578075237                     10
                    271      3.335141059672944      3.144852832892812                    0.1                    0.2     0.4067445568858935                     10
                    272      3.063138835966009       3.41867270522593                    0.1                    0.2     0.4142007309025333                     10
                    273      3.454418259895889      3.580324226122838                    0.1                    0.2     0.3973355830827203                     10
                    274      3.565681821650128      2.483409647699985                    0.1                    0.2     0.4292842663414047                     10
                    275       4.14136443644693      2.841757142561655                    0.1                    0.2     0.4290854495223154                     10
                    276      4.467169481228153      2.712880134114575                    0.1                    0.2     0.4288078877666716                     10
                    277      3.749853509196352      3.635226329755306                    0.1                    0.2     0.4286435799685088                     10
                    278      2.943286956582084      3.365638847576575                    0.1                    0.2     0.4096342879543613                     10
                    279      3.166173777073079      3.462068497920482                    0.1                    0.2      0.409142497926886                     10
                    280      1.894234287668001      3.333883746739748                    0.1                    0.2      0.399058863552567                     10
                    281      1.762658770652459      3.555937074166806                    0.1                    0.2     0.4059467609120072                     10
                    282      2.231252676807764      3.461787012520904                    0.1                    0.2     0.3851807786144155                     10
                    283       1.90530274748614      2.751402838299128                    0.1                    0.2     0.4170795824894022                     10
                    284       1.62626104311975      3.571673343149754                    0.1                    0.2      0.404258150767982                     10
                    285      1.782003504814654      3.395232623965181                    0.1                    0.2     0.3960719543461775                     10
                    286      1.692506347224334      3.566892665085868                    0.1                    0.2     0.3987974922734871                     10
                    287      2.339448974584409       2.34791401576411                    0.1                    0.2      0.421106284839014                     10
                    288      1.819565586370766      2.313875876810715                    0.1                    0.2     0.4224816432503431                     10
                    289      2.301524267616238      2.751016096420529                    0.1                    0.2     0.4129157120767841                     10
                    290      2.031845125293196      3.101724117786528                    0.1                    0.2     0.4101783252044827                     10
                    291      3.723727951757255      2.322509199582429                    0.1                    0.2     0.4303318042429891                     10
#! FIELDS time abs_dist abs_nh sigma_abs_dist sigma_abs_nh height biasf
#! SET multivariate false
                    292      3.817404761195654      3.627302153064316                    0.1                    0.2     0.4304003179219538                     10
                    293      3.290536865851222      3.677403027822635                    0.1                    0.2     0.4234525263567636                     10
                    294       2.82351846794809      2.760670330627382                    0.1                    0.2     0.4226640143691812                     10
                    295      2.631980346644429       3.15550917297619                    0.1                    0.2     0.4277685315723787                     10
                    296      2.683979832627255      3.355652038523542                    0.1                    0.2     0.4217145978622804                     10
                    297      1.706943148786773      2.852724450056045                    0.1                    0.2      0.407378100149573                     10
                    298      1.465968569851285      2.396607254110566                    0.1                    0.2     0.4125784144944898                     10
                    299      3.600355886573665      2.801838618245827                    0.1                    0.2      0.416593397412067                     10
                    300       3.22148642551243      3.209921358095004                    0.1                    0.2      0.401580556355233                     10
                    301      2.886928324670663      2.944994532429614                    0.1                    0.2     0.4223883275082372                     10
                    302      2.696478458636259      2.363707035440536                    0.1                    0.2     0.4187221954749697                     10
                    303      2.518646968769401      2.346857508713684                    0.1                    0.2     0.4131358500299008                     10
                    304      3.508859724087034       2.81735037990664                    0.1                    0.2     0.4100120426775218                     10
                    305      3.933918643646855      2.837485237559523                    0.1                    0.2     0.4153117292671992                     10
                    306      4.667510487862605      3.390423470930393                    0.1                    0.2     0.4424651741285461                     10
                    307      4.629201166670017      3.297725246711577                    0.1                    0.2     0.4371183426259375                     10
                    308      2.360034611675507      3.562039304449719                    0.1                    0.2     0.4089632430295929                     10
                    309      2.151984822324724      3.521159959415318                    0.1                    0.2     0.3880693990211312                     10
                    310      2.322541982664267      2.778240091068344                    0.1                    0.2     0.4080838284008483                     10
                    311      2.474389265367781      2.629810186876923                    0.1                    0.2     0.4117498180670306                     10
                    312      1.874861991705322      2.294369939773079                    0.1                    0.2     0.4196629309299225                     10
                    313      3.520026855896862      2.686679283465531                    0.1                    0.2     0.4128145230811909                     10
                    314      4.285109027136219      2.767698504085768                    0.1                    0.2     0.4297773957792216                     10
                    315      4.927947498130975      2.780006610992499                    0.1                    0.2     0.4348303469003101                     10
                    316      3.554716165220585       2.27872868539845                    0.1                    0.2     0.4264028028741806                     10
                    317      3.326468669551688       3.06630192606463                    0.1                    0.2     0.4054597026207382                     10
                    318      3.100525120110849        2.4537088995933                    0.1                    0.2     0.4259874492784321                     10
                    319      3.809161288884313      3.490542603054727                    0.1                    0.2     0.4226594885923501                     10
#! FIELDS time abs_dist abs_nh sigma_abs_dist sigma_abs_nh height biasf
#! SET multivariate false
                    320      4.939982830978334      3.017748494079631                    0.1                    0.2     0.4306181452301763                     10
                    321      3.356260446525231      3.209849650698169                    0.1                    0.2     0.3934973692692648                     10
                    322      1.951710506097017      3.508447795038772                    0.1                    0.2     0.3922145454139725                     10
                    323      2.498855930720347      3.512634747753022                    0.1                    0.2     0.4312811846533134                     10
                    324      1.249044073627833      3.384792148058905                    0.1                    0.2     0.4192094297916235                     10
                    325      1.564347477029006      3.446282143586156                    0.1                    0.2     0.3900243069142762                     10
                    326      1.803019914998826       3.57080573950511                    0.1                    0.2     0.3948587362939199                     10
                    327      3.094166875701006      3.439559312690467                    0.1                    0.2     0.4043531445030137                     10
                    328       2.35627648156307      3.449232854725994                    0.1                    0.2     0.3989382792851852                     10
                    329      2.236983500062482      3.598007704663435                    0.1                    0.2     0.3862050720378076                     10
                    330      3.385402393430953      3.453282371466307                    0.1                    0.2     0.3902746978022336                     10
                    331      3.343153326044773      2.818305058857003                    0.1                    0.2      0.416895864979332                     10
                    332      3.887696149626104      3.610624636746141                    0.1                    0.2     0.4276809532417249                     10
                    333      3.808317440265296      3.493852068592558                    0.1                    0.2     0.4155631211786676                     10
                    334       4.64634888361986       3.07778162095195                    0.1                    0.2     0.4361853134911006                     10
                    335      3.974247368096871       2.71885239409588                    0.1                    0.2     0.4173779156839297                     10
                    336      5.071105940563338      3.094356422016487                    0.1                    0.2     0.4381271869215623                     10
                    337      4.394075430914894      2.421741897718672                    0.1                    0.2     0.4327828958801829                     10
                    338       2.56509097637309      2.832018005360331                    0.1                    0.2     0.4119577568027894                     10
                    339      3.828697861901019      2.652688862678392                    0.1                    0.2     0.4174639897200798                     10
                    340      2.326376087792573       3.60659438884896                    0.1                    0.2     0.3937930853398799                     10
                    341      3.457629402656518      3.044171418253158                    0.1                    0.2     0.3953215968685093                     10
                    342      3.187004507072736      3.021920399122644                    0.1                    0.2     0.4113001217629217                     10
                    343      2.808947433313996       3.49018446087705                    0.1                    0.2     0.4032945774176154                     10
                    344      3.071580633917338      3.073427946170386                    0.1                    0.2     0.4133993641112473                     10
                    345        4.3200614197695      3.133842135317678                    0.1                    0.2     0.4289849127297448                     10
                    346      2.925763639683844      2.925771977289696                    0.1                    0.2     0.4161366768334151                     10
                    347      4.273988467689628       2.63688110064185                    0.1                    0.2     0.4254993163430881                     10
                    348      3.388677400232944      2.417664060923506                    0.1                    0.2     0.4246284023057238                     10
                    349      5.057059284803212      2.593378546592351                    0.1                    0.2     0.4386434861616649                     10
#! FIELDS time abs_dist abs_nh sigma_abs_dist sigma_abs_nh height biasf
#! SET multivariate false
                    350      4.249520985425191      2.905738337212334                    0.1                    0.2      0.422440167952502                     10
                    351      4.252032585089164      2.796160909981865                    0.1                    0.2     0.4170966629204129                     10
                    352      4.233629174704089      3.359966787747723                    0.1                    0.2     0.4297349269394623                     10
                    353      4.354586786189244      2.417576361983235                    0.1                    0.2     0.4271376660699249                     10
                    354       3.34525367334682      3.135111862960574                    0.1                    0.2     0.3881487878415338                     10
                    355      1.196923513603928      3.090330834259552                    0.1                    0.2     0.4221499593433905                     10
                    356      3.416096586251638       2.41639891130509                    0.1                    0.2     0.4188552281173883                     10
                    357      3.396047225497396      3.058931939757799                    0.1                    0.2     0.3887579917441517                     10
                    358      4.954792606013149      2.998099387386653                    0.1                    0.2     0.4241970990658802                     10
                    359      4.772921740586261      2.242662076450375                    0.1                    0.2     0.4426277680494038                     10
                    360      4.303713003249252      3.555378583284964                    0.1                    0.2     0.4259460414674669                     10
                    361      4.202081724469629       3.56210654074426                    0.1                    0.2     0.4289448908285988                     10
                    362      4.688418904447682      3.460994779333151                    0.1                    0.2     0.4351972057642341                     10
                    363      4.012829220451747      3.358670613031049                    0.1                    0.2     0.4230096931756316                     10
                    364      3.755433633623135      2.794831038084897                    0.1                    0.2     0.4138446324270684                     10
                    365      4.214757759739745      2.207463037428854                    0.1                    0.2     0.4388990057655216                     10
                    366       3.10316110370695      3.515524317652345                    0.1                    0.2     0.4049695368920273                     10
                    367      2.075583113372534      2.579731238237758                    0.1                    0.2     0.4227165211905429                     10
                    368      1.664018640770552      2.440152400367886                    0.1                    0.2     0.4092070756613263                     10
                    369      2.934336294883342      3.361379078148792                    0.1                    0.2     0.4003640305510501                     10
                    370      3.325629856172103      2.467796850699858                    0.1                    0.2     0.4191818137921336                     10
                    371      2.845139028293518      2.448577154639457                    0.1                    0.2     0.4194485506643924                     10
                    372      2.983981384970981      2.594080778598384                    0.1                    0.2     0.4143811304725165                     10
                    373      2.230137070811395      2.758697147955838                    0.1                    0.2     0.4066846613966182                     10
                    374       3.72740062862883       2.42893767856801                    0.1                    0.2     0.4211934784611642                     10
                    375      3.948493193317364      2.531288213781899                    0.1                    0.2     0.4159356477751318                     10
                    376      4.194037835617638      2.630138559158525                    0.1                    0.2     0.4181208276064378                     10
                    377      3.902777505409926      2.696125564790368                    0.1                    0.2     0.4058169298896639                     10
                    378      4.265419843518881      2.985784052710741                    0.1                    0.2     0.4152869087718556                     10
#! FIELDS time abs_dist abs_nh sigma_abs_dist sigma_abs_nh height biasf
#! SET multivariate false
                    379      3.823316746968448      3.046890978176874                    0.1                    0.2     0.4052052012836466                     10
                    380      3.912665599833537      3.054477707787817                    0.1                    0.2     0.4016786375850369                     10
                    381      4.736452219227484      2.982947341540272                    0.1                    0.2     0.4319306942023382                     10
                    382      3.957119470490706      3.403844413772547                    0.1                    0.2     0.4163432084041312                     10
                    383      4.359457284347074      3.451689190480209                    0.1                    0.2      0.418595511759447                     10
                    384      4.918661159071386       2.91548546790485                    0.1                    0.2      0.419670207246618                     10
                    385        4.4615716300989      2.810904748392652                    0.1                    0.2      0.421771250475919                     10
                    386       4.51418506758632      2.630487042104079                    0.1                    0.2      0.422130285314013                     10
                    387      2.852408619562921      2.595394347828374                    0.1                    0.2     0.4074535025001991                     10
                    388      2.107586335574566      2.704359945683601                    0.1                    0.2     0.4130671488738786                     10
                    389      1.239316089209377      3.286214680126083                    0.1                    0.2     0.4086889217482507                     10
                    390      2.189023955215337        1.8695894243537                    0.1                    0.2     0.4365501273520083                     10
                    391     0.2865815023870835      1.461655042895729                    0.1                    0.2     0.4444444444444445                     10
                    392     0.1889210091577951      1.273667324493865                    0.1                    0.2     0.4425137757782531                     10
                    393     0.2691544251444886      1.321404667450234                    0.1                    0.2     0.4373663530329611                     10
                    394     0.2743634448206618       1.36995705474075                    0.1                    0.2     0.4326603947668728                     10
                    395     0.1916153239349314      1.578858941123622                    0.1                    0.2     0.4369162765923039                     10
                    396     0.3978012060486684      1.501794582883428                    0.1                    0.2     0.4379579966739089                     10
                    397     0.1734252848655924      1.425656841632548                    0.1                    0.2     0.4293997386219306                     10
                    398     0.2597816393298837      1.143610640783591                    0.1                    0.2     0.4326631055555688                     10
                    399      0.309312649288376      1.231427056532031                    0.1                    0.2     0.4258742640609305                     10
                    400     0.3599171965806298      1.593731501737835                    0.1                    0.2     0.4315907462201991                     10
                    401     0.3766243352763861      1.381573437013587                    0.1                    0.2     0.4242410302184031                     10
                    402     0.1521483093916018       1.20519327804424                    0.1                    0.2     0.4284566218145111                     10
                    403     0.1275943737275034      0.813975398587901                    0.1                    0.2     0.4427426541413287                     10
                    404    0.05670091336848992     0.1117348250720567                    0.1                    0.2     0.4444444444444445                     10
                    405    0.05354640456641269    0.09599614651581634                    0.1                    0.2     0.4396395296394048                     10
                    406   0.009561060459980064     0.1858463155568524                    0.1                    0.2     0.4365120705931733                     10
                    407    0.02131342879812825   0.004387599369642281                    0.1                    0.2     0.4334072058734598                     10
                    408    0.04263576400969837     0.1606757858750054                    0.1                    0.2     0.4276897350132125                     10
                    409    0.08425858600507996     0.1591709364656468                    0.1                    0.2     0.4252365282859949                     10
                    410    0.05207639589856128     0.0308237118705259                    0.1                    0.2     0.4210339964396363                     10
                    411    0.04857631226815085    0.05490963362864232                    0.1                    0.2     0.4157036099360359                     10
