#! FIELDS time p.x p.y sigma_p.x sigma_p.y height biasf
#! SET multivariate false
#! SET kerneltype gaussian
                    2.5    0.02760370008240675      1.473459203357609                    0.1                    0.1     0.5555555555555556                     10
                      5    -0.5710908790420797     -1.599983350290862                    0.1                    0.1     0.5555555555555556                     10
                    7.5       2.27721250006236    -0.2637229521052243                    0.1                    0.1     0.5555555555555556                     10
                     10     0.7964628504280995    -0.7112215525761405                    0.1                    0.1     0.5555555555555556                     10
                   12.5     0.3221491195019722      -1.07967489550188                    0.1                    0.1     0.5555555555555556                     10
                     15      0.400836930497439     -1.493325290736048                    0.1                    0.1     0.5555555555555556                     10
                   17.5     0.4455992395121067    -0.9269433391650749                    0.1                    0.1     0.5510760814628162                     10
                     20    -0.2235860331870329     -1.824067578454292                    0.1                    0.1     0.5555555555555556                     10
                   22.5     0.5176015488308603     -1.554221362640011                    0.1                    0.1      0.542709037754413                     10
                     25      2.335841478603133    -0.5759760882854439                    0.1                    0.1     0.5553567359671332                     10
                   27.5     0.3509981550980357     -1.325226003738502                    0.1                    0.1     0.5469669944038776                     10
                     30    0.09573975579479913     -1.292245849168028                    0.1                    0.1     0.5541986361463933                     10
                   32.5    -0.3271402575563085     -1.091239908090865                    0.1                    0.1     0.5555555555555556                     10
                     35     0.8443903749608704     -1.296986384865473                    0.1                    0.1     0.5555555555555556                     10
                   37.5      2.260725482101087    -0.6359882248291634                    0.1                    0.1     0.5364145889868027                     10
                     40      1.586709171100956    -0.7835219151024141                    0.1                    0.1     0.5555555555555556                     10
                   42.5      1.449537735053464    -0.9754868193266384                    0.1                    0.1     0.5536460412906065                     10
                     45      1.438026310660775    -0.8399377186462721                    0.1                    0.1     0.5349897010705237                     10
                   47.5       1.26803672501484    -0.8590066959917263                    0.1                    0.1     0.5455904592221061                     10
                     50      2.010132913395828    -0.9582905748795799                    0.1                    0.1     0.5555555555555556                     10
                   52.5      1.816948733177045    -0.6130622449510298                    0.1                    0.1      0.555044824244911                     10
                     55      1.713721376607628    -0.6120955771263444                    0.1                    0.1     0.5346309569686719                     10
                   57.5       1.65268082968897     -1.083285536406516                    0.1                    0.1     0.5529390829529058                     10
                     60      1.520687377261386    -0.5747763872159349                    0.1                    0.1     0.5475045627495162                     10
                   62.5      1.616568575479584    -0.8523179154025669                    0.1                    0.1     0.5200502184995045                     10
                     65      1.718224673916446    -0.5894810716505087                    0.1                    0.1     0.5038545079679594                     10
                   67.5      1.950975530617395    -0.6099315123348173                    0.1                    0.1     0.5393274796250782                     10
                     70      1.821794942757196    -0.9646765897380022                    0.1                    0.1     0.5444705144646579                     10
                   72.5       1.89206471800821     -1.106099551937137                    0.1                    0.1     0.5401824695185439                     10
                     75      1.587065604575393     -1.129101959152002                    0.1                    0.1     0.5286186768297843                     10
                   77.5      2.059057770558104    -0.6116177813673161                    0.1                    0.1      0.533004249464286                     10
                     80      1.416573933454579    -0.7860537687106369                    0.1                    0.1     0.5076016911889735                     10
                   82.5      1.407896814433174    -0.5011842464259493                    0.1                    0.1     0.5424050969504803                     10
                     85      1.746549217205392    -0.6141949377916944                    0.1                    0.1     0.4746510683784159                     10
                   87.5      1.450480901769209    -0.8645858655462342                    0.1                    0.1      0.474340988111234                     10
                     90      1.981721956333138    -0.9913852443794631                    0.1                    0.1     0.5106911069984545                     10
                   92.5      1.375691852194286    -0.4124976931077381                    0.1                    0.1     0.5337866496241475                     10
                     95      1.602463707398751    -0.6278051851788371                    0.1                    0.1     0.4836970451996508                     10
                   97.5      1.482679748623856     -1.174100643162918                    0.1                    0.1     0.5314695884186817                     10
                    100      2.124207354906461    -0.7786605517732289                    0.1                    0.1      0.539168041917108                     10
                  102.5      1.183260675432819    -0.4064101612785307                    0.1                    0.1      0.549386194533717                     10
                    105      1.465054285545365    -0.6188624513514668                    0.1                    0.1     0.4924545073911497                     10
                  107.5      1.949257037038278    -0.6006113439752164                    0.1                    0.1     0.4919525706776458                     10
                    110      1.719108476533779     -1.271756883012502                    0.1                    0.1     0.5440534187822443                     10
                  112.5      1.679308817385122    -0.6601541122475711                    0.1                    0.1     0.4490425170334355                     10
                    115      1.626396934476394    -0.3267280061475945                    0.1                    0.1      0.551582929522489                     10
                  117.5      1.424819138226425    -0.7543829762179342                    0.1                    0.1     0.4653785857391413                     10
                    120        1.8650356624757    -0.8102536384472152                    0.1                    0.1     0.5233022711396575                     10
                  122.5      1.798510914486367    -0.7563188151726052                    0.1                    0.1     0.4822685096796123                     10
                    125      1.678483912345424     -1.086047652829686                    0.1                    0.1     0.4922821671318553                     10
                  127.5      1.471008505980628    -0.9784705395528646                    0.1                    0.1     0.4781499620612762                     10
                    130      1.710275105415759    -0.9426817325175115                    0.1                    0.1     0.4915013938489302                     10
                  132.5      1.722292429474631     -0.740543865207379                    0.1                    0.1     0.4447918856477492                     10
                    135      1.802945328898124    -0.8314048989700847                    0.1                    0.1      0.462012163109522                     10
                  137.5      1.968256661276247    -0.7981862795626056                    0.1                    0.1     0.4904434063578358                     10
                    140      2.012482787383225    -0.9238538532366106                    0.1                    0.1     0.4780963339602858                     10
                  142.5      1.871035425536423     -0.761929172028521                    0.1                    0.1     0.4366823357360505                     10
                    145      1.669802948556097    -0.8295245410639349                    0.1                    0.1     0.4396972362427662                     10
                  147.5      2.102308777699049    -0.7141172173836099                    0.1                    0.1     0.4886834945196087                     10
                    150       1.50261529254386    -0.6401284963576335                    0.1                    0.1     0.4475261098576208                     10
                  152.5      2.042625209152255    -0.9046062381394352                    0.1                    0.1     0.4609408561613031                     10
                    155      1.601767643760886     -1.040033531580477                    0.1                    0.1     0.4552641868156299                     10
                  157.5      1.769724196154481    -0.7847550555679175                    0.1                    0.1     0.4035944608114037                     10
                    160      1.935775220185142    -0.8383219083215304                    0.1                    0.1     0.4209563317130013                     10
                  162.5      1.769694286182783    -0.6927808341688382                    0.1                    0.1      0.383098691802687                     10
                    165      1.460390169988224    -0.9799579706957481                    0.1                    0.1     0.4489884509927172                     10
                  167.5      1.379394784498722    -0.6809542038096565                    0.1                    0.1     0.4703118504943052                     10
                    170      1.060366210302535     -1.086097705296025                    0.1                    0.1      0.554963915731113                     10
                  172.5        1.8768670411129    -0.9330355634118508                    0.1                    0.1     0.4254598714471532                     10
                    175      1.503744365479293    -0.6368648070495769                    0.1                    0.1     0.4190672876444446                     10
                  177.5       1.09314948927454      -1.06632873126147                    0.1                    0.1     0.5267480709686359                     10
                    180      1.896076182823097     -0.390200177302267                    0.1                    0.1     0.5453992540952682                     10
                  182.5      1.525075181046436    -0.6195703112369922                    0.1                    0.1     0.4039610909200461                     10
                    185      2.014565450920232    -0.8819066951359703                    0.1                    0.1     0.4133240611231848                     10
                  187.5     0.9284949770283205    -0.9442927357084562                    0.1                    0.1     0.5464099397450565                     10
                    190       1.71905809376745    -0.7932395203540392                    0.1                    0.1     0.3805795237005535                     10
                  192.5      1.042822431068269     -0.507208236524143                    0.1                    0.1     0.5484719426820379                     10
                    195      2.121147534825999    -0.9687293778044789                    0.1                    0.1     0.4833588384827222                     10
                  197.5      1.511830946943763     -1.180802932430674                    0.1                    0.1     0.4832522818876681                     10
                    200      1.906028423739626      -1.24744617965977                    0.1                    0.1     0.5370405020954231                     10
                  202.5     0.7728617743167602     -1.284258808325807                    0.1                    0.1     0.5322455977521775                     10
                    205       1.93560680830406     -1.041081868658671                    0.1                    0.1     0.4450754713418333                     10
                  207.5      1.020183856901118     -1.153727363693734                    0.1                    0.1     0.5139875546002846                     10
                    210      1.201237907417382      -1.31278925385945                    0.1                    0.1     0.5520304605936057                     10
                  212.5     0.5903662672622696     -1.177853200009391                    0.1                    0.1     0.5502229872659551                     10
                    215     0.9281863926425149     -1.079286442903103                    0.1                    0.1     0.5077777435107034                     10
                  217.5      2.141562005970005    -0.4890438423071022                    0.1                    0.1     0.5289501386892278                     10
                    220      1.241197904853589    -0.5621408593621194                    0.1                    0.1     0.5242401419254532                     10
                  222.5      1.396622740486837     -0.989849494311359                    0.1                    0.1     0.4550218254713946                     10
                    225      1.077096870689929    -0.8314001449359044                    0.1                    0.1     0.5412411240258448                     10
                  227.5       2.03941544706781    -0.9189619244008653                    0.1                    0.1     0.3941466260664438                     10
                    230      1.526512904090497    -0.4164974737292654                    0.1                    0.1      0.502160996566118                     10
                  232.5      1.136941609415309      -1.15433252880455                    0.1                    0.1     0.4973336024910677                     10
                    235      1.577531443203539    -0.9153059577522767                    0.1                    0.1     0.4176795238058676                     10
                  237.5     0.8270336228732563    -0.9668613170935499                    0.1                    0.1     0.5252337081509122                     10
                    240      1.855639183755593     -1.048282310534967                    0.1                    0.1     0.4399192556201329                     10
                  242.5     0.4504835176201308     -1.563584737508845                    0.1                    0.1     0.5109767252880764                     10
                    245      1.739518217576316     -1.105132146676039                    0.1                    0.1     0.4495208579005698                     10
                  247.5      2.416021324487633     -0.654344427277897                    0.1                    0.1     0.5303151497449761                     10
                    250   -0.03876131418722294     -1.092546892219278                    0.1                    0.1     0.5533744374665487                     10
                  252.5      1.206027176014641    -0.7835192427062316                    0.1                    0.1     0.5107819306446485                     10
                    255      1.799277773422332    -0.7246941559129645                    0.1                    0.1     0.3596243893775377                     10
                  257.5      1.454633975096776    -0.8244215743928174                    0.1                    0.1      0.394782916314708                     10
                    260      1.017207118101023    -0.9972877354432226                    0.1                    0.1     0.4706922422558066                     10
                  262.5       1.34078049850517    -0.6258416269418937                    0.1                    0.1     0.4555385606332334                     10
                    265      1.722641812581703    -0.4805794587536114                    0.1                    0.1     0.4794783438751663                     10
                  267.5      1.191535380550371    -0.8905071190922521                    0.1                    0.1     0.4892823508288126                     10
                    270      1.063964877958242      -1.18733454724781                    0.1                    0.1     0.4682013326961914                     10
                  272.5      1.975667251364087    -0.5266316814281985                    0.1                    0.1     0.4744964708730889                     10
                    275      1.398432942577979    -0.8731749609151098                    0.1                    0.1     0.3947717998883419                     10
                  277.5      1.022479983757798    -0.7411356565565609                    0.1                    0.1     0.5226712408400231                     10
                    280      1.432924973093616    -0.3135188372644512                    0.1                    0.1     0.5184515521872084                     10
                  282.5      1.960628072646222    -0.7837703178387042                    0.1                    0.1     0.3875158004613835                     10
                    285      2.008260963121021     -1.020160662854552                    0.1                    0.1     0.4054793868501882                     10
                  287.5      1.806092421202106    -0.9807078877892884                    0.1                    0.1     0.4001364034792325                     10
                    290      1.250485994873402     -1.020932063503693                    0.1                    0.1     0.4934272521622931                     10
                  292.5      2.085226195857658    -0.6362207032843509                    0.1                    0.1     0.4494148568990335                     10
                    295      1.404975371394211     -1.206105322448112                    0.1                    0.1     0.5039189948172162                     10
                  297.5      2.028070614835197     -0.575811042751028                    0.1                    0.1     0.4298219915667775                     10
                    300      2.113412848992705    -0.7154457537602092                    0.1                    0.1      0.430640596970006                     10
                  302.5      1.786317115953176     -1.009662385838571                    0.1                    0.1     0.3943920171679899                     10
                    305     0.8507669440512807     -1.450693848880775                    0.1                    0.1     0.5406224581995908                     10
                  307.5      1.345729943648531     -0.959526573331339                    0.1                    0.1     0.4212443048522999                     10
                    310      1.317927738732037     -1.350460904076982                    0.1                    0.1     0.5310110777319192                     10
                  312.5     0.3219495001106229     -1.156458771720627                    0.1                    0.1     0.5235822802824566                     10
                    315    -0.2213591174967811     -1.837999660983395                    0.1                    0.1     0.5257566975425028                     10
                  317.5    -0.8754743084099909     -1.598465547431358                    0.1                    0.1     0.5552546793812434                     10
                    320    0.01198225935761837      -1.07107172721792                    0.1                    0.1     0.5274248789582424                     10
                  322.5     0.0361337904609714     -1.387324180752433                    0.1                    0.1     0.5387040474767989                     10
                    325    -0.2928371347950479     -1.603555332238646                    0.1                    0.1     0.5513372686549669                     10
                  327.5     0.9229432196130577     -1.323309155377576                    0.1                    0.1     0.5049768517305377                     10
                    330       2.11727100143274    -0.8787898082283769                    0.1                    0.1     0.4191455708628415                     10
                  332.5      1.243536172260884    -0.7988865219475938                    0.1                    0.1     0.4459985239820969                     10
                    335      1.542042578217872    -0.5932215713501158                    0.1                    0.1      0.386390962447983                     10
                  337.5       2.00422975149282     -1.155834215620772                    0.1                    0.1     0.4870481147810367                     10
                    340      1.882886968466571     -1.080044355861995                    0.1                    0.1     0.3954670613497465                     10
                  342.5      1.287916226255739    -0.4764622841152995                    0.1                    0.1     0.4778387456248991                     10
                    345      1.734181960799535    -0.4547578113199354                    0.1                    0.1     0.4712815550939688                     10
                  347.5      1.175650700383418    -0.9035709136564527                    0.1                    0.1     0.4432053457067178                     10
                    350      1.446790837018044     -1.257597925577666                    0.1                    0.1     0.4824490114504154                     10
                  352.5     0.5874009522555851     -1.152146876599989                    0.1                    0.1     0.5212101942462892                     10
                    355     0.7527665120982062     -1.125507535577777                    0.1                    0.1     0.5143196675041085                     10
                  357.5      1.487465035972759    -0.9617287736874653                    0.1                    0.1     0.3754862946013332                     10
                    360      1.999666940629152    -0.8827270181279022                    0.1                    0.1     0.3395482160552123                     10
                  362.5      1.589757450392857    -0.4294768462951047                    0.1                    0.1     0.4590005551324337                     10
                    365      1.133648092284983    -0.3580839825351534                    0.1                    0.1      0.518100420579831                     10
                  367.5      2.063414225210494    -0.5276197395060486                    0.1                    0.1     0.4373044535227393                     10
                    370     0.4324845196532081     -1.377827483826623                    0.1                    0.1      0.510424623690813                     10
                  372.5      2.275665804616675    -0.8471721444756982                    0.1                    0.1     0.5220866017648788                     10
                    375      1.181126573520057     -1.083688362844338                    0.1                    0.1      0.452517780443093                     10
                  377.5      1.594582523226542      -1.23465209903552                    0.1                    0.1     0.4653222540424728                     10
                    380    -0.2437097128694106    -0.5730450929159129                    0.1                    0.1     0.5555555555555556                     10
                  382.5      1.842021333384173     -1.201081311540614                    0.1                    0.1     0.4583139732409738                     10
                    385      2.175006522942101    -0.7741483539178835                    0.1                    0.1     0.4336267504228221                     10
                  387.5    -0.2381099011644615     -1.468569496894797                    0.1                    0.1     0.5444896439992666                     10
                    390     0.3243701500861876      -1.43365575845582                    0.1                    0.1     0.4996710330101854                     10
                  392.5   -0.01139416608455509     -1.612178565205034                    0.1                    0.1     0.5513220771521623                     10
                    395       0.81140133136583    -0.6501075279321484                    0.1                    0.1     0.5275157107298423                     10
                  397.5      1.955457120493956      -0.85071725081343                    0.1                    0.1     0.3311636463290718                     10
                    400      2.266083184280515     -1.137571399112199                    0.1                    0.1     0.5504777702316674                     10
                  402.5      1.986609145481809    -0.7629582533454669                    0.1                    0.1     0.3524747460133833                     10
                    405        1.5550050131517    -0.5009430918420373                    0.1                    0.1     0.4060937779502529                     10
                  407.5      1.621025044439103    -0.8014097771084064                    0.1                    0.1     0.3747667706681488                     10
                    410      1.780722263991531    -0.3531297184342908                    0.1                    0.1     0.5000473657969845                     10
                  412.5      1.997486909372086     -1.142452569591935                    0.1                    0.1     0.4391911085483732                     10
                    415     0.7365974230232614     -1.164622928190182                    0.1                    0.1     0.4847868077889479                     10
                  417.5     0.9062728899539549    -0.7724114116148806                    0.1                    0.1     0.5025983914601924                     10
                    420      1.890616966886272     -0.806795421034501                    0.1                    0.1     0.3262811689223238                     10
                  422.5      2.291878313880454    -0.9794033965973782                    0.1                    0.1     0.5201528670016543                     10
                    425      1.532918382442459    -0.8469777854327324                    0.1                    0.1     0.3585580507653436                     10
                  427.5       1.52300187064121     -1.001351860110612                    0.1                    0.1     0.3719790960801628                     10
                    430      1.177947304750256    -0.4683917551003229                    0.1                    0.1     0.4727536102065152                     10
                  432.5      1.038334281995425    -0.6262260430901216                    0.1                    0.1     0.5058120160709403                     10
                    435      2.114404885335217     -1.090799967336138                    0.1                    0.1     0.4629645424264864                     10
                  437.5      1.594108325559619    -0.7258478631518026                    0.1                    0.1     0.3536278117959618                     10
                    440      1.307065670268317    -0.5959291188069469                    0.1                    0.1     0.4358787947756878                     10
                  442.5      1.059351728591338    -0.9854344214614187                    0.1                    0.1      0.430278887982428                     10
                    445       2.39949537337342    -0.9712356822275822                    0.1                    0.1     0.5289668815960101                     10
                  447.5     0.8939296215654492     -1.179939213821725                    0.1                    0.1     0.4633944306117002                     10
                    450    -0.1706100972994672     -1.757246711701586                    0.1                    0.1     0.5096255230810564                     10
                  452.5     0.3525563734488948    -0.5403960285333592                    0.1                    0.1     0.5555555555555556                     10
                    455     0.7760501950333408      -0.34389776766023                    0.1                    0.1     0.5550677554190527                     10
                  457.5    -0.1791361447630723      -1.53145826111667                    0.1                    0.1      0.514523292629444                     10
                    460    -0.2690482644052219     -1.778706932551416                    0.1                    0.1     0.4879803944365024                     10
                  462.5     -1.252428038362587     0.9931640917162421                    0.1                    0.1     0.5555555555555556                     10
                    465     -1.203779419931008     -0.199763967091534                    0.1                    0.1     0.5555555555555556                     10
                  467.5     -2.343219184776891     0.7074811591549074                    0.1                    0.1     0.5555555555555556                     10
                    470    -0.8896862435819471     0.2346573883107592                    0.1                    0.1     0.5555555555555556                     10
                  472.5     0.9176865440549454    -0.5925575046892075                    0.1                    0.1     0.5012458740053652                     10
                    475       1.12110876069177     -0.734798969907191                    0.1                    0.1      0.458503619207816                     10
                  477.5      1.924298240827548    -0.9171144727651209                    0.1                    0.1     0.3106992426553399                     10
                    480      1.123232489309359    -0.9307673100501834                    0.1                    0.1     0.4153822652464459                     10
                  482.5      1.022741147839034     -1.322452245012269                    0.1                    0.1     0.4964166751496722                     10
                    485      1.016893804295537    -0.7410544312279088                    0.1                    0.1     0.4471806898147893                     10
                  487.5     0.4687278525515787     -1.046908528796797                    0.1                    0.1     0.5117408636398093                     10
                    490    -0.4959865425764126     -1.601992276312028                    0.1                    0.1     0.5279851534255475                     10
                  492.5   -0.07237661303852372     -1.593761535347965                    0.1                    0.1     0.5048958622911113                     10
                    495     0.7696845816928984    -0.9572849704926597                    0.1                    0.1     0.5024334740639897                     10
                  497.5      2.147236024026875     -0.300972503464198                    0.1                    0.1     0.5352140835937669                     10
                    500     0.5982848813315541     -1.317971330892878                    0.1                    0.1     0.5144829821995515                     10
                  502.5      1.612499583752184    -0.7376627882015641                    0.1                    0.1     0.3400740932174176                     10
                    505      1.415454508378075     -1.315168654289433                    0.1                    0.1     0.4815824052433335                     10
                  507.5      1.773284576890654     -0.504901429389636                    0.1                    0.1      0.414053140066258                     10
                    510      1.732930218451598    -0.7812241855570163                    0.1                    0.1     0.3233126954545876                     10
                  512.5      0.589105900646073     -1.001825318811706                    0.1                    0.1     0.5072982397291821                     10
                    515     0.8810256600123696    -0.8201463894746268                    0.1                    0.1     0.4654035418346679                     10
                  517.5     0.6568561937046711     -1.355383863905308                    0.1                    0.1     0.4984695107610708                     10
                    520      1.992555545328918    -0.2753840056310825                    0.1                    0.1     0.5309605055018474                     10
                  522.5      1.843493658099512    -0.3580730466534885                    0.1                    0.1     0.4734113155743902                     10
                    525      2.117440847619534     -1.081195215746851                    0.1                    0.1     0.4382096185783441                     10
                  527.5     0.7947112177153096     -1.053349343062403                    0.1                    0.1     0.4543212861051978                     10
                    530     0.9771378445283266    -0.8263073656744571                    0.1                    0.1     0.4258810757604806                     10
                  532.5      1.429688398206958    -0.1053624637114243                    0.1                    0.1     0.5515048241851519                     10
                    535      2.170860659138751    -0.6678553580712404                    0.1                    0.1     0.4179118002812993                     10
                  537.5    -0.1523756054774388     -1.563363547840321                    0.1                    0.1     0.4742690779829734                     10
                    540      1.263587624052396    -0.6081597593238285                    0.1                    0.1     0.4310809540440583                     10
                  542.5    -0.1513009287126732     -1.303631076442853                    0.1                    0.1     0.5389097181205811                     10
                    545      1.668367015060257    -0.8533108461675661                    0.1                    0.1     0.3401919743408844                     10
                  547.5      1.195900604812745    -0.5584308546989021                    0.1                    0.1     0.4320975457682025                     10
                    550      1.818024095307451     -1.067822846887541                    0.1                    0.1      0.367153127207878                     10
                  552.5     0.4822007448859639     -1.025945094660852                    0.1                    0.1     0.4756238660896037                     10
                    555      1.816011445143575     -1.227958483124731                    0.1                    0.1     0.4461216666703317                     10
                  557.5      2.102465561701898     -1.262961402964043                    0.1                    0.1     0.5173364768511856                     10
                    560      0.531782134995862    -0.8635187127972725                    0.1                    0.1     0.5170534261812771                     10
                  562.5    -0.6255972104869958     -1.435336972536282                    0.1                    0.1     0.5452514689148896                     10
                    565     0.6368768465896355      -1.57662810147287                    0.1                    0.1     0.5299085980582324                     10
                  567.5    -0.5487745203231549     -0.184398590960659                    0.1                    0.1     0.5555555555555556                     10
                    570     -1.456972906058657     0.3893257123854279                    0.1                    0.1     0.5555555555555556                     10
                  572.5     -2.392137629018403     0.4324280360526591                    0.1                    0.1     0.5549312538803171                     10
                    575      -1.52273883841688     0.8656020203228949                    0.1                    0.1     0.5552004916406463                     10
                  577.5    -0.9619613628154423      1.334782831487878                    0.1                    0.1     0.5555555555555556                     10
                    580    -0.4613460218343244     -1.468446191925718                    0.1                    0.1     0.5244108754922797                     10
                  582.5     -1.390891295328147    -0.3522882889820111                    0.1                    0.1     0.5538791161968267                     10
                    585      2.168043979481349    -0.6362005703761306                    0.1                    0.1     0.4060491820405473                     10
                  587.5      1.993256796454417    -0.8179319345763645                    0.1                    0.1     0.3088188176422027                     10
                    590    -0.3931367932374774     -1.743976284705584                    0.1                    0.1     0.5163397052511913                     10
                  592.5      2.147624844479824     -0.305872513769155                    0.1                    0.1     0.4987226195814414                     10
                    595     0.7269907447980267    -0.5542255124869445                    0.1                    0.1     0.5277668272458259                     10
                  597.5      1.524996226692729    -0.9614834621055711                    0.1                    0.1     0.3440379865966826                     10
                    600      2.430575353315985     -1.030783654008895                    0.1                    0.1     0.5171026527498883                     10
                  602.5      1.922487195292715    -0.7759991827279434                    0.1                    0.1     0.3095380319345593                     10
                    605      1.032075315788914    -0.7239112566477194                    0.1                    0.1     0.4128433400593045                     10
                  607.5      1.704452160022919     -1.262242639705921                    0.1                    0.1     0.4587062675043405                     10
                    610      1.692547103096914     -1.013821350768272                    0.1                    0.1     0.3666208310378471                     10
                  612.5      1.841056934334369    -0.4648542545112848                    0.1                    0.1      0.421453271308536                     10
                    615      2.197496275055265     -0.795267510506223                    0.1                    0.1     0.4099014443951854                     10
                  617.5      2.085730174885508    -0.7359124437650849                    0.1                    0.1     0.3375318546829552                     10
                    620      1.713962469358634    -0.5438803716648608                    0.1                    0.1     0.3621600878909971                     10
                  622.5      1.930664833973913    -0.5951839536937633                    0.1                    0.1     0.3739986723495851                     10
                    625       1.58534811354807      -0.96390124976548                    0.1                    0.1     0.3405414115120418                     10
                  627.5      1.410725324173891    -0.9584633144390763                    0.1                    0.1     0.3447630625344787                     10
                    630      2.036211728205568     -1.032367020519444                    0.1                    0.1     0.3464392337448077                     10
                  632.5      1.569033963194625    -0.7830146474041967                    0.1                    0.1      0.318810396162431                     10
                    635      1.320935862799448     -0.894129300941196                    0.1                    0.1     0.3698203514982922                     10
                  637.5       1.93723877634737     -0.547468840767923                    0.1                    0.1     0.3778679203458921                     10
                    640      1.715484377706638    -0.9093059782363881                    0.1                    0.1     0.3312217410778865                     10
                  642.5       1.58612695528545    -0.5616922694518018                    0.1                    0.1      0.350145030143843                     10
                    645      1.899717486014875    -0.7000918433535051                    0.1                    0.1     0.3208125764639972                     10
                  647.5      1.843383500632697    -0.6054877753644897                    0.1                    0.1     0.3364969980804889                     10
                    650      1.542875322132765     -1.133129548629384                    0.1                    0.1      0.382470243348241                     10
                  652.5      2.167055630061068    -0.5096391391625505                    0.1                    0.1     0.4428659763371722                     10
                    655     0.9787516478558855     -1.036280707868455                    0.1                    0.1     0.4031757151935566                     10
                  657.5      1.433240684720781    -0.6038924598228557                    0.1                    0.1     0.3575219687175487                     10
                    660      1.680457938752525     -1.190504573221845                    0.1                    0.1     0.3967889547782644                     10
                  662.5      1.876126882125698    -0.5451567944924368                    0.1                    0.1     0.3503922473929789                     10
                    665      1.853982997400053    -0.1482489568536629                    0.1                    0.1     0.5426658080898596                     10
                  667.5      1.134554630262161     -1.221453960519345                    0.1                    0.1     0.4485666815745432                     10
                    670       1.57128795979433     -1.407141731176571                    0.1                    0.1     0.5258302041967298                     10
                  672.5      1.390730046834853     -1.002165153532437                    0.1                    0.1      0.355399800756017                     10
                    675      1.095779686249031    -0.7388370593982598                    0.1                    0.1     0.3969710717129052                     10
                  677.5      1.295696291869764     -1.139032620417565                    0.1                    0.1      0.457744547881394                     10
                    680    0.08565971447174116      -1.62480607219549                    0.1                    0.1     0.5253324206255068                     10
                  682.5      1.036619744675933     -1.116481784679623                    0.1                    0.1      0.380311084910194                     10
                    685     0.4069525232743272    -0.9197293327657249                    0.1                    0.1     0.4869745239410416                     10
                  687.5      1.149031807497409     -1.171752815409297                    0.1                    0.1     0.4026325811826534                     10
                    690     0.5733997559324547     -1.381062035880616                    0.1                    0.1     0.4795476346457548                     10
                  692.5      1.265399592247033    -0.6043598676977158                    0.1                    0.1     0.3938897267275085                     10
                    695      1.564030454423685    -0.9663532319060253                    0.1                    0.1       0.31151671849496                     10
                  697.5      1.907214897843121    -0.3327343912435582                    0.1                    0.1     0.4538668653542704                     10
                    700       1.55363107952992    -0.7705788773836906                    0.1                    0.1     0.3064141717900253                     10
                  702.5      1.730902583043245     -1.095142293145581                    0.1                    0.1     0.3483397084492041                     10
                    705      1.628607335462337    -0.2890304947812681                    0.1                    0.1      0.486934159905273                     10
                  707.5      2.388615079744729     -1.002267881226558                    0.1                    0.1     0.4776448939916382                     10
                    710      2.109552378450176    -0.7622726018271456                    0.1                    0.1     0.3288023002333595                     10
                  712.5      1.493677911851725    -0.1106030625693089                    0.1                    0.1     0.5244560682473703                     10
                    715    -0.5061798146546511       -1.2357065766913                    0.1                    0.1     0.5495605539336679                     10
                  717.5     0.8589471673806285     -0.513152484740136                    0.1                    0.1     0.4989969471917091                     10
                    720      0.109811190606097     -1.986955740583755                    0.1                    0.1     0.5555198011918207                     10
                  722.5    -0.6943042996653938    -0.7648581974498124                    0.1                    0.1     0.5555555555555556                     10
                    725      1.562168135863719      -1.16545108646941                    0.1                    0.1       0.36565487129646                     10
                  727.5     0.8616705242700636    -0.7746770609090682                    0.1                    0.1     0.4317348289007004                     10
                    730      1.017727441978812    -0.8804624995647766                    0.1                    0.1     0.3869105873373407                     10
                  732.5      1.344087840781539     -1.216811168974966                    0.1                    0.1     0.4374025089698214                     10
                    735      2.157696465717308     -1.020512591012547                    0.1                    0.1     0.4096879392219741                     10
                  737.5      1.866368878663584    -0.8510639442937418                    0.1                    0.1     0.2866511720027142                     10
                    740      1.671358656619333    -0.3819011088803115                    0.1                    0.1     0.4158976961974739                     10
                  742.5      1.616829274943456    -0.4407131593099606                    0.1                    0.1     0.3815844445245377                     10
                    745      1.615120008037417    -0.7776594177264873                    0.1                    0.1     0.2909534872860196                     10
                  747.5      2.022531058436229    -0.8457523738602435                    0.1                    0.1     0.2777320296115012                     10
                    750      1.992944593172501     -1.178483757896135                    0.1                    0.1     0.4073665927384511                     10
                  752.5     0.9723748390551799    -0.3089013741136234                    0.1                    0.1     0.5358883152567163                     10
                    755     0.7558166660658348     -1.082237137935699                    0.1                    0.1     0.4351217942567114                     10
                  757.5      1.602881785613338    -0.4812576887671686                    0.1                    0.1     0.3533673518090456                     10
                    760      1.764112074945836     -1.025572980172029                    0.1                    0.1      0.321600842302845                     10
                  762.5      2.191019421304444    -0.7157669819441904                    0.1                    0.1      0.364450676056887                     10
                    765      2.192091256232425    -0.9187230343258743                    0.1                    0.1     0.3942006514526567                     10
                  767.5      2.297033302390174    -0.8299668758614847                    0.1                    0.1     0.4426496691198762                     10
                    770      1.842248825428687     -1.193346619364603                    0.1                    0.1     0.3796486440912274                     10
                  772.5       1.92761411027638    -0.6815688525874769                    0.1                    0.1     0.3032712227915531                     10
                    775      1.864030529518553    -0.8943603602106205                    0.1                    0.1     0.2810639697303314                     10
                  777.5      1.424477557588464    -0.8011783410619723                    0.1                    0.1     0.3202125689634846                     10
                    780       1.84377261352807    -0.5674084797085011                    0.1                    0.1     0.3209384888836453                     10
                  782.5      1.226465867886622    -0.7668439812497132                    0.1                    0.1     0.3851795348733991                     10
                    785      1.707082714155171    -0.9624667399672785                    0.1                    0.1     0.3082091849530216                     10
                  787.5      1.803761616888821     -1.054739920274922                    0.1                    0.1     0.3045688046406417                     10
                    790      0.894800395022997    -0.9564933191625463                    0.1                    0.1     0.4017055095885608                     10
                  792.5     0.6859360185338145     -1.239288808890537                    0.1                    0.1      0.437058838943207                     10
                    795      1.351365332526919    -0.7176998640121288                    0.1                    0.1     0.3544624695481577                     10
                  797.5      1.553654432729882     -1.118277183499634                    0.1                    0.1     0.3338485003418249                     10
                    800      2.126113615452405    -0.7084764142699332                    0.1                    0.1      0.312446105663183                     10
                  802.5      1.453998915268262    -0.7943819405875481                    0.1                    0.1     0.2958215467892359                     10
                    805      1.671410914365893    -0.2887615802580067                    0.1                    0.1     0.4431062364217025                     10
                  807.5      1.250206857508611    -0.2713905248901511                    0.1                    0.1     0.5165682301183255                     10
                    810      1.267661452227109     -1.045560287887622                    0.1                    0.1      0.399248922519567                     10
                  812.5      1.807698222197832     -0.745049814627997                    0.1                    0.1     0.2750377636295169                     10
                    815      1.611736643306609    -0.2721155772718524                    0.1                    0.1      0.438740353575786                     10
                  817.5      1.765773187441217    -0.6244068844999346                    0.1                    0.1     0.2909305871212303                     10
                    820      1.367580879865832    -0.8581699468234651                    0.1                    0.1     0.3091463556246047                     10
                  822.5      1.763363226852338     -1.335776420027583                    0.1                    0.1     0.4683607598082674                     10
                    825      1.765375337190282    -0.1837160288283759                    0.1                    0.1     0.4938447838176348                     10
                  827.5      1.880798505328301    -0.8305445523834226                    0.1                    0.1     0.2560901870175405                     10
                    830      1.663406804496119    -0.8274995895732231                    0.1                    0.1     0.2755960695349781                     10
                  832.5      1.812547777218092    -0.3613117447091302                    0.1                    0.1     0.3921872038350196                     10
                    835      1.808684197377835    -0.1931041044369479                    0.1                    0.1     0.4643816728103078                     10
                  837.5      1.703467393958141    -0.9134161352099108                    0.1                    0.1     0.2842237934127242                     10
                    840       1.84162372138722    -0.7543520051954871                    0.1                    0.1     0.2558228083309259                     10
                  842.5      1.902404176120316     -1.048827284793535                    0.1                    0.1     0.2969458434020588                     10
                    845      1.752643522719269     -0.388570412045769                    0.1                    0.1     0.3553705268883321                     10
                  847.5      1.749963598755828    -0.9012376607606397                    0.1                    0.1     0.2706010570946887                     10
                    850       1.28115530373035    -0.2558703539321094                    0.1                    0.1     0.4962426486120578                     10
                  852.5      2.080937292271493    -0.7189699878085533                    0.1                    0.1     0.2886218096234565                     10
                    855      2.452456688850941    -0.6977415740300362                    0.1                    0.1     0.5119048447063758                     10
                  857.5     0.9611349432568854      -1.31717496827886                    0.1                    0.1     0.4529920725251079                     10
                    860         1.321520472367     -1.364994161881775                    0.1                    0.1     0.4746123608466051                     10
                  862.5      1.524452245431961    -0.4890320038133446                    0.1                    0.1     0.3509286392063143                     10
                    865      1.854728355472204    -0.7489461908907168                    0.1                    0.1     0.2486043644373212                     10
                  867.5      1.335411446352948     -1.183864420422104                    0.1                    0.1     0.4072920187648377                     10
                    870      1.320428140807302    -0.3059273616871193                    0.1                    0.1     0.4587370283402524                     10
                  872.5      1.553871860035273   -0.08813302682558211                    0.1                    0.1     0.5060157153524115                     10
                    875      2.414087430323518    -0.9244106748329272                    0.1                    0.1     0.4654841560068375                     10
                  877.5      1.703958065246106     -0.507731203059418                    0.1                    0.1     0.3101433585371602                     10
                    880    -0.4359958517905956     -1.814332078343709                    0.1                    0.1     0.5181913044432395                     10
                  882.5     0.9079218110889395    -0.7600642176920032                    0.1                    0.1     0.3902113146674415                     10
                    885     0.6821858383267079     -1.705267586387447                    0.1                    0.1      0.540462391159412                     10
                  887.5      1.262050653359378   -0.08010666524642858                    0.1                    0.1     0.5334717590750027                     10
                    890    0.04228410165606506     -1.646041633483424                    0.1                    0.1     0.4886173710800298                     10
                  892.5     0.8466753207485471     -0.570781781532098                    0.1                    0.1     0.4525154835938436                     10
                    895    -0.2211623749377713     -1.541830630564415                    0.1                    0.1     0.4560167585237987                     10
                  897.5     0.4539159040601056     -1.423511948674955                    0.1                    0.1     0.4523906598135759                     10
                    900      1.580469200351512      -1.34700851508364                    0.1                    0.1     0.4593083647454031                     10
                  902.5       1.53878771915608    -0.4055623761943177                    0.1                    0.1     0.3681724047751365                     10
                    905      1.775902672793768    -0.3450150237895564                    0.1                    0.1     0.3583170481138803                     10
                  907.5      1.922487768571695    -0.8773346058110761                    0.1                    0.1     0.2405281446377996                     10
                    910      1.379244851339775    -0.3194494148720416                    0.1                    0.1     0.4353495895457214                     10
                  912.5      1.749379763805527     -1.200964043065898                    0.1                    0.1     0.3520858642141272                     10
                    915      1.131809255276359    0.03702678792138281                    0.1                    0.1     0.5488124101168871                     10
                  917.5    -0.4300865327590224     -1.925248181693999                    0.1                    0.1     0.5280401667878974                     10
                    920      1.049956444743298    -0.7864089897112524                    0.1                    0.1     0.3540986149951636                     10
                  922.5      1.517158234585932     -1.114281899523156                    0.1                    0.1      0.325138459578932                     10
                    925      1.720741478166856    -0.9674228569739095                    0.1                    0.1     0.2733658880029946                     10
                  927.5     0.8174777026744612     -1.150431067197084                    0.1                    0.1     0.4073394889079313                     10
                    930      1.786348042326474    -0.7740409822269243                    0.1                    0.1     0.2405393722839357                     10
                  932.5      1.534025707805199    -0.9644546447296946                    0.1                    0.1     0.2737116328985318                     10
                    935      1.706354074002775    -0.4536834654053519                    0.1                    0.1     0.3068975903585386                     10
                  937.5      1.549668311554542    -0.2161397204424129                    0.1                    0.1     0.4423866009870477                     10
                    940      1.171369078170819    -0.7930073507318972                    0.1                    0.1     0.3540537294232647                     10
                  942.5      1.484702389500747      -1.30714919172424                    0.1                    0.1     0.4103803812866495                     10
                    945     0.6780666632057192    -0.7984155973601769                    0.1                    0.1     0.5081001508975074                     10
                  947.5      1.344361433530314     -0.996694114615848                    0.1                    0.1      0.334883769975983                     10
                    950      1.423812341975102    -0.7762175712895654                    0.1                    0.1     0.2914523358076856                     10
                  952.5      1.632159678145855     -1.417665084789763                    0.1                    0.1      0.479510722430099                     10
                    955      1.563292849143389    -0.4025792007150591                    0.1                    0.1     0.3374424856180264                     10
                  957.5     0.5207398569209722    -0.9570727581602934                    0.1                    0.1     0.4443476403228679                     10
                    960     0.4386225616593182     -1.299844613779075                    0.1                    0.1      0.463859214692193                     10
                  962.5     0.2619552043559388     -1.793006763950548                    0.1                    0.1     0.5511027750956637                     10
                    965     0.5382770221737113    -0.5942432721898342                    0.1                    0.1     0.5425966708309325                     10
                  967.5      1.307781837420136    -0.6761912533725531                    0.1                    0.1     0.3476209522981582                     10
                    970      1.535526361199751    -0.9687017818335599                    0.1                    0.1     0.2651011166904745                     10
                  972.5       1.04948463128293    -0.8503994419806713                    0.1                    0.1     0.3427773573645703                     10
                    975      2.179056825722226     -1.173864614751858                    0.1                    0.1     0.4642716342901511                     10
                  977.5      1.266806310929918     -1.263046854116164                    0.1                    0.1     0.4158112829199981                     10
                    980      2.305376365898813    -0.8092596696877269                    0.1                    0.1     0.4182099415726851                     10
                  982.5      2.111946946501294    -0.6193207450659459                    0.1                    0.1     0.3232800380027596                     10
                    985      2.176565371212818    -0.5490908445582485                    0.1                    0.1     0.3893622298483675                     10
                  987.5      1.991290340321181     -1.057959084429433                    0.1                    0.1     0.3064491624091877                     10
                    990      1.992403299578948     -1.230049413870917                    0.1                    0.1     0.4135843838018177                     10
                  992.5      1.507601972411205     -1.286002132982427                    0.1                    0.1     0.3765365811084392                     10
                    995     0.3049469271675638     -1.225931618406255                    0.1                    0.1     0.4865180039729258                     10
                  997.5      2.384425488244611    -0.5177007175392359                    0.1                    0.1     0.5017097522850171                     10
                   1000   0.008057678235660649     -1.572824851709993                    0.1                    0.1     0.4571978232360377                     10
                 1002.5    -0.3295448202663588     -1.025022582531693                    0.1                    0.1     0.5300853628729123                     10
                   1005     0.7437724158732427      -1.59963798257522                    0.1                    0.1     0.5161465965375462                     10
                 1007.5      2.088775153905186    -0.9795156567784986                    0.1                    0.1      0.310424534483936                     10
                   1010     0.8840555448954796    -0.3455823877052932                    0.1                    0.1     0.5065657616803367                     10
                 1012.5    -0.5768736009526679     -1.714186507793331                    0.1                    0.1     0.5151119221374325                     10
                   1015     0.7455622423027765    -0.6396263310992759                    0.1                    0.1     0.4522420197886948                     10
                 1017.5      1.295925148177602     -1.357122507491237                    0.1                    0.1     0.4327600573455864                     10
                   1020      2.348675300728134    -0.7861539891419543                    0.1                    0.1     0.4281176177552358                     10
                 1022.5       1.73538450174982    -0.4181429422364497                    0.1                    0.1      0.304761536828062                     10
                   1025      1.055622591837756    -0.5923469980314137                    0.1                    0.1      0.420479319708301                     10
                 1027.5      1.700515368556081    -0.7730905423959321                    0.1                    0.1     0.2477889979641769                     10
                   1030      1.442918376576597     -1.211663283844309                    0.1                    0.1      0.341443858620967                     10
                 1032.5      1.975065674269656     -1.083367510012044                    0.1                    0.1     0.2982752397748498                     10
                   1035      1.735705814594598    -0.5407748887736716                    0.1                    0.1     0.2783966726717513                     10
                 1037.5     0.5515566510333509     -1.270461707495945                    0.1                    0.1     0.4352597523108178                     10
                   1040    -0.1180370565722123     -1.125815732225044                    0.1                    0.1     0.5130134325002279                     10
                 1042.5    0.09835881642377532     -1.295148306404991                    0.1                    0.1     0.4998128243941768                     10
                   1045      1.046964488296678      -1.17858963223423                    0.1                    0.1     0.3689618360580662                     10
                 1047.5     0.5722885351266412     -1.308157885511153                    0.1                    0.1     0.4144930270675842                     10
                   1050      1.978781320328501     -1.160989762134137                    0.1                    0.1     0.3344392604636175                     10
                 1052.5       1.81450251388663    -0.1715032914285158                    0.1                    0.1     0.4476257914800599                     10
                   1055      1.619201533605835    -0.4362689020675173                    0.1                    0.1     0.2950481732339416                     10
                 1057.5      1.982615335295613     -1.058016660391462                    0.1                    0.1     0.2745796421629034                     10
                   1060      1.156352364386475     -1.027103140916873                    0.1                    0.1     0.3596859218557347                     10
                 1062.5     0.8601820477962935     -0.426701353038352                    0.1                    0.1     0.4697264116685603                     10
                   1065   -0.06654118793456539      -1.45557812990543                    0.1                    0.1     0.4702880929096045                     10
                 1067.5    -0.9044895231415706     -1.196848127965113                    0.1                    0.1     0.5555555555555556                     10
                   1070    0.03905217300289269     -1.519022974772626                    0.1                    0.1      0.451793202168068                     10
                 1072.5      1.877424206690876   -0.04723325920266992                    0.1                    0.1     0.5146079920740068                     10
                   1075    -0.2635055942821437    -0.8752237883682087                    0.1                    0.1     0.5444167244417384                     10
                 1077.5      1.350840491795302    -0.9452467369856609                    0.1                    0.1     0.2996588205233264                     10
                   1080      1.584390610473135    -0.3191447743107431                    0.1                    0.1       0.34822834957579                     10
                 1082.5     -2.278455033403721     0.5553416112697602                    0.1                    0.1     0.5402765366084634                     10
                   1085     -1.576611382002865     0.1061502089793429                    0.1                    0.1     0.5552812527062962                     10
                 1087.5     -1.289624527742106    0.06315417670199243                    0.1                    0.1     0.5544207667865954                     10
                   1090     -1.471870584167199      1.381901037240996                    0.1                    0.1     0.5555555555555556                     10
                 1092.5     -1.806164857695339     0.8837281489999608                    0.1                    0.1     0.5550079905709145                     10
                   1095     -2.250019800573548     0.3595985753746416                    0.1                    0.1     0.5428164482790924                     10
                 1097.5      -2.16173072772703      0.696031468124037                    0.1                    0.1     0.5440162448756292                     10
                   1100     -1.991319821116013      1.302697785606309                    0.1                    0.1     0.5555555555555556                     10
                 1102.5     -1.903707709878973     0.2057555058174645                    0.1                    0.1     0.5554718134064469                     10
                   1105     -1.970474137422317      1.222136691753563                    0.1                    0.1     0.5340998038169912                     10
                 1107.5      -1.57889750322374     0.3798327560866234                    0.1                    0.1      0.540391111040367                     10
                   1110     -1.477330853673331      1.121319605278474                    0.1                    0.1     0.5523833831067265                     10
                 1112.5     -1.755990239563887       0.41330909824383                    0.1                    0.1     0.5481075228995662                     10
                   1115     -1.758094091431605     0.9633297147668407                    0.1                    0.1     0.5344288168267503                     10
                 1117.5     -1.814573098938139     0.9060539121488915                    0.1                    0.1     0.5059268193645832                     10
                   1120      -1.87747630914358     0.5706716761398241                    0.1                    0.1     0.5508113965665947                     10
                 1122.5     -1.862744227442587     0.7180266595887135                    0.1                    0.1     0.5334565171749975                     10
                   1125     -2.024632473277223     0.8215180251691454                    0.1                    0.1     0.5403177042278955                     10
                 1127.5     -2.015069347693524     0.9019422987766239                    0.1                    0.1     0.5236082081066475                     10
                   1130     -2.024697051924961     0.6777401697406641                    0.1                    0.1     0.5176539708910849                     10
                 1132.5     -1.666197002660688     0.7509787924965832                    0.1                    0.1     0.5357478612166235                     10
                   1135     -1.863895841821865     0.7521316890377187                    0.1                    0.1     0.4858770732871093                     10
                 1137.5     -1.847541991297614     0.5162045952829551                    0.1                    0.1     0.5121859703751886                     10
                   1140     -1.625725893109539     0.6721178896630443                    0.1                    0.1     0.5270173466312652                     10
                 1142.5     -1.749477993642846     0.7969858321351354                    0.1                    0.1     0.4705981167944404                     10
                   1145     -1.386473058942933     0.8508514200606918                    0.1                    0.1     0.5379502363364621                     10
                 1147.5     -1.343708270534981     0.7454528316891977                    0.1                    0.1     0.5356748123324733                     10
                   1150     -1.485689261512535      1.035045589256924                    0.1                    0.1     0.5224072791432004                     10
                 1152.5     -1.698476784813145     0.6125856472447337                    0.1                    0.1     0.5002590962930876                     10
                   1155     -1.704698199681769     0.7578096141869395                    0.1                    0.1     0.4542002283925303                     10
                 1157.5     -2.226409429100207     0.9043791161369445                    0.1                    0.1     0.5443562320225306                     10
                   1160     -1.998188453993686     0.3823403515963256                    0.1                    0.1     0.5420278514367932                     10
                 1162.5     -1.681456319020431     0.2725419713115481                    0.1                    0.1     0.5291905366742674                     10
                   1165     -1.350319045804966      1.049113772876564                    0.1                    0.1      0.513216989148672                     10
                 1167.5     -1.437636233381029      1.008616819515838                    0.1                    0.1     0.4812899329147139                     10
                   1170     -1.697435721542408     0.2782563980977982                    0.1                    0.1     0.5019761501905773                     10
                 1172.5     -2.178330468242384     0.5153288688721003                    0.1                    0.1     0.5184448216915196                     10
                   1175     -1.526499074382675     0.5424991392646166                    0.1                    0.1     0.5248177103124585                     10
                 1177.5     -1.313446466530925     0.6461460414067259                    0.1                    0.1     0.5330822961557549                     10
                   1180     -1.212088874055334      1.218678609146101                    0.1                    0.1     0.5488459146600249                     10
                 1182.5     -1.575883709625372     0.5093287619558639                    0.1                    0.1     0.4911531961061435                     10
                   1185     -2.188999842500745     0.6915740333720971                    0.1                    0.1     0.4919835675783226                     10
                 1187.5     -1.677195070363972      1.018007333840234                    0.1                    0.1     0.5121483500899798                     10
                   1190     -2.140754870765468     0.7175793144780366                    0.1                    0.1     0.4697564957162906                     10
                 1192.5      -2.02609528943232     0.8837122952289708                    0.1                    0.1     0.4816499519657661                     10
                   1195     -1.146324578027703     0.7258456459315444                    0.1                    0.1     0.5448799089288089                     10
                 1197.5     -1.463277080237693     0.6516949966612213                    0.1                    0.1     0.5011006164159223                     10
                   1200     -2.248162036613419     0.5638770061938867                    0.1                    0.1     0.4731482738957563                     10
                 1202.5     -1.305132721130252      0.497410871543023                    0.1                    0.1     0.5331167447507741                     10
                   1205    -0.9545091106098034     0.8625391069698802                    0.1                    0.1     0.5535095962414269                     10
                 1207.5     -2.502793534723427     0.7778346532603063                    0.1                    0.1     0.5480367714480089                     10
                   1210    -0.8664031113702492      1.324835952330909                    0.1                    0.1     0.5363837047518665                     10
                 1212.5     -1.437432808746889      0.569074413319888                    0.1                    0.1     0.4776899204226276                     10
                   1215     -2.470464678318306     0.6224816368714281                    0.1                    0.1     0.5276206985745812                     10
                 1217.5     -1.193736889167833     0.6014814432764335                    0.1                    0.1     0.5162864005636405                     10
                   1220     -1.129426562580607     0.3333229781371078                    0.1                    0.1     0.5518383194806475                     10
                 1222.5     -1.422782336545054     0.7935874938958217                    0.1                    0.1     0.4754505236488936                     10
                   1225     -1.330175779477816      1.002392556987493                    0.1                    0.1     0.4716733646961482                     10
                 1227.5     -1.949754782369164     0.4947730665543357                    0.1                    0.1     0.4958270408627975                     10
                   1230     -1.863164185209466     0.8652775222856295                    0.1                    0.1     0.4410377401983493                     10
                 1232.5     -1.966465433971465      1.270920351744402                    0.1                    0.1     0.5032829639059055                     10
                   1235     -2.045619465485231     0.6655069665782377                    0.1                    0.1     0.4578833721500218                     10
                 1237.5     -1.980119235542602     0.3801653078529525                    0.1                    0.1     0.4967463228436452                     10
                   1240     -1.973240516359798     0.9353078162611826                    0.1                    0.1     0.4666198562725165                     10
                 1242.5     -2.252513087899074     0.9658552343927292                    0.1                    0.1     0.5253180186643389                     10
                   1245     -1.649390540115055     0.5283708992477749                    0.1                    0.1     0.4649835634310838                     10
                 1247.5     -1.160984997405111     0.6551069494731838                    0.1                    0.1     0.4942159299560397                     10
                   1250      -1.65488522758245     0.7066147812750316                    0.1                    0.1     0.4355944648968117                     10
