#! FIELDS p.x file.free der_p.x
#! SET min_p.x -2.0
#! SET max_p.x 2.0
#! SET nbins_p.x  201
#! SET periodic_p.x false
   -2.000000000 -401.562661715 -138.283574103
   -1.980000000 -404.301221047 -136.656767366
   -1.960000000 -406.980524544 -132.583745726
   -1.940000000 -409.543070793 -124.679366238
   -1.920000000 -411.927294852 -114.620034569
   -1.900000000 -414.078241086 -102.262567904
   -1.880000000 -415.985931287  -89.852945799
   -1.860000000 -417.646871253  -79.186050162
   -1.840000000 -419.114654904  -70.871280492
   -1.820000000 -420.452328241  -65.723135652
   -1.800000000 -421.721608225  -63.795369086
   -1.780000000 -422.968857634  -64.293437816
   -1.760000000 -424.244455945  -64.085375705
   -1.740000000 -425.505025481  -63.485743417
   -1.720000000 -426.736678795  -61.624320200
   -1.700000000 -427.894811054  -58.112946451
   -1.680000000 -428.978770860  -53.384324925
   -1.660000000 -429.993606428  -48.721435860
   -1.640000000 -430.909816342  -45.173092357
   -1.620000000 -431.765635711  -42.712953209
   -1.600000000 -432.577118236  -41.984916499
   -1.580000000 -433.391401193  -41.949696365
   -1.560000000 -434.206675977  -42.006736178
   -1.540000000 -435.031412095  -41.504496619
   -1.520000000 -435.818645063  -40.302042122
   -1.500000000 -436.574219106  -37.918244023
   -1.480000000 -437.269056254  -33.749672516
   -1.460000000 -437.852740585  -28.226098314
   -1.440000000 -438.337333565  -21.362044553
   -1.420000000 -438.673650549  -14.523849674
   -1.400000000 -438.871360034   -7.913022568
   -1.380000000 -438.944197323   -3.323679519
   -1.360000000 -438.954964005   -1.727873038
   -1.340000000 -438.977742988   -3.150768219
   -1.320000000 -439.067581978   -8.469414254
   -1.300000000 -439.281545463  -16.096675590
   -1.280000000 -439.650754817  -23.871538711
   -1.260000000 -440.186888337  -30.460024486
   -1.240000000 -440.788244764  -33.437531761
   -1.220000000 -441.413112378  -30.659768543
   -1.200000000 -441.946203095  -22.761039394
   -1.180000000 -442.263898437  -12.028875638
   -1.160000000 -442.356164533    0.426487418
   -1.140000000 -442.183653748   11.431724498
   -1.120000000 -441.830317798   19.739855392
   -1.100000000 -441.364711860   23.623465629
   -1.080000000 -440.876540215   23.179978134
   -1.060000000 -440.411695050   19.537156629
   -1.040000000 -440.035777299   14.389186111
   -1.020000000 -439.757916175   10.135442287
   -1.000000000 -439.548286493    8.188160993
   -0.980000000 -439.347033662    9.234792475
   -0.960000000 -439.103269055   13.904615446
   -0.940000000 -438.745906688   20.553515252
   -0.920000000 -438.208507204   28.442514894
   -0.900000000 -437.511645678   38.222414987
   -0.880000000 -436.611646294   48.910067614
   -0.860000000 -435.516519266   58.286711089
   -0.840000000 -434.244268626   64.959129929
   -0.820000000 -432.876277888   68.232358140
   -0.800000000 -431.474263225   66.937507545
   -0.780000000 -430.168016301   60.966702145
   -0.760000000 -429.014609055   49.794786526
   -0.740000000 -428.122913917   35.843839080
   -0.720000000 -427.551841843   20.572104483
   -0.700000000 -427.244501404    6.111204010
   -0.680000000 -427.210487860   -5.036165009
   -0.660000000 -427.355633203  -11.837701870
   -0.640000000 -427.597890426  -14.454087439
   -0.620000000 -427.847482762  -14.196618861
   -0.600000000 -428.080324758  -11.597533831
   -0.580000000 -428.239100754   -7.999512686
   -0.560000000 -428.339630402   -4.003318918
   -0.540000000 -428.348478462    1.099367575
   -0.520000000 -428.232383416    6.159825793
   -0.500000000 -428.013918803   13.730227855
   -0.480000000 -427.618136522   23.689877961
   -0.460000000 -426.988512698   35.354155542
   -0.440000000 -426.135304480   47.816207683
   -0.420000000 -425.022392826   59.242399029
   -0.400000000 -423.736187307   67.544410973
   -0.380000000 -422.320393302   70.563006185
   -0.360000000 -420.896685619   67.477823607
   -0.340000000 -419.591836845   58.763330860
   -0.320000000 -418.521106111   46.058660885
   -0.300000000 -417.731964271   29.758561806
   -0.280000000 -417.267386072   13.372209532
   -0.260000000 -417.131367659   -2.553834339
   -0.240000000 -417.298758642  -16.227803970
   -0.220000000 -417.719991000  -27.713161065
   -0.200000000 -418.334152487  -36.985322826
   -0.180000000 -419.110330973  -42.832872139
   -0.160000000 -419.971540525  -45.520915527
   -0.140000000 -420.864071444  -44.233619694
   -0.120000000 -421.677791704  -39.650936165
   -0.100000000 -422.356276435  -31.254295576
   -0.080000000 -422.840961894  -20.759394818
   -0.060000000 -423.104173699   -8.675211583
   -0.040000000 -423.152644166    1.717422738
   -0.020000000 -423.003544147    9.821340793
    0.000000000 -422.740255703   13.830799628
    0.020000000 -422.413306870   14.640553665
    0.040000000 -422.107311318   14.290293794
    0.060000000 -421.820822296   12.079122986
    0.080000000 -421.563738489   11.008881281
    0.100000000 -421.320627617   11.417181646
    0.120000000 -421.042763741   13.577249539
    0.140000000 -420.714271610   16.219148143
    0.160000000 -420.332395910   18.765612119
    0.180000000 -419.921686707   18.274536548
    0.200000000 -419.566928137   15.634539505
    0.220000000 -419.291979160    8.860198870
    0.240000000 -419.180705973   -1.111608847
    0.260000000 -419.290065551  -12.837910472
    0.280000000 -419.638103782  -24.348827679
    0.300000000 -420.183968435  -34.587334703
    0.320000000 -420.936248521  -41.222129072
    0.340000000 -421.765546090  -44.918133709
    0.360000000 -422.648796966  -44.824697753
    0.380000000 -423.495131652  -41.927325150
    0.400000000 -424.282698391  -37.751674146
    0.420000000 -424.954213281  -32.730928867
    0.440000000 -425.526136858  -28.105932162
    0.460000000 -426.031019410  -23.782073131
    0.480000000 -426.442075583  -20.952759769
    0.500000000 -426.811163936  -18.791370278
    0.520000000 -427.142295659  -17.369808230
    0.540000000 -427.456783766  -16.940589398
    0.560000000 -427.785060962  -17.904446096
    0.580000000 -428.142532804  -20.119229350
    0.600000000 -428.521845499  -22.280350534
    0.620000000 -428.973953028  -24.042288881
    0.640000000 -429.444474616  -24.520166010
    0.660000000 -429.909648982  -23.405413047
    0.680000000 -430.318111374  -18.855983059
    0.700000000 -430.593287755  -12.357756836
    0.720000000 -430.731685485   -2.938110411
    0.740000000 -430.660799865    6.091784078
    0.760000000 -430.436320168   14.026132177
    0.780000000 -430.073080904   19.180883780
    0.800000000 -429.635444277   19.973082491
    0.820000000 -429.243249394   16.639735031
    0.840000000 -428.953223141    9.153083038
    0.860000000 -428.845795111   -0.526495652
    0.880000000 -428.938489447  -11.724789273
    0.900000000 -429.263648873  -22.308836133
    0.920000000 -429.759615645  -31.340788776
    0.940000000 -430.424871222  -37.642641068
    0.960000000 -431.193161299  -41.112527431
    0.980000000 -432.006969771  -42.728149991
    1.000000000 -432.844334779  -43.154916180
    1.020000000 -433.675117568  -42.790918247
    1.040000000 -434.506146584  -42.805612821
    1.060000000 -435.340337433  -43.495297119
    1.080000000 -436.188028106  -43.597303411
    1.100000000 -437.030855436  -43.175818776
    1.120000000 -437.839839291  -40.345389941
    1.140000000 -438.566551652  -35.934488682
    1.160000000 -439.193034335  -27.866072309
    1.180000000 -439.628304802  -18.042304249
    1.200000000 -439.855484975   -8.043874210
    1.220000000 -439.910046050    0.612601209
    1.240000000 -439.794647264    6.806100059
    1.260000000 -439.605954265    9.633808397
    1.280000000 -439.387671940    8.937188328
    1.300000000 -439.207165656    5.117974004
    1.320000000 -439.118299077    0.219882596
    1.340000000 -439.144086238   -2.617319791
    1.360000000 -439.186715744   -4.324534312
    1.380000000 -439.237841641   -2.210254045
    1.400000000 -439.184927148    3.493381879
    1.420000000 -438.995704027   12.995014537
    1.440000000 -438.600502909   23.956959348
    1.460000000 -437.999455986   34.611247122
    1.480000000 -437.179322142   43.497655909
    1.500000000 -436.214335413   48.910288323
    1.520000000 -435.176027987   51.730188765
    1.540000000 -434.138096058   50.129688632
    1.560000000 -433.143100814   45.467073043
    1.580000000 -432.261977790   38.744616643
    1.600000000 -431.524536999   31.528232590
    1.620000000 -430.933918109   24.653952970
    1.640000000 -430.460009003   19.412865968
    1.660000000 -430.082371614   17.028309395
    1.680000000 -429.720892388   17.170156835
    1.700000000 -429.308628367   20.585817268
    1.720000000 -428.801027270   27.353597677
    1.740000000 -428.138337520   35.964545025
    1.760000000 -427.293455129   46.665295311
    1.780000000 -426.214667615   58.052848967
    1.800000000 -424.897585252   69.438919819
    1.820000000 -423.359110737   81.184226806
    1.840000000 -421.581085238   93.148990653
    1.860000000 -419.579944530  105.064973150
    1.880000000 -417.329008763  114.775595607
    1.900000000 -414.914574320  123.329846366
    1.920000000 -412.354401584  129.775808632
    1.940000000 -409.686812798  133.683640475
    1.960000000 -406.943330325  135.346285739
    1.980000000 -404.190564206  137.470416724
    2.000000000 -401.376384907  140.088418545
