#! FIELDS p.x file.free der_p.x
#! SET min_p.x -2.0
#! SET max_p.x 2.0
#! SET nbins_p.x  201
#! SET periodic_p.x false
   -2.000000000 -810.407345051 -136.898573921
   -1.980000000 -813.133279645 -140.344227352
   -1.960000000 -815.926981542 -143.052793375
   -1.940000000 -818.751426059 -141.913022166
   -1.920000000 -821.531451620 -138.769404537
   -1.900000000 -824.191081992 -130.781115782
   -1.880000000 -826.643160102 -119.605951864
   -1.860000000 -828.842093161 -106.292659185
   -1.840000000 -830.769193097  -92.338535127
   -1.820000000 -832.445092639  -78.449836369
   -1.800000000 -833.858642088  -67.201516636
   -1.780000000 -835.060114649  -59.228949649
   -1.760000000 -836.121128608  -51.965678462
   -1.740000000 -837.072960934  -46.861330191
   -1.720000000 -837.925300948  -43.147894277
   -1.700000000 -838.681218992  -40.812553581
   -1.680000000 -839.412308130  -39.373458178
   -1.660000000 -840.166183737  -38.461991927
   -1.640000000 -840.899851850  -39.156128971
   -1.620000000 -841.661151248  -40.585791849
   -1.600000000 -842.431481548  -42.340979686
   -1.580000000 -843.233282734  -43.871068867
   -1.560000000 -844.062531922  -43.462278830
   -1.540000000 -844.874499239  -40.810885874
   -1.520000000 -845.588267231  -36.755390250
   -1.500000000 -846.217679467  -30.755210154
   -1.480000000 -846.709147065  -23.486354812
   -1.460000000 -847.045378021  -15.965395173
   -1.440000000 -847.234476722   -7.851687751
   -1.420000000 -847.281167051   -1.256292113
   -1.400000000 -847.187662077    3.897719677
   -1.380000000 -847.011602516    6.743035879
   -1.360000000 -846.820990590    6.946262661
   -1.340000000 -846.651475819    4.429356073
   -1.320000000 -846.562728720   -0.909130423
   -1.300000000 -846.583001072   -7.497708720
   -1.280000000 -846.745094098  -14.103302983
   -1.260000000 -847.066558972  -21.029737014
   -1.240000000 -847.464328305  -25.566057009
   -1.220000000 -847.938462155  -26.411226139
   -1.200000000 -848.401603153  -22.700659952
   -1.180000000 -848.729813803  -16.461135513
   -1.160000000 -848.910197708   -6.451549392
   -1.140000000 -848.862602861    5.213548630
   -1.120000000 -848.586485014   16.976479757
   -1.100000000 -848.085887265   26.537420397
   -1.080000000 -847.432176761   33.485185075
   -1.060000000 -846.665842867   37.047779992
   -1.040000000 -845.861133586   36.118299268
   -1.020000000 -845.109089455   32.958285718
   -1.000000000 -844.443560836   27.125821337
   -0.980000000 -843.902886364   21.010345477
   -0.960000000 -843.513631838   15.339068215
   -0.940000000 -843.228482441    9.441703014
   -0.920000000 -843.005681180    5.285821761
   -0.900000000 -842.846942484    4.765844741
   -0.880000000 -842.666374055    7.667088244
   -0.860000000 -842.429883816   13.237924497
   -0.840000000 -842.040248606   19.796261713
   -0.820000000 -841.521637585   26.482300970
   -0.800000000 -840.869154485   31.414787787
   -0.780000000 -840.179200632   33.737015498
   -0.760000000 -839.447963742   31.455506463
   -0.740000000 -838.810368376   26.224617578
   -0.720000000 -838.310366749   18.816367414
   -0.700000000 -837.932496300   12.685429408
   -0.680000000 -837.666603189    8.179415993
   -0.660000000 -837.464094644    8.099154924
   -0.640000000 -837.230474109   11.158432824
   -0.620000000 -836.885811271   15.799805851
   -0.600000000 -836.463021547   21.590634591
   -0.580000000 -835.915870478   25.395727481
   -0.560000000 -835.357123514   26.051326887
   -0.540000000 -834.816667834   23.230132480
   -0.520000000 -834.333578688   16.108996465
   -0.500000000 -834.040232877    8.511128448
   -0.480000000 -833.887525500    1.024245130
   -0.460000000 -833.871387707   -4.716460318
   -0.440000000 -833.953816044   -7.677119013
   -0.420000000 -834.047096143   -7.118739312
   -0.400000000 -834.121275454   -4.214446833
   -0.380000000 -834.105459038    0.339153722
   -0.360000000 -833.978306983    5.863210781
   -0.340000000 -833.729678873   12.263366467
   -0.320000000 -833.380259690   18.999973962
   -0.300000000 -832.894143376   24.288044249
   -0.280000000 -832.290586589   30.284449254
   -0.260000000 -831.601543729   33.135634079
   -0.240000000 -830.873416145   34.017724002
   -0.220000000 -830.168089464   29.996199033
   -0.200000000 -829.581108176   21.233984216
   -0.180000000 -829.211248952   10.441417055
   -0.160000000 -829.081579561   -1.670079924
   -0.140000000 -829.186090664  -12.253440662
   -0.120000000 -829.440464090  -19.127644287
   -0.100000000 -829.790671928  -19.877500708
   -0.080000000 -830.104584383  -16.012715983
   -0.060000000 -830.286296134   -7.094401238
   -0.040000000 -830.287506100    2.416555167
   -0.020000000 -830.071873652   13.118408597
    0.000000000 -829.667916742   20.639028828
    0.020000000 -829.116721637   26.675401589
    0.040000000 -828.500757198   32.233818677
    0.060000000 -827.792068197   33.885027876
    0.080000000 -827.047892311   34.274033629
    0.100000000 -826.315407029   32.306533255
    0.120000000 -825.662597577   26.771535672
    0.140000000 -825.154244222   16.599547272
    0.160000000 -824.905615279    2.485544072
    0.180000000 -824.972034034  -15.793212636
    0.200000000 -825.428377075  -34.198918172
    0.220000000 -826.250839294  -50.775163873
    0.240000000 -827.365876365  -63.605034408
    0.260000000 -828.659485556  -70.194858103
    0.280000000 -830.012895152  -70.389904210
    0.300000000 -831.299610856  -65.445828503
    0.320000000 -832.478156578  -56.371043011
    0.340000000 -833.432010278  -46.634142497
    0.360000000 -834.230489639  -37.149124594
    0.380000000 -834.850881669  -29.644351041
    0.400000000 -835.358721082  -23.960942892
    0.420000000 -835.733059228  -20.433091343
    0.440000000 -836.035800810  -17.530123047
    0.460000000 -836.311645747  -13.426046073
    0.480000000 -836.475084965  -10.542123734
    0.500000000 -836.606744944   -6.262164463
    0.520000000 -836.659262807   -3.127875650
    0.540000000 -836.646514825   -1.612700019
    0.560000000 -836.637652167   -2.174579315
    0.580000000 -836.667730081   -5.929047472
    0.600000000 -836.771406456  -11.962885194
    0.620000000 -837.065155301  -19.764510348
    0.640000000 -837.503064109  -29.072973354
    0.660000000 -838.116218386  -38.244114910
    0.680000000 -838.892888997  -43.666340912
    0.700000000 -839.730716428  -47.333223836
    0.720000000 -840.635281991  -45.161928847
    0.740000000 -841.453752148  -41.809866409
    0.760000000 -842.205465939  -36.413329574
    0.780000000 -842.823676588  -31.447581516
    0.800000000 -843.333606965  -27.592238356
    0.820000000 -843.813152714  -25.775181580
    0.840000000 -844.287996095  -26.275537659
    0.860000000 -844.786069892  -28.788465933
    0.880000000 -845.345784484  -32.104839260
    0.900000000 -845.975084156  -35.568176793
    0.920000000 -846.633704701  -36.939484525
    0.940000000 -847.327169759  -36.152939464
    0.960000000 -847.969010459  -32.976843559
    0.980000000 -848.500318982  -27.756410060
    1.000000000 -848.953608124  -20.314627333
    1.020000000 -849.221507600  -11.854310364
    1.040000000 -849.323190323   -3.584461832
    1.060000000 -849.255357520    4.409601212
    1.080000000 -849.040073380   13.119556620
    1.100000000 -848.648277415   20.424217770
    1.120000000 -848.098910540   27.533047669
    1.140000000 -847.437046646   32.117018072
    1.160000000 -846.727604984   34.455699752
    1.180000000 -845.980545437   33.728992881
    1.200000000 -845.296042049   28.518386839
    1.220000000 -844.765707929   19.766707619
    1.240000000 -844.414399635    9.195028419
    1.260000000 -844.285600658   -1.494505603
    1.280000000 -844.356972297  -10.368497477
    1.300000000 -844.588704112  -17.416413852
    1.320000000 -844.913051825  -21.056134390
    1.340000000 -845.300857570  -20.363323493
    1.360000000 -845.632938550  -18.894821762
    1.380000000 -845.935425760  -15.386920760
    1.400000000 -846.129700902  -10.891600620
    1.420000000 -846.251967840   -5.561213141
    1.440000000 -846.256447850   -0.645592624
    1.460000000 -846.182444246    3.602545767
    1.480000000 -846.004390307    7.067119993
    1.500000000 -845.769841403    9.483088445
    1.520000000 -845.497771759   11.900821149
    1.540000000 -845.222110175   13.401160892
    1.560000000 -844.886589418   14.227917864
    1.580000000 -844.537945117   14.845682633
    1.600000000 -844.164696607   16.875601447
    1.620000000 -843.732983365   20.719463044
    1.640000000 -843.202004982   26.860995272
    1.660000000 -842.528249614   36.591226744
    1.680000000 -841.615718373   48.125408639
    1.700000000 -840.449397145   61.735059356
    1.720000000 -839.026535696   75.813182226
    1.740000000 -837.317886807   86.931787617
    1.760000000 -835.454003684   95.216508630
    1.780000000 -833.448214417   98.664074849
    1.800000000 -831.417574440   97.719323232
    1.820000000 -829.428654962   95.026149001
    1.840000000 -827.483356693   93.296633604
    1.860000000 -825.574874583   94.308881822
    1.880000000 -823.588995607   97.227385492
    1.900000000 -821.526118280  102.727134167
    1.920000000 -819.358788782  110.407479596
    1.940000000 -817.030226253  116.733771211
    1.960000000 -814.572463947  121.098681720
    1.980000000 -812.047676564  124.962306798
    2.000000000 -809.462977115  127.455058217
