#! FIELDS p.x file.free der_p.x
#! SET min_p.x -2.0
#! SET max_p.x 2.0
#! SET nbins_p.x  201
#! SET periodic_p.x false
   -2.000000000 -282.182898372 -142.671492548
   -1.980000000 -285.031938347 -142.056584803
   -1.960000000 -287.848334479 -140.107914124
   -1.940000000 -290.598464925 -135.167233060
   -1.920000000 -293.230059302 -128.165546398
   -1.900000000 -295.688048532 -118.713835735
   -1.880000000 -297.956593480 -108.441591049
   -1.860000000 -300.011475102  -98.809742893
   -1.840000000 -301.875857847  -90.240958630
   -1.820000000 -303.596923375  -83.539903800
   -1.800000000 -305.208991644  -79.132556301
   -1.780000000 -306.743303084  -76.560686528
   -1.760000000 -308.236901777  -73.409670423
   -1.740000000 -309.657011568  -69.472711670
   -1.720000000 -310.983051567  -64.159474216
   -1.700000000 -312.170811537  -57.084537058
   -1.680000000 -313.210951243  -48.675329935
   -1.660000000 -314.104023503  -40.315555289
   -1.640000000 -314.818815250  -33.450508363
   -1.620000000 -315.417888502  -28.359232384
   -1.600000000 -315.933257516  -25.993012604
   -1.580000000 -316.431024922  -25.483456024
   -1.560000000 -316.935121407  -26.531472960
   -1.540000000 -317.473894497  -28.453989871
   -1.520000000 -318.040706274  -30.601321878
   -1.500000000 -318.655287486  -32.233908522
   -1.480000000 -319.283592525  -32.405589022
   -1.460000000 -319.896037355  -31.127430154
   -1.440000000 -320.476472884  -27.873281183
   -1.420000000 -320.967753398  -22.788397496
   -1.400000000 -321.334793297  -15.417220232
   -1.380000000 -321.538130670   -6.655821333
   -1.360000000 -321.552508672    2.447130059
   -1.340000000 -321.394604571   11.540275738
   -1.320000000 -321.073634671   18.276886089
   -1.300000000 -320.643226775   21.906522512
   -1.280000000 -320.176537589   22.290274790
   -1.260000000 -319.749107685   18.719280450
   -1.240000000 -319.401140362   12.968908755
   -1.220000000 -319.185832909    6.909978017
   -1.200000000 -319.088016659    1.974095318
   -1.180000000 -319.059362482   -1.139523201
   -1.160000000 -319.071274866   -1.185828179
   -1.140000000 -319.044731087    0.414682469
   -1.120000000 -318.973345790    3.940337512
   -1.100000000 -318.843866120    7.413456866
   -1.080000000 -318.659293960    9.896800117
   -1.060000000 -318.421993278   10.991455100
   -1.040000000 -318.174665285   10.862173417
   -1.020000000 -317.934389478   10.977662905
   -1.000000000 -317.686929844   12.062367619
   -0.980000000 -317.394343728   15.041098196
   -0.960000000 -317.033183408   20.281887321
   -0.940000000 -316.547403211   27.007155504
   -0.920000000 -315.898367263   33.707760528
   -0.900000000 -315.124618058   41.218764697
   -0.880000000 -314.215747637   47.170476356
   -0.860000000 -313.227252544   50.127459963
   -0.840000000 -312.206837142   49.410941453
   -0.820000000 -311.233289539   45.480590456
   -0.800000000 -310.364903781   38.086907917
   -0.780000000 -309.682793394   28.218386960
   -0.760000000 -309.199630833   16.288840109
   -0.740000000 -308.968191327    4.812594959
   -0.720000000 -308.975391479   -5.943558463
   -0.700000000 -309.151774641  -14.365878696
   -0.680000000 -309.472712979  -19.533663690
   -0.660000000 -309.864096337  -20.904509292
   -0.640000000 -310.245997775  -18.888973182
   -0.620000000 -310.559267679  -14.618762469
   -0.600000000 -310.777185152   -8.781403142
   -0.580000000 -310.866101709   -2.858153914
   -0.560000000 -310.847522477    2.653511445
   -0.540000000 -310.727640147    7.351321126
   -0.520000000 -310.514186520   10.395822033
   -0.500000000 -310.262247775   12.938686385
   -0.480000000 -309.961909320   15.246786286
   -0.460000000 -309.613511496   17.335887752
   -0.440000000 -309.234253396   19.124008200
   -0.420000000 -308.809332107   20.730970758
   -0.400000000 -308.372630702   21.138945444
   -0.380000000 -307.938997028   20.553365139
   -0.360000000 -307.520537163   18.378468673
   -0.340000000 -307.149032660   16.089871979
   -0.320000000 -306.836972026   14.345154962
   -0.300000000 -306.552223012   12.830194369
   -0.280000000 -306.275787112   12.786576893
   -0.260000000 -305.990093401   13.213421711
   -0.240000000 -305.706115307   13.821259549
   -0.220000000 -305.413237329   12.769091436
   -0.200000000 -305.159116120    9.831656077
   -0.180000000 -304.987176964    4.758497193
   -0.160000000 -304.942325673   -1.590570317
   -0.140000000 -305.030692316   -8.112613724
   -0.120000000 -305.221678133  -13.646469394
   -0.100000000 -305.495075698  -16.142946124
   -0.080000000 -305.798009351  -15.458926090
   -0.060000000 -306.052896863  -11.859287146
   -0.040000000 -306.225475528   -6.749649724
   -0.020000000 -306.284862723   -1.449633082
    0.000000000 -306.256600994    2.277595506
    0.020000000 -306.159086190    4.287594578
    0.040000000 -306.058434689    4.926821946
    0.060000000 -305.959809159    3.106327961
    0.080000000 -305.897845328    0.883929086
    0.100000000 -305.877871051   -0.691200781
    0.120000000 -305.877752930   -1.718262441
    0.140000000 -305.892573823   -2.188987095
    0.160000000 -305.909572586   -1.892641357
    0.180000000 -305.924504641   -2.116395589
    0.200000000 -305.962220419   -2.679260740
    0.220000000 -306.020349048   -4.518940107
    0.240000000 -306.124976876   -7.720509749
    0.260000000 -306.302027975  -11.612734697
    0.280000000 -306.546212015  -15.250728226
    0.300000000 -306.845389848  -17.982541327
    0.320000000 -307.211908923  -18.759151370
    0.340000000 -307.555907439  -18.213329146
    0.360000000 -307.884015402  -15.890689111
    0.380000000 -308.145036785  -12.590983117
    0.400000000 -308.361830701   -9.238738582
    0.420000000 -308.497372917   -6.856318107
    0.440000000 -308.601271735   -6.049416257
    0.460000000 -308.714193539   -6.643044438
    0.480000000 -308.849216249   -9.037846182
    0.500000000 -309.037720438  -12.285444452
    0.520000000 -309.293553138  -15.401213595
    0.540000000 -309.612083087  -17.929734870
    0.560000000 -309.979739963  -19.864475766
    0.580000000 -310.374297106  -21.131701667
    0.600000000 -310.767853014  -20.954479411
    0.620000000 -311.175828786  -20.285398069
    0.640000000 -311.559406622  -19.404564465
    0.660000000 -311.923261703  -18.806468514
    0.680000000 -312.259685430  -17.174169344
    0.700000000 -312.564441619  -15.605003764
    0.720000000 -312.848264752  -13.915102568
    0.740000000 -313.098723915  -13.675291800
    0.760000000 -313.368402936  -14.723733238
    0.780000000 -313.671775057  -18.405021319
    0.800000000 -314.060877838  -24.584468430
    0.820000000 -314.612115116  -32.404711414
    0.840000000 -315.335892573  -40.420926140
    0.860000000 -316.203340565  -47.068064496
    0.880000000 -317.161967671  -50.524484166
    0.900000000 -318.152566937  -48.994719609
    0.920000000 -319.049402010  -42.542528144
    0.940000000 -319.774443733  -31.814187834
    0.960000000 -320.272337845  -18.993845676
    0.980000000 -320.503464923   -7.028572482
    1.000000000 -320.532863274    1.453783018
    1.020000000 -320.445616842    4.919758145
    1.040000000 -320.345319760    2.454053631
    1.060000000 -320.341923837   -5.547774445
    1.080000000 -320.537269035  -15.973506834
    1.100000000 -320.952438307  -27.387863246
    1.120000000 -321.575059060  -36.173679851
    1.140000000 -322.331525683  -42.085555827
    1.160000000 -323.174272540  -42.341229120
    1.180000000 -323.963745798  -37.823581401
    1.200000000 -324.623707256  -29.377636085
    1.220000000 -325.090480306  -18.407756753
    1.240000000 -325.313438018   -5.699020501
    1.260000000 -325.289436021    6.994873965
    1.280000000 -325.002463938   18.985246169
    1.300000000 -324.484258031   29.438590975
    1.320000000 -323.779802097   37.835876596
    1.340000000 -322.941020298   45.163105666
    1.360000000 -321.968800426   48.713956147
    1.380000000 -320.967684780   49.460133100
    1.400000000 -319.967762468   46.893874177
    1.420000000 -319.057021898   42.380754782
    1.440000000 -318.256126046   35.609422898
    1.460000000 -317.607431057   27.993653069
    1.480000000 -317.093501924   20.601377683
    1.500000000 -316.714435294   15.133237923
    1.520000000 -316.419526289   13.131504038
    1.540000000 -316.148693960   13.639176891
    1.560000000 -315.819812168   16.558173910
    1.580000000 -315.413375246   21.482462438
    1.600000000 -314.897682759   27.509774782
    1.620000000 -314.267825582   33.409311493
    1.640000000 -313.519589648   38.662589513
    1.660000000 -312.685553057   42.898458444
    1.680000000 -311.770086876   46.639092871
    1.700000000 -310.764599028   49.864414300
    1.720000000 -309.703091390   54.333525702
    1.740000000 -308.546613739   59.034729395
    1.760000000 -307.287541800   64.866744394
    1.780000000 -305.899853272   71.814615484
    1.800000000 -304.366907696   78.663862393
    1.820000000 -302.702518821   85.632364928
    1.840000000 -300.896187256   92.307484169
    1.860000000 -298.980701252   98.207304477
    1.880000000 -296.942759788  101.925146904
    1.900000000 -294.847054953  104.606277356
    1.920000000 -292.711490357  106.938704249
    1.940000000 -290.524435642  109.172777916
    1.960000000 -288.275974882  112.251231793
    1.980000000 -285.960894889  117.830356907
    2.000000000 -283.498147271  125.213653000
