#! FIELDS time p.x p.y sigma_p.x sigma_p.y height biasf
#! SET multivariate false
#! SET kerneltype gaussian
                    0.5     -1.162732543841399      -1.35570636108237                    0.1                    0.1     0.5555555555555556                     10
                      1     -1.466008396960219     -1.154560530091042                    0.1                    0.1     0.5555555555555556                     10
                    1.5     -1.229084159044788     -1.145096892518442                    0.1                    0.1     0.5510120903393204                     10
                      2     -1.050083302576577     -1.434109655097897                    0.1                    0.1     0.5435310399994112                     10
                    2.5     -1.422487307315156      -1.13977268398306                    0.1                    0.1     0.5238399071350741                     10
                      3     -1.296503658886378     -1.308478353075912                    0.1                    0.1     0.5322309848628978                     10
                    3.5     -1.273769262593399     -1.383692441473777                    0.1                    0.1     0.5146767063657319                     10
                      4     -1.264010681050135     -1.315473981551656                    0.1                    0.1     0.4820205836694904                     10
                    4.5     -1.395123654303058      -1.32186497144024                    0.1                    0.1     0.5026381148929113                     10
                      5     -1.328504117541906     -1.038947817022785                    0.1                    0.1     0.5265155281047296                     10
                    5.5      -1.30292576377243     -1.391300296837775                    0.1                    0.1     0.4676706165761268                     10
                      6     -1.034027891599454      -1.31912431320314                    0.1                    0.1     0.5227892797762105                     10
                    6.5     -1.350362082516779     -1.125998688624404                    0.1                    0.1     0.4767280061409176                     10
                      7     -1.316610662284097     -1.175925115796008                    0.1                    0.1     0.4520007125374079                     10
                    7.5     -1.279763021997623     -1.404915144486241                    0.1                    0.1     0.4477227593152266                     10
                      8     -1.208228343098082     -1.028837180694267                    0.1                    0.1     0.5138391549763693                     10
                    8.5     -1.100899746550481     -1.491826209371059                    0.1                    0.1     0.5083316313858626                     10
                      9     -1.032370615798715     -1.053261546575355                    0.1                    0.1     0.5450984829327863                     10
                    9.5     -1.441161979018494     -1.318902004364971                    0.1                    0.1     0.4799488416037936                     10
                     10     -1.111055199356525     -1.248699118805005                    0.1                    0.1      0.486844968206718                     10
                   10.5     -1.322852217303176     -1.231454410772599                    0.1                    0.1     0.4133678033808678                     10
                     11     -1.137324273164802     -1.400865867061046                    0.1                    0.1     0.4410189251379076                     10
                   11.5     -1.281078642305748     -1.124834091796311                    0.1                    0.1     0.4253049080136413                     10
                     12     -1.393689310375812     -1.436911258049014                    0.1                    0.1     0.4751073154274326                     10
                   12.5     -1.077741093261382     -1.189973906228424                    0.1                    0.1      0.484389013548528                     10
                     13     -1.305460631108667     -1.327477051502345                    0.1                    0.1     0.3778746982215119                     10
                   13.5     -1.400642473435131      -1.15087322313346                    0.1                    0.1     0.4134728649081702                     10
                     14     -1.232999110638047     -1.309545786156586                    0.1                    0.1     0.3731510393144108                     10
                   14.5     -1.292857479279735     -1.117038721774881                    0.1                    0.1     0.3938161328223621                     10
                     15     -1.135977402535325     -1.251352278149834                    0.1                    0.1     0.4136288515411577                     10
                   15.5     -1.123222282501086     -1.239966025554576                    0.1                    0.1     0.4059629113689434                     10
                     16     -1.199273543777195     -1.174369809954918                    0.1                    0.1      0.382101230785149                     10
                   16.5     -1.406638037447661     -1.370990025804874                    0.1                    0.1      0.414336210224539                     10
                     17       -1.1188591308228      -1.16852104644132                    0.1                    0.1     0.4068224730962154                     10
                   17.5     -1.304602273176061     -1.486960217032202                    0.1                    0.1     0.4504762459271532                     10
                     18     -1.562802927630796     -1.278025778598503                    0.1                    0.1     0.5112100090289219                     10
                   18.5    -0.9159121615534157     -1.282665786571688                    0.1                    0.1     0.5204912008815926                     10
                     19     -1.349820880949954    -0.9482412574895138                    0.1                    0.1     0.5044260959867931                     10
                   19.5    -0.9451395266265032      -1.21995283207229                    0.1                    0.1      0.485160752470809                     10
                     20     -1.446571270776323     -1.475598223391873                    0.1                    0.1     0.4774506919639036                     10
                   20.5     -1.072759964951101     -1.050017682033503                    0.1                    0.1     0.4725889892194867                     10
                     21      -1.26623320532067      -1.37660110806062                    0.1                    0.1     0.3410811886329639                     10
                   21.5     -1.377171184384299     -1.380514641949714                    0.1                    0.1     0.3570958537642084                     10
                     22     -1.411428660022113     -1.241505712132759                    0.1                    0.1     0.3689427615725984                     10
                   22.5     -1.141834233069125     -1.258023127839706                    0.1                    0.1     0.3498283432386252                     10
                     23     -0.946665979792883     -1.322755913196776                    0.1                    0.1     0.4631187696481321                     10
                   23.5     -1.498969849367842     -1.257504634766661                    0.1                    0.1     0.4245040995271692                     10
                     24    -0.9716191496538957     -1.498346444937083                    0.1                    0.1      0.506613789106946                     10
                   24.5     -1.308454721044029    -0.8841541048201302                    0.1                    0.1     0.5142116513883898                     10
                     25     -1.309927278190484      -1.54991636729418                    0.1                    0.1     0.4755022634275535                     10
                   25.5     -1.043177036186675     -1.328696722455498                    0.1                    0.1     0.3870299347400247                     10
                     26     -1.178907246226201     -1.464444875259651                    0.1                    0.1     0.4026106366645506                     10
                   26.5     -1.283773271356095      -1.07265265635677                    0.1                    0.1     0.3775418378084514                     10
                     27    -0.9718371536762144     -1.244905204769927                    0.1                    0.1     0.4135537200897897                     10
                   27.5     -1.163600133675974     -1.160598552026556                    0.1                    0.1     0.3484478814209344                     10
                     28     -1.161501181304982     -1.028428539837264                    0.1                    0.1      0.424190432665378                     10
                   28.5     -1.135240562124721     -1.495483211783269                    0.1                    0.1     0.4231137172888342                     10
                     29     -1.290224088467321    -0.9996829154558812                    0.1                    0.1     0.4044197684692383                     10
                   29.5     -1.331521963991709     -1.305163548237494                    0.1                    0.1      0.302883807685616                     10
                     30     -1.122127344588423     -1.286780133753098                    0.1                    0.1     0.3198165172882168                     10
                   30.5     -1.078624044442696     -1.088210737126437                    0.1                    0.1     0.3983594238876522                     10
                     31     -1.553208096526255     -1.313710100868978                    0.1                    0.1     0.4564696726693152                     10
                   31.5    -0.9835968360975783     -1.422464170787136                    0.1                    0.1     0.4244959281108487                     10
                     32     -1.531292142102869     -1.172642776694097                    0.1                    0.1     0.4414067168781243                     10
                   32.5    -0.8299116956505931     -1.240453422360682                    0.1                    0.1     0.4986044596710909                     10
                     33     -1.573953535559556     -1.407999746686592                    0.1                    0.1     0.4849101448674869                     10
                   33.5     -1.133854656893892     -0.877281663142318                    0.1                    0.1     0.5159275841210668                     10
                     34     -1.340660577193785      -1.56843248785781                    0.1                    0.1     0.4649279325355933                     10
                   34.5    -0.9456161723861646     -1.026744223285489                    0.1                    0.1     0.4974667701852607                     10
                     35     -1.487901121922689      -1.06291586517001                    0.1                    0.1     0.4539863132715838                     10
                   35.5     -1.179643444299347     -1.150753826470693                    0.1                    0.1     0.3161118461858426                     10
                     36     -1.507653858660513     -1.295575122527292                    0.1                    0.1     0.3793336606447244                     10
                   36.5     -1.126602957278339     -1.520676466521103                    0.1                    0.1     0.4212372592624798                     10
                     37     -1.547857574643314     -1.026683098411531                    0.1                    0.1      0.494214206555388                     10
                   37.5     -1.180447248144286     -1.593500126558872                    0.1                    0.1     0.4659112505972277                     10
                     38     -1.149113877868805    -0.7665587178672697                    0.1                    0.1     0.5327793703995745                     10
                   38.5     -1.394286849947747     -1.518660428434897                    0.1                    0.1     0.4165969045332287                     10
                     39     -1.071761656268633    -0.7981762863969439                    0.1                    0.1     0.5120127467867698                     10
                   39.5     -1.139153162918912     -1.511386045330974                    0.1                    0.1      0.381740173060667                     10
                     40     -1.322768146840939     -1.039407641603854                    0.1                    0.1     0.3564662991517339                     10
                   40.5    -0.8925099872765464     -1.177941982952786                    0.1                    0.1     0.4502973339414398                     10
                     41     -1.107003228311158     -1.405011404065624                    0.1                    0.1     0.3276233335261972                     10
                   41.5      -1.27676944154796    -0.9952839994642025                    0.1                    0.1     0.3700479634176516                     10
                     42    -0.8171517684212515     -1.317791029075516                    0.1                    0.1     0.4804330423382778                     10
                   42.5     -1.360330602711854    -0.9155575858270001                    0.1                    0.1     0.4396599191766463                     10
                     43     -1.269643242330834     -1.611387436669403                    0.1                    0.1     0.4498200804256873                     10
                   43.5      -1.43778198809995    -0.8456674396941325                    0.1                    0.1     0.5046073064815958                     10
                     44     -1.147537044027277     -1.337380028365706                    0.1                    0.1     0.2931173364430628                     10
                   44.5     -1.434828158994353      -1.24684260445192                    0.1                    0.1     0.3231174179578759                     10
                     45      -0.93095824292843     -1.212437808529912                    0.1                    0.1     0.3888901583481723                     10
                   45.5      -1.18739304438192    -0.9425447122261701                    0.1                    0.1     0.4089969623367961                     10
                     46     -1.293108660792158     -1.270887867955408                    0.1                    0.1     0.2771345868361981                     10
                   46.5     -1.387684276304463     -1.153234634669868                    0.1                    0.1     0.3078437728372589                     10
                     47     -1.017620056684874     -1.183720434048978                    0.1                    0.1     0.3446728100741643                     10
                   47.5      -1.29381865659489     -1.043528244002942                    0.1                    0.1     0.3114180683674567                     10
                     48     -1.360986025958576     -1.367687553222329                    0.1                    0.1     0.2875102570651583                     10
                   48.5     -1.303214287999763     -1.458713507793908                    0.1                    0.1     0.3124823075228436                     10
                     49     -1.438968343503322     -1.385485651755096                    0.1                    0.1     0.3263959937216715                     10
                   49.5     -1.460243316143674     -1.317787085478307                    0.1                    0.1     0.3107938030388631                     10
                     50     -1.254777856078082     -1.174022657933064                    0.1                    0.1      0.273419875284607                     10
                   50.5     -1.283773902209831     -1.291447594185653                    0.1                    0.1      0.251841634227329                     10
                     51     -1.320700158948887      -1.27128083915449                    0.1                    0.1     0.2481972896076965                     10
                   51.5     -1.475128441582415     -1.253395952931841                    0.1                    0.1     0.3080548669539784                     10
                     52    -0.9129993895594082     -1.021544468020812                    0.1                    0.1     0.4794689352947923                     10
                   52.5     -1.586730756342897      -1.50540442116757                    0.1                    0.1     0.5027770416939819                     10
                     53     -1.124930397044327     -1.008336608061444                    0.1                    0.1     0.3727007797143219                     10
                   53.5     -1.123809502776081     -1.228203104766743                    0.1                    0.1     0.2771460649686993                     10
                     54     -1.241059605407607     -1.371528167152648                    0.1                    0.1      0.254061651359674                     10
                   54.5     -1.161013761918327     -1.433079877567331                    0.1                    0.1     0.2935661780580314                     10
                     55     -1.501111274769574     -1.427281249424094                    0.1                    0.1      0.372047325735135                     10
                   55.5     -1.365938001459289    -0.9205989769518859                    0.1                    0.1     0.3977098218813154                     10
                     56     -1.363403217574725     -1.073383384227739                    0.1                    0.1     0.2980152813406519                     10
                   56.5     -1.345749317090204     -1.370119941725754                    0.1                    0.1     0.2429815402779499                     10
                     57     -1.214997607110854     -1.267393231379768                    0.1                    0.1     0.2405398120215373                     10
                   57.5      -1.33253211568183    -0.7510440227115629                    0.1                    0.1     0.5079568419354739                     10
                     58     -1.269194604331575     -1.662122425442722                    0.1                    0.1     0.4706194403940847                     10
                   58.5     -1.433759160637966    -0.7008790370500897                    0.1                    0.1     0.5241321247641144                     10
                     59     -1.041960859985535      -1.64296034422669                    0.1                    0.1      0.500576289611987                     10
                   59.5     -1.507023042076463     -1.034586772090198                    0.1                    0.1     0.4186192001827876                     10
                     60    -0.8180571984300689     -1.271754549058004                    0.1                    0.1      0.439460439120517                     10
                   60.5     -1.608991625265806     -1.095819182022365                    0.1                    0.1     0.4685101770078907                     10
                     61    -0.9229725667966627     -1.030676503121482                    0.1                    0.1     0.4444960711012101                     10
                   61.5      -1.21845890915007     -1.348566538433009                    0.1                    0.1     0.2356469421212996                     10
                     62    -0.8832451453621442     -1.396518040162998                    0.1                    0.1      0.437048520495511                     10
                   62.5     -1.280646538558851     -1.092186188843671                    0.1                    0.1     0.2641935937148729                     10
                     63    -0.8905374472847092     -1.050080680267011                    0.1                    0.1     0.4361248333301473                     10
                   63.5     -1.297582973569788     -1.400832069981889                    0.1                    0.1     0.2387952974311764                     10
                     64     -1.178737443261998     -1.061274454299063                    0.1                    0.1     0.2978755665029048                     10
                   64.5     -1.348203706689901     -1.115133929805303                    0.1                    0.1     0.2581733940786599                     10
                     65     -1.177873391474335     -1.488178208093449                    0.1                    0.1      0.304173728914536                     10
                   65.5    -0.8783085568008072     -1.375886385871551                    0.1                    0.1     0.4085443079792269                     10
                     66     -1.083883451115534     -1.000636723227438                    0.1                    0.1     0.3673804271800155                     10
                   66.5     -1.194737164772166      -1.01788597017196                    0.1                    0.1     0.2991341310051134                     10
                     67     -1.049170787683961     -1.447756738618168                    0.1                    0.1      0.329725140510425                     10
                   67.5    -0.9922806316851277      -1.12066286585602                    0.1                    0.1     0.3391219353753007                     10
                     68     -1.546568966214374     -1.214141466794318                    0.1                    0.1     0.3590106602553103                     10
                   68.5     -1.426210602988304     -1.465039953729422                    0.1                    0.1     0.3265990689468701                     10
                     69     -1.406903510763588     -1.200411076701442                    0.1                    0.1      0.253573312838178                     10
                   69.5     -1.448619190583414    -0.8808603808624142                    0.1                    0.1     0.4366370339278364                     10
                     70     -1.082232375315835     -1.145426132663233                    0.1                    0.1     0.2838182455007114                     10
                   70.5     -1.182131812921833     -1.467763454494309                    0.1                    0.1     0.2762101138393501                     10
                     71     -1.469759326236878     -1.539881159476401                    0.1                    0.1     0.4156116761794703                     10
                   71.5     -1.142937601705146     -1.501672137810538                    0.1                    0.1      0.300275534929405                     10
                     72     -1.569132883656711     -1.379765298542763                    0.1                    0.1     0.3833787200071311                     10
                   72.5     -1.024556952795034     -1.042498693205231                    0.1                    0.1     0.3387042867199708                     10
                     73     -1.423711955033964    -0.8225385224310777                    0.1                    0.1     0.4334321300250493                     10
                   73.5     -1.216434884853521     -1.328221717820691                    0.1                    0.1     0.2168791868516126                     10
                     74    -0.8014759361565671     -1.457874924766399                    0.1                    0.1     0.4925258919564586                     10
                   74.5     -1.161725751581865      -0.97077016784537                    0.1                    0.1     0.3293341812627948                     10
                     75     -1.140221337004901    -0.9895246235116252                    0.1                    0.1     0.3114523573790343                     10
                   75.5    -0.7663287886457878       -1.3076600690161                    0.1                    0.1     0.4465021745231917                     10
                     76     -1.287557348858917      -1.31564007291295                    0.1                    0.1     0.2049193698257565                     10
                   76.5     -1.302466814910732     -1.268124748953991                    0.1                    0.1     0.2076128631654789                     10
                     77    -0.7785899641187353      -1.16972939515099                    0.1                    0.1     0.4553648157521438                     10
                   77.5     -1.351721875488579    -0.7705555515887902                    0.1                    0.1     0.4382068028124022                     10
                     78    -0.9120315367132582     -1.102161719992623                    0.1                    0.1     0.3608161830802357                     10
                   78.5     -1.211364529587777     -1.524336345468597                    0.1                    0.1     0.2997483875096522                     10
                     79     -1.425863442480466     -1.277554164167468                    0.1                    0.1     0.2375175726433967                     10
                   79.5     -1.510499153321234     -1.048870510525974                    0.1                    0.1     0.3738873473618052                     10
                     80     -1.108666314073239     -1.239236103788561                    0.1                    0.1     0.2466158835889644                     10
                   80.5     -1.159643417529395     -1.384219541124039                    0.1                    0.1     0.2273459206780164                     10
                     81     -1.537434894103064     -0.933393284983933                    0.1                    0.1     0.4436556566138337                     10
                   81.5    -0.8071670736924708     -1.064803491375413                    0.1                    0.1     0.4491192148008718                     10
                     82     -1.178858412938821     -1.538925641347922                    0.1                    0.1     0.3039552974717126                     10
                   82.5      -0.71781765712488    -0.9127952614654238                    0.1                    0.1      0.541826392290365                     10
                     83     -1.394482513664681     -1.574684221309387                    0.1                    0.1     0.3872496789337214                     10
                   83.5     -1.105564373330534    -0.7267491666664124                    0.1                    0.1     0.4945778205847515                     10
                     84     -1.000190653192387     -1.570348859609288                    0.1                    0.1     0.4276576384546007                     10
                   84.5    -0.7252977768431148     -1.178565191124056                    0.1                    0.1     0.4645665517192568                     10
                     85    -0.9809011600823474     -1.436565147959734                    0.1                    0.1     0.3415388628087434                     10
                   85.5     -1.541355137411411     -1.426351582315664                    0.1                    0.1       0.35909104657521                     10
                     86      -1.36123736163182     -1.489944479461116                    0.1                    0.1     0.2785733493174725                     10
                   86.5    -0.9680706663072085    -0.8993068586206301                    0.1                    0.1     0.4564705681721997                     10
                     87      -1.26355859382331     -1.578426424394509                    0.1                    0.1     0.3300579150029911                     10
                   87.5     -0.843374069229029     -0.827012925639943                    0.1                    0.1     0.5222857255651044                     10
                     88     -1.137279471800676     -1.593166742471172                    0.1                    0.1     0.3498344561406316                     10
                   88.5     -1.490958754436544     -0.927565593037327                    0.1                    0.1      0.393261504920575                     10
                     89     -1.298633806676341     -1.402610522581799                    0.1                    0.1     0.2027965172113284                     10
                   89.5     -1.552438214583307     -1.147499307875201                    0.1                    0.1     0.3535511501937852                     10
                     90     -1.460572720089444     -1.223315144621204                    0.1                    0.1     0.2525236614381309                     10
                   90.5     -1.311704096223479     -1.585502939410494                    0.1                    0.1     0.3320225669981646                     10
                     91     -1.531941111676763     -1.254342655025632                    0.1                    0.1     0.2964415249233063                     10
                   91.5     -1.206899936541824    -0.9305384266172065                    0.1                    0.1     0.3298644693994673                     10
                     92     -1.463126112754849     -1.288528551529749                    0.1                    0.1     0.2359586268204501                     10
                   92.5     -1.219296561046758    -0.8448848988890427                    0.1                    0.1     0.3889827763971411                     10
                     93     -1.270185031178811     -1.027487347116127                    0.1                    0.1     0.2496456250925445                     10
                   93.5     -1.184236953088518      -1.21153381140776                    0.1                    0.1     0.2199804585087515                     10
                     94     -1.084912406971402    -0.9807335263009064                    0.1                    0.1     0.3142950139287928                     10
                   94.5    -0.8827961114568965     -1.437120221639581                    0.1                    0.1     0.3937333321022265                     10
                     95    -0.8459497309435563     -1.366186323726021                    0.1                    0.1     0.3644485744132611                     10
                   95.5     -1.056699920465127     -1.193916906319012                    0.1                    0.1      0.258747114786936                     10
                     96     -1.538432387545415     -1.421478398490797                    0.1                    0.1     0.3329611773310486                     10
                   96.5     -1.154850814224474     -1.340094986611458                    0.1                    0.1     0.2110535915555052                     10
                     97    -0.7169498594268489     -1.347802185285309                    0.1                    0.1     0.4553105537638925                     10
                   97.5     -1.562227903805612     -1.219316215622436                    0.1                    0.1     0.3189969118812754                     10
                     98     -1.293289647273319    -0.6483414992211586                    0.1                    0.1     0.5033436770671785                     10
                   98.5       -1.3057346671252     -1.501464696946136                    0.1                    0.1     0.2478997039048206                     10
                     99     -1.457113388910878     -0.429825859497599                    0.1                    0.1      0.554095133414784                     10
                   99.5    -0.9934788504132724     -1.496209582509513                    0.1                    0.1     0.3401568660760975                     10
                    100     -1.058622384805088    -0.8737672898078674                    0.1                    0.1     0.3963424476130065                     10
                  100.5     -1.325118043504276     -1.301818261786907                    0.1                    0.1     0.1855419236714456                     10
                    101     -1.110921912826269     -1.428251529570898                    0.1                    0.1     0.2326825830147333                     10
                  101.5      -1.06510184423525     -1.039433305932119                    0.1                    0.1     0.2778007745899706                     10
                    102     -1.015023334105259     -1.283228842825093                    0.1                    0.1     0.2655492909429657                     10
                  102.5     -1.467177289097084     -1.167985570349133                    0.1                    0.1     0.2504107499537613                     10
                    103     -1.315449339378412     -1.634936387335264                    0.1                    0.1     0.3729916224384921                     10
                  103.5     -1.483547776388698     -1.219241999108502                    0.1                    0.1     0.2369812823350486                     10
                    104     -1.124932483293353    -0.7679432301227063                    0.1                    0.1     0.4233722910634494                     10
                  104.5      -1.46726403202539     -1.339061536388885                    0.1                    0.1     0.2269416309428987                     10
                    105     -1.033073256448135      -1.45580569189236                    0.1                    0.1     0.2762663069010542                     10
                  105.5    -0.7150462365508167     -1.244554432030111                    0.1                    0.1     0.4306758266350815                     10
                    106     -1.026691823384962     -1.504520213265658                    0.1                    0.1     0.2991569671976684                     10
                  106.5     -1.611843890848346     -1.421016770874103                    0.1                    0.1     0.3953132443636063                     10
                    107     -1.379695725137022    -0.8949043272531637                    0.1                    0.1     0.3339497176015432                     10
                  107.5     -1.119646290157451      -1.02484816210818                    0.1                    0.1     0.2566994059894479                     10
                    108    -0.8717880334271546     -1.528755932146959                    0.1                    0.1     0.4317049611910672                     10
                  108.5     -1.626978552461915     -1.401832383686437                    0.1                    0.1     0.3910717898177122                     10
                    109     -1.195114901811427     -1.633892867003627                    0.1                    0.1     0.3563944880862289                     10
                  109.5     -1.502052899938304     -1.033842474278871                    0.1                    0.1     0.3282235487006858                     10
                    110     -1.002944848603391     -1.054048341781887                    0.1                    0.1     0.2881305227972226                     10
                  110.5     -1.220130104297689     -1.362109693800023                    0.1                    0.1     0.1827661899044326                     10
                    111     -1.137737847091235    -0.8281816887785338                    0.1                    0.1     0.3673819945059964                     10
                  111.5    -0.8443009921476704      -1.20436375916368                    0.1                    0.1      0.333258777260537                     10
                    112     -1.344395206909172     -1.311054341547637                    0.1                    0.1     0.1783275916064435                     10
                  112.5     -1.274993026344134      -0.93664190578977                    0.1                    0.1     0.2819927293690586                     10
                    113    -0.9442804464835349      -1.32004371805579                    0.1                    0.1     0.2810165834905107                     10
                  113.5     -1.150279241941227     -1.303762095755899                    0.1                    0.1       0.19730567089697                     10
                    114     -1.404024206045498     -1.163799356673642                    0.1                    0.1     0.2154089869685388                     10
                  114.5     -1.205009802643517     -1.009001636009694                    0.1                    0.1     0.2359305307581327                     10
                    115     -1.038331408734314     -1.357171220378616                    0.1                    0.1     0.2378740690307105                     10
                  115.5     -1.256013921568937     -1.057631633938001                    0.1                    0.1     0.2162000620844209                     10
                    116     -1.330102000741136     -1.022353019156537                    0.1                    0.1     0.2353882337192222                     10
                  116.5    -0.6691913151959843     -1.480207745701538                    0.1                    0.1     0.5160226081952837                     10
                    117     -1.128612988095897    -0.8382658191821851                    0.1                    0.1     0.3457800085507069                     10
                  117.5     -1.551462459733249     -1.398385177111665                    0.1                    0.1     0.2952048208534476                     10
                    118     -1.464181031882771     -1.423883462396071                    0.1                    0.1     0.2455265475525497                     10
                  118.5     -1.310145736717091     -1.472038465625395                    0.1                    0.1     0.2137643643197143                     10
                    119     -1.523376246696512     -1.540554825465312                    0.1                    0.1     0.3825441480406579                     10
                  119.5     -1.314890039224985      -1.41745323673634                    0.1                    0.1      0.183481784323972                     10
                    120     -1.400905953554321     -1.504645566885621                    0.1                    0.1     0.2579001815248866                     10
                  120.5     -1.291187643978484     -1.030129641677838                    0.1                    0.1      0.217534175101168                     10
                    121     -1.495697414585958     -1.218696970917218                    0.1                    0.1      0.227381507435528                     10
                  121.5     -1.456140625430557     -1.389038564939288                    0.1                    0.1     0.2098298084563628                     10
                    122     -1.424955151483758    -0.8615938903557179                    0.1                    0.1     0.3478283800611795                     10
                  122.5     -1.196912312411003    -0.9470371003661023                    0.1                    0.1     0.2512874571744571                     10
                    123    -0.9356670723774979     -1.223532666128747                    0.1                    0.1     0.2766424605205405                     10
                  123.5     -1.073014140976785     -1.304567323621356                    0.1                    0.1     0.2157838861848235                     10
                    124     -1.485581735234166    -0.8513940932851011                    0.1                    0.1     0.3834471415251758                     10
                  124.5     -1.322989792676048     -1.634606809392077                    0.1                    0.1     0.3483684027070985                     10
                    125     -1.459307027649251    -0.8828298934181414                    0.1                    0.1     0.3338546535369325                     10
                  125.5     -1.100195431970246    -0.9516966658337509                    0.1                    0.1     0.2711622192898511                     10
                    126    -0.7564955777563196     -1.195267233552069                    0.1                    0.1     0.3792669257731499                     10
                  126.5     -1.223864801701773     -1.412903155844312                    0.1                    0.1     0.1771296948702977                     10
                    127     -1.027198385865857     -1.185736146517713                    0.1                    0.1      0.239235886284664                     10
                  127.5     -1.161309873398162     -1.271984583804177                    0.1                    0.1     0.1860224615998315                     10
                    128      -1.63302432363274     -1.193138272367202                    0.1                    0.1      0.389945596489615                     10
                  128.5     -1.342186630267084     -1.374144267307065                    0.1                    0.1     0.1661870800332332                     10
                    129    -0.7752719786722141     -1.393017540563289                    0.1                    0.1     0.3779093069810606                     10
                  129.5     -1.071786617530468     -1.058131101623534                    0.1                    0.1     0.2353665239219107                     10
                    130     -1.320245513426341     -1.459959552312343                    0.1                    0.1     0.1899066784558306                     10
                  130.5     -0.569291425154217     -1.319799234143351                    0.1                    0.1     0.5217629623174194                     10
                    131     -1.221191127461512      -1.22798124606649                    0.1                    0.1     0.1836762679021261                     10
                  131.5     -1.057495213839984      -1.19726965545687                    0.1                    0.1     0.2170278284199667                     10
                    132     -0.732310838158847     -1.414897447285566                    0.1                    0.1     0.4048113644170397                     10
                  132.5     -1.571514967256323     -1.431835053067067                    0.1                    0.1     0.3050967224740019                     10
                    133      -1.31250464615936    -0.8562467465453685                    0.1                    0.1     0.3068146054298708                     10
                  133.5     -1.130192063320034    -0.7914670143379973                    0.1                    0.1     0.3564865761324539                     10
                    134     -1.447269114933205     -1.126787254012765                    0.1                    0.1     0.2288470054117968                     10
                  134.5    -0.9489137962677937     -1.065913349118865                    0.1                    0.1     0.2906252154397131                     10
                    135    -0.9164797183016657     -1.194145007389854                    0.1                    0.1     0.2672418253291412                     10
                  135.5      -1.49993614371049     -1.590891611743127                    0.1                    0.1     0.3983938676998721                     10
                    136     -1.142662634181767     -1.083356206032142                    0.1                    0.1     0.2034142841666537                     10
                  136.5     -1.545440589936794     -1.168321493154207                    0.1                    0.1     0.2694543774438608                     10
                    137     -1.422943643985906      -1.09895323706764                    0.1                    0.1     0.2234612796977835                     10
                  137.5    -0.8505634639552551     -1.294468137784457                    0.1                    0.1     0.2802094036495633                     10
                    138     -1.234292486428582     -1.390140118525383                    0.1                    0.1     0.1625340397080502                     10
                  138.5     -1.437797984737051    -0.9655449781438672                    0.1                    0.1     0.2779243451517326                     10
                    139     -1.092985689711035     -1.432192840629325                    0.1                    0.1     0.2087816231266045                     10
                  139.5     -1.236211747028205     -1.212619613955182                    0.1                    0.1     0.1795379280746194                     10
                    140     -1.612871923020433     -1.218924493871971                    0.1                    0.1      0.330365502105917                     10
                  140.5     -1.522173369944844     -1.365984587300416                    0.1                    0.1     0.2259829009291238                     10
                    141     -1.059728824513428    -0.9041754818634916                    0.1                    0.1     0.3072989142533284                     10
                  141.5    -0.6644476660345362     -1.387044575181321                    0.1                    0.1     0.4286269955746901                     10
                    142    -0.9777422801145357     -1.383694715588397                    0.1                    0.1     0.2482356693837338                     10
                  142.5     -1.651905628893694     -1.257869037000044                    0.1                    0.1     0.3721096365509303                     10
                    143     -1.203854899784279    -0.5503987777260613                    0.1                    0.1     0.5306442694167669                     10
                  143.5     -1.283234688946355     -1.339356112663997                    0.1                    0.1     0.1509357114470436                     10
                    144     -1.117998975601956     -1.533427596560076                    0.1                    0.1     0.2496510286733363                     10
                  144.5    -0.6938455643455808     -1.120631429973674                    0.1                    0.1     0.4505039933906478                     10
                    145     -1.511307863338613    -0.7915835003139711                    0.1                    0.1     0.4175117268737908                     10
                  145.5      -1.23996515412643     -1.307671550476198                    0.1                    0.1     0.1539720505400837                     10
                    146    -0.9453173317111356    -0.9555106761710335                    0.1                    0.1      0.348815935998839                     10
                  146.5     -1.017598164942225    -0.9236774864248706                    0.1                    0.1     0.3081380258823029                     10
                    147    -0.7949236698417732     -1.321370927115494                    0.1                    0.1       0.29842529594318                     10
                  147.5     -1.217885354438341     -1.272837048725576                    0.1                    0.1      0.160431478385068                     10
                    148     -1.587463022760562     -1.153874683002245                    0.1                    0.1     0.2989971222941863                     10
                  148.5     -1.172750219582764     -1.537241843996812                    0.1                    0.1     0.2310549961553892                     10
                    149    -0.6629028891307499     -1.389441009294468                    0.1                    0.1     0.4078800133969254                     10
                  149.5    -0.9626435009931988     -1.039556230440437                    0.1                    0.1     0.2686164549876752                     10
                    150     -1.400893686148849    -0.5741515960909804                    0.1                    0.1     0.5072421676044029                     10
                  150.5     -1.579628826824367     -1.108509324299671                    0.1                    0.1     0.3057976506890817                     10
                    151     -1.179677803282105     -1.040594945591393                    0.1                    0.1     0.1950721090263844                     10
                  151.5    -0.9400038926668652     -1.588271693626005                    0.1                    0.1     0.4132044510687383                     10
                    152     -1.255284219454859     -1.195864196529013                    0.1                    0.1     0.1737236604187619                     10
                  152.5     -1.303072066258698     -1.625420933851477                    0.1                    0.1     0.3122498222594723                     10
                    153    -0.8536445583485462      -1.46076897590643                    0.1                    0.1     0.3346069612989456                     10
                  153.5     -1.563486616625704     -1.372936588351025                    0.1                    0.1     0.2524833418393372                     10
                    154     -1.210920677209357    -0.7732972864357768                    0.1                    0.1     0.3561325631002266                     10
                  154.5    -0.9748299785703708     -1.338207555594985                    0.1                    0.1     0.2293529583406729                     10
                    155     -1.339925965921178     -1.096016151195411                    0.1                    0.1     0.1913425153374861                     10
                  155.5     -1.423251699647989    -0.6646076297050739                    0.1                    0.1     0.4449976596232956                     10
                    156     -1.322805356839408     -1.575865281370266                    0.1                    0.1     0.2567696149334454                     10
                  156.5    -0.8268364893689486    -0.9108977025376971                    0.1                    0.1     0.4475631562935565                     10
                    157     -1.177338759213264     -1.552083804566939                    0.1                    0.1     0.2322243474281289                     10
                  157.5     -1.706818475800916     -1.250935931608371                    0.1                    0.1      0.431617039867617                     10
                    158    -0.8944939873603587     -1.460394814682492                    0.1                    0.1     0.3016503383986536                     10
                  158.5     -1.450884711560771     -1.053657591843522                    0.1                    0.1     0.2377284133474408                     10
                    159     -0.868175902791384    -0.9321623976634472                    0.1                    0.1     0.3888532034326966                     10
                  159.5    -0.5792487541998074      -1.35372252753201                    0.1                    0.1     0.4581545673753312                     10
                    160     -1.370832975976904     -1.145017082074761                    0.1                    0.1     0.1810358169289887                     10
                  160.5     -1.328386381112439     -1.485291514182705                    0.1                    0.1      0.188409191345523                     10
                    161     -1.519703228165371     -1.015817994506967                    0.1                    0.1     0.2921811580384574                     10
                  161.5     -1.177490599407437     -0.868507759540044                    0.1                    0.1     0.2708291823780036                     10
                    162     -1.306877672913209    -0.7794737249796526                    0.1                    0.1     0.3390092210295495                     10
                  162.5     -1.624098395842223     -1.049161481285916                    0.1                    0.1     0.3768939283232348                     10
                    163     -1.294376635946877     -1.212698280308367                    0.1                    0.1     0.1636747944084928                     10
                  163.5    -0.8715471469251123     -1.427259887208524                    0.1                    0.1     0.2817445511537269                     10
                    164     -1.361251994409479     -1.567801247994208                    0.1                    0.1     0.2537603896429159                     10
                  164.5      -1.49872009477607    -0.8674648077513091                    0.1                    0.1     0.3326750303792885                     10
                    165     -1.079773464183867    -0.9524067641454605                    0.1                    0.1     0.2370837037959855                     10
                  165.5     -1.171823052415376     -1.573368128224314                    0.1                    0.1     0.2455937748073725                     10
                    166     -1.180268585524768    -0.8004490055149129                    0.1                    0.1     0.3051310551233266                     10
                  166.5    -0.7721877378238589      -1.53966986209733                    0.1                    0.1     0.4302445745784744                     10
                    167     -1.620795304617336       -1.3079756430582                    0.1                    0.1     0.2942211404030292                     10
                  167.5    -0.5257359529831868     -1.242309888808939                    0.1                    0.1      0.502210387595651                     10
                    168     -1.169939007153452     -1.257185858968406                    0.1                    0.1     0.1635378349857479                     10
                  168.5     -1.046809597071203     -1.242554224418104                    0.1                    0.1     0.1974174757696354                     10
                    169    -0.2825307290233682      -1.36961543115068                    0.1                    0.1     0.5541821886990251                     10
                  169.5      -1.39422253772184     -1.090961503479931                    0.1                    0.1     0.1913921914685334                     10
                    170      -1.34709514307547     -0.992530858337229                    0.1                    0.1     0.2086884825887945                     10
                  170.5    -0.8823134691120299     -1.566809999729251                    0.1                    0.1     0.3860671110958916                     10
                    171      -1.36365827228049     -1.061733576237537                    0.1                    0.1     0.1863565831526446                     10
                  171.5      -1.23903236449275    -0.5905669128586396                    0.1                    0.1     0.4696834680375427                     10
                    172     -1.587237554045896     -1.143436655304791                    0.1                    0.1     0.2679470019750619                     10
                  172.5    -0.9959974700369627     -1.167803494864676                    0.1                    0.1     0.2188576964474513                     10
                    173    -0.7115626494810451     -1.569044785268662                    0.1                    0.1     0.4650871012041379                     10
                  173.5     -1.249507522610945     -1.076975465904737                    0.1                    0.1      0.172193765960537                     10
                    174    -0.8295246053512983      -1.37582178009077                    0.1                    0.1     0.2626894193882693                     10
                  174.5     -1.572341675258151     -1.215920579377381                    0.1                    0.1      0.229221396413294                     10
                    175     -1.408590552085671    -0.6419022252188328                    0.1                    0.1     0.4262934953919365                     10
                  175.5     -1.263551512657464    -0.8980130413265081                    0.1                    0.1      0.237872701837719                     10
                    176     -1.488444962299452     -1.026741804414291                    0.1                    0.1     0.2407266354879601                     10
                  176.5     -1.016839921297351    -0.9446926123797297                    0.1                    0.1     0.2653226086860058                     10
                    177     -1.027192073628137     -0.833330656824708                    0.1                    0.1     0.3357635704756051                     10
                  177.5     -1.097541328965777    -0.9008596810872993                    0.1                    0.1     0.2384288911627193                     10
                    178     -1.388850232871428    -0.9594171020117487                    0.1                    0.1     0.2194746676629785                     10
                  178.5     -1.432714659960481     -1.004531773228584                    0.1                    0.1     0.2143975105292876                     10
                    179     -1.046725121122523     -1.399716889251823                    0.1                    0.1     0.1987304707553449                     10
                  179.5     -1.314334978662958     -1.178280166720077                    0.1                    0.1     0.1598709522761832                     10
                    180     -1.159358338520933      -1.13035925749123                    0.1                    0.1     0.1750621811118244                     10
                  180.5    -0.8554980291433396     -1.286242395553754                    0.1                    0.1     0.2426639138735543                     10
                    181      -1.53347380315688       -1.2977258274737                    0.1                    0.1     0.1975175155574843                     10
                  181.5      -1.27193078540578     -1.428047618289602                    0.1                    0.1     0.1521565971971521                     10
                    182     -1.224654042612562     -1.087364612060187                    0.1                    0.1     0.1651866748355393                     10
                  182.5     -1.009751922471372     -1.336263049656776                    0.1                    0.1     0.1991125934810086                     10
                    183     -1.327671556038233     -1.290108676092556                    0.1                    0.1     0.1433953796580159                     10
                  183.5     -1.510321696191073     -1.593942705344917                    0.1                    0.1     0.3847934152570296                     10
                    184     -0.659978901265048     -1.194747908267951                    0.1                    0.1      0.409761482276238                     10
                  184.5      -1.12451989835284      -1.35585485586265                    0.1                    0.1     0.1618888068032453                     10
                    185     -1.530437763222208     -1.575482334332643                    0.1                    0.1     0.3652105928705499                     10
                  185.5     -1.490279145174085     -1.522519572768823                    0.1                    0.1     0.2717973497208518                     10
                    186      -1.39778315657121     -1.320855798663707                    0.1                    0.1     0.1511898750449212                     10
                  186.5      -1.27002970038241    -0.6022811362123139                    0.1                    0.1      0.431428301275692                     10
                    187    -0.8194559103086473     -0.921329176691276                    0.1                    0.1     0.4093650187551804                     10
                  187.5     -1.082735338851201     -1.215641594183993                    0.1                    0.1     0.1763296507399945                     10
                    188     -1.259702408035687     -1.361887144202565                    0.1                    0.1     0.1348906363520163                     10
                  188.5    -0.8322590994637382     -1.552439154404504                    0.1                    0.1     0.3710814027154546                     10
                    189     -1.469699737297561    -0.9946859143292491                    0.1                    0.1      0.230691755695429                     10
                  189.5     -1.165135826903867     -1.073360942199485                    0.1                    0.1     0.1701673374026208                     10
                    190     -1.334046703637928     -1.622392677529345                    0.1                    0.1     0.2846020320884194                     10
                  190.5      -1.45244022954688     -0.835671223626283                    0.1                    0.1     0.2940634329290043                     10
                    191    -0.7578217034671306    -0.9927813587139197                    0.1                    0.1     0.4201642397331154                     10
                  191.5      -1.23295295738893     -1.215718048098803                    0.1                    0.1     0.1490690464158075                     10
                    192     -1.533069169714246    -0.9175382205305076                    0.1                    0.1     0.3107056536341443                     10
                  192.5    -0.7959237383115975     -1.509672046300114                    0.1                    0.1     0.3357777448615136                     10
                    193     -1.324471811146886     -1.635328178518956                    0.1                    0.1     0.2897482310171777                     10
                  193.5     -1.365198994323207    -0.9703881729973625                    0.1                    0.1      0.194150413289362                     10
                    194     -0.869177593725319     -1.045692400842072                    0.1                    0.1     0.3015063100288895                     10
                  194.5     -1.227197981361863     -1.589987108278565                    0.1                    0.1     0.2338101820189606                     10
                    195    -0.9259298238463908     -1.303512890695214                    0.1                    0.1     0.2121392861886312                     10
                  195.5      -1.38818524996114     -1.275267592571738                    0.1                    0.1     0.1470855639849246                     10
                    196     -1.489538732720177     -1.449267910646313                    0.1                    0.1     0.2133903417360529                     10
                  196.5     -1.018688465967872     -1.201387002460823                    0.1                    0.1     0.1913867277013231                     10
                    197     -1.305194381391239     -1.563546336649801                    0.1                    0.1     0.2046315635551516                     10
                  197.5     -1.243104780987527     -1.067560538160732                    0.1                    0.1     0.1576580416394268                     10
                    198     -1.140150920691807      -1.54169458520109                    0.1                    0.1     0.2131976169858456                     10
                  198.5       -1.5694575417826    -0.8361019411278452                    0.1                    0.1     0.3949785755602209                     10
                    199     -1.001851254906809    -0.7179577975168238                    0.1                    0.1     0.4494597606693779                     10
                  199.5    -0.9838532332088363     -1.111849666165052                    0.1                    0.1     0.2126155708778692                     10
                    200     -1.150425295498911     -1.638369395369656                    0.1                    0.1     0.3122798261733958                     10
                  200.5    -0.9572041170708215     -1.037628897278751                    0.1                    0.1      0.233877692761892                     10
                    201     -1.006029404280128     -1.603176511562235                    0.1                    0.1     0.3426976503707623                     10
                  201.5     -1.080835992554583     -1.212927514473605                    0.1                    0.1     0.1667557445782638                     10
                    202     -1.429094540299148    -0.5399169844107323                    0.1                    0.1     0.4649875485215486                     10
                  202.5     -1.210811250453564     -1.501777975399792                    0.1                    0.1      0.166179938601358                     10
                    203     -1.515491813483083     -1.514529612853362                    0.1                    0.1     0.2672603683387646                     10
                  203.5    -0.9417922833734117     -1.052606952549095                    0.1                    0.1      0.232899273858696                     10
                    204    -0.5884558373840063     -1.377247673755028                    0.1                    0.1     0.4180979246512914                     10
                  204.5     -1.260327137739452     -1.077556279919083                    0.1                    0.1     0.1530269387654911                     10
                    205     -1.550344868833675      -1.49167985076069                    0.1                    0.1     0.2705605682822821                     10
                  205.5     -1.455932899112529     -1.383928206966444                    0.1                    0.1     0.1666420604933694                     10
                    206     -1.303741651634412     -1.676410729213069                    0.1                    0.1     0.3221422324108505                     10
                  206.5     -0.685709092528587    -0.8775756484273125                    0.1                    0.1      0.487171045587359                     10
                    207    -0.9263172889916393     -1.565752535394048                    0.1                    0.1     0.3239288587818501                     10
                  207.5     -1.734770781311919     -1.200507589572507                    0.1                    0.1     0.4400774723371886                     10
                    208    -0.6176454373196372     -1.165266535745289                    0.1                    0.1     0.4376562380441238                     10
                  208.5     -1.166145085818985     -1.299617369447695                    0.1                    0.1     0.1420172286432172                     10
                    209     -1.632786504902011    -0.8226285762771999                    0.1                    0.1     0.4642147018568321                     10
                  209.5      -1.03019698764615    -0.5384859179905893                    0.1                    0.1     0.5323548199150032                     10
                    210     -1.471437312428461     -1.120723253993101                    0.1                    0.1      0.179730095785254                     10
                  210.5     -1.368737035410413     -1.227463885180123                    0.1                    0.1     0.1447993879237413                     10
                    211     -1.056121562187016    -0.8072137718251975                    0.1                    0.1     0.3087112522661208                     10
                  211.5    -0.5464585335236045     -1.366436054436374                    0.1                    0.1     0.4299656845751154                     10
                    212     -1.268948921314153     -1.383491689240465                    0.1                    0.1     0.1298437053759884                     10
                  212.5     -1.372687657566732     -1.171261142450106                    0.1                    0.1     0.1482179583987543                     10
                    213     -1.008540740107262     -1.329153140193488                    0.1                    0.1     0.1839841793369233                     10
                  213.5      -1.10039420820165     -1.237779753136933                    0.1                    0.1     0.1545676711878272                     10
                    214     -0.629200469963171     -1.076855187370515                    0.1                    0.1     0.4573583704366563                     10
                  214.5    -0.7350384542751045     -1.245933012627996                    0.1                    0.1      0.299059374957458                     10
                    215      -1.54129559609074      -1.27793711548122                    0.1                    0.1     0.1879923803453091                     10
                  215.5     -1.356540264081891     -1.633072220442242                    0.1                    0.1     0.2726641390461753                     10
                    216     -1.675076443795882     -1.228840693553335                    0.1                    0.1     0.3330964896701559                     10
                  216.5    -0.9493784276960686     -1.333555179596482                    0.1                    0.1     0.1958900182231805                     10
                    217     -1.299639512568553     -1.527025872289097                    0.1                    0.1     0.1690635444969115                     10
                  217.5      -1.38101019198174     -0.937168929045936                    0.1                    0.1       0.20279535664797                     10
                    218    -0.9238656827999797    -0.9791549520948983                    0.1                    0.1     0.2655988367723539                     10
                  218.5     -0.993269916730853     -1.617121846586218                    0.1                    0.1     0.3460134456535738                     10
                    219     -1.381983915799958     -1.253776832058274                    0.1                    0.1     0.1386596779937511                     10
                  219.5     -1.584815464860805     -1.437537229530033                    0.1                    0.1      0.260407976795173                     10
                    220     -1.181641899528335     -0.692631780185046                    0.1                    0.1     0.3672095925235383                     10
                  220.5     -1.358627450218135    -0.8944347226338345                    0.1                    0.1     0.2175276816519566                     10
                    221     -1.370193218741653     -1.673967686041042                    0.1                    0.1     0.3274636554885599                     10
                  221.5     -1.681856360227393     -1.180954529485377                    0.1                    0.1     0.3405573572505259                     10
                    222     -1.414552377926844     -0.960962652500257                    0.1                    0.1     0.1943292217190594                     10
                  222.5       -1.2738923173616    -0.7894380709982868                    0.1                    0.1     0.2877060837218235                     10
                    223     -1.268629143181487    -0.6892541549505261                    0.1                    0.1     0.3473625673948782                     10
                  223.5     -1.294894708794532    -0.8083729260642564                    0.1                    0.1     0.2618948880775929                     10
                    224     -1.131115060217383     -1.110597717087431                    0.1                    0.1     0.1605515244051938                     10
                  224.5     -1.121941427784128     -1.505634032510071                    0.1                    0.1     0.1810385368432575                     10
                    225    -0.9748391089419234     -1.275436032405711                    0.1                    0.1     0.1827163343601259                     10
                  225.5     -1.160170365322512     -1.279659334145692                    0.1                    0.1     0.1370349700889419                     10
                    226     -1.238700299497339    -0.8357961153068993                    0.1                    0.1      0.239102074448694                     10
                  226.5     -1.625122435547629    -0.7720081022565765                    0.1                    0.1     0.4614130266569114                     10
                    227     -0.740273133113865     -1.162786666220041                    0.1                    0.1     0.3195786674821111                     10
                  227.5    -0.9973508094842335     -1.493006719112004                    0.1                    0.1     0.2218101973997775                     10
                    228     -1.618168134457334     -1.279545323559844                    0.1                    0.1     0.2443928789126902                     10
                  228.5     -1.310305659175258     -1.503033454186117                    0.1                    0.1      0.156868996456992                     10
                    229     -1.547822056895413     -1.013227528089384                    0.1                    0.1     0.2574294653771103                     10
                  229.5     -1.480858950050784     -1.082338805701974                    0.1                    0.1      0.181528376976951                     10
                    230     -1.011625675404512     -1.271678575228645                    0.1                    0.1     0.1680757855515571                     10
                  230.5      -1.20492507230024     -1.118856601593256                    0.1                    0.1      0.147341282024656                     10
                    231     -1.445256522824345     -1.544650345746994                    0.1                    0.1     0.2259020953513637                     10
                  231.5     -1.148276462495359    -0.8638325212084296                    0.1                    0.1     0.2224724511817443                     10
                    232     -1.652442012787196     -1.050374580281083                    0.1                    0.1     0.3594010641805069                     10
                  232.5    -0.8666597657998683     -1.403832059490597                    0.1                    0.1     0.2254476956011063                     10
                    233     -1.251589216533468     -1.675978243575792                    0.1                    0.1     0.2974460687310846                     10
                  233.5    -0.9693777697331706     -1.566591548304743                    0.1                    0.1     0.2817237832193734                     10
                    234     -1.166350633445365    -0.8436032419876683                    0.1                    0.1     0.2251458954164895                     10
                  234.5      -1.24475716133033      -0.72527268275097                    0.1                    0.1     0.2999076856234754                     10
                    235     -1.270339318221175     -1.366406760569329                    0.1                    0.1     0.1226360689645599                     10
                  235.5      -1.50200939230963     -1.408181055450694                    0.1                    0.1     0.1787093184157257                     10
                    236    -0.8661123035065946     -1.274644264630129                    0.1                    0.1     0.2098291874601141                     10
                  236.5    -0.7327604089981306     -1.056651914397214                    0.1                    0.1     0.3689336505447292                     10
                    237     -1.322733679405333      -1.43957092235526                    0.1                    0.1     0.1358065799281951                     10
                  237.5     -1.292717139111636      -1.45184838404507                    0.1                    0.1      0.134038569440815                     10
                    238    -0.7324044052854513     -1.041085561798812                    0.1                    0.1      0.362624706106066                     10
                  238.5     -1.186237610178689      -1.26270823752509                    0.1                    0.1     0.1310472640721862                     10
                    239     -1.453309369770178     -1.429381500190429                    0.1                    0.1     0.1628619544712147                     10
                  239.5    -0.4565128123926682     -1.352234514960436                    0.1                    0.1     0.4794152735620461                     10
                    240    -0.8363931098268531     -1.064884544903421                    0.1                    0.1     0.2776644182217963                     10
                  240.5     -1.079728856779797     -1.644431554538864                    0.1                    0.1     0.3229635278248041                     10
                    241      -1.12317846593052      -1.22529828674822                    0.1                    0.1     0.1409848600166403                     10
                  241.5     -1.254208555460397     -1.228169793061779                    0.1                    0.1     0.1298114576293066                     10
                    242     -1.133044147163351     -1.165490135859509                    0.1                    0.1     0.1450380906776297                     10
                  242.5     -1.095799628865623     -1.263447335792787                    0.1                    0.1     0.1395668912451421                     10
                    243     -1.010328071063368     -1.479244298232477                    0.1                    0.1     0.1981677731107479                     10
                  243.5     -1.247072540082389       -1.2607352845937                    0.1                    0.1     0.1221320672024886                     10
                    244     -1.496545666101327     -1.125058995180148                    0.1                    0.1     0.1719144188072711                     10
                  244.5      -1.33896211232378     -1.219994804771524                    0.1                    0.1     0.1309225772850796                     10
                    245     -1.121332453480468     -1.219625719441439                    0.1                    0.1     0.1348584307385723                     10
                  245.5     -1.047627432640057     -1.472033303069069                    0.1                    0.1     0.1789358630087766                     10
                    246     -1.252686116888696     -1.173193061958491                    0.1                    0.1     0.1309872733234587                     10
                  246.5      -1.68743937903004     -1.107943622407482                    0.1                    0.1     0.3584171679357954                     10
                    247      -0.61217614345039    -0.8757516976536107                    0.1                    0.1     0.4995404468029643                     10
                  247.5    -0.6826625491781577     -1.460768534885424                    0.1                    0.1     0.3562379105782486                     10
                    248     -1.520779500922771    -0.9159740737535786                    0.1                    0.1     0.2578286288795306                     10
                  248.5    -0.5265964217089523     -1.164424627173563                    0.1                    0.1     0.4623654908787933                     10
                    249    -0.5147887369968388     -1.350187856035187                    0.1                    0.1     0.4106620236653257                     10
                  249.5     -1.698888205106575     -1.449482829148137                    0.1                    0.1     0.4188639328310709                     10
                    250    -0.8529814566437254    -0.9006738154052714                    0.1                    0.1     0.3479513663530853                     10
