#! FIELDS p.x hh dhh_p.x
#! SET normalisation  1000000.000000
#! SET min_p.x -3
#! SET max_p.x 3
#! SET nbins_p.x  200
#! SET periodic_p.x false
 -3.000000 0.000000 0.000000
 -2.970000 0.000000 0.000000
 -2.940000 0.000000 0.000000
 -2.910000 0.000000 0.000000
 -2.880000 0.000000 0.000000
 -2.850000 0.000000 0.000000
 -2.820000 0.000000 0.000000
 -2.790000 0.000000 0.000000
 -2.760000 0.000000 0.000000
 -2.730000 0.000000 0.000000
 -2.700000 0.000000 0.000000
 -2.670000 0.000000 0.000000
 -2.640000 0.000000 0.000000
 -2.610000 0.000000 0.000000
 -2.580000 0.000000 0.000000
 -2.550000 0.000000 0.000000
 -2.520000 0.000000 0.000000
 -2.490000 0.000000 0.000000
 -2.460000 0.000000 0.000000
 -2.430000 0.000000 0.000000
 -2.400000 0.000000 0.000000
 -2.370000 0.000000 0.000000
 -2.340000 0.000000 0.000000
 -2.310000 0.000000 0.000000
 -2.280000 0.000000 0.000000
 -2.250000 0.000000 0.000000
 -2.220000 0.000000 0.000000
 -2.190000 0.000000 0.000000
 -2.160000 0.000000 0.000000
 -2.130000 0.000000 0.000000
 -2.100000 0.000000 0.000000
 -2.070000 0.000000 0.000000
 -2.040000 0.000000 0.000000
 -2.010000 0.000000 0.000000
 -1.980000 0.000000 0.000000
 -1.950000 0.000000 0.000000
 -1.920000 0.000000 0.000000
 -1.890000 0.000000 0.000000
 -1.860000 0.000000 0.000000
 -1.830000 0.000000 0.000001
 -1.800000 0.000000 0.000007
 -1.770000 0.000001 0.000079
 -1.740000 0.000008 0.000655
 -1.710000 0.000075 0.003901
 -1.680000 0.000293 0.013526
 -1.650000 0.001262 0.066343
 -1.620000 0.005406 0.220254
 -1.590000 0.018548 0.806825
 -1.560000 0.057770 1.987482
 -1.530000 0.135212 3.509449
 -1.500000 0.301440 7.979593
 -1.470000 0.632985 11.938889
 -1.440000 1.085936 18.623907
 -1.410000 1.636810 19.795794
 -1.380000 2.284307 19.892200
 -1.350000 2.709807 13.745242
 -1.320000 3.316641 24.192843
 -1.290000 3.812049 12.385524
 -1.260000 3.827054 -4.836599
 -1.230000 3.603400 -14.137602
 -1.200000 3.168643 -17.043609
 -1.170000 2.445249 -29.707148
 -1.140000 1.850540 -14.634868
 -1.110000 1.295851 -16.609606
 -1.080000 0.853726 -12.710219
 -1.050000 0.573806 -5.794545
 -1.020000 0.394722 -6.870604
 -0.990000 0.218602 -3.801269
 -0.960000 0.124764 -2.394548
 -0.930000 0.070578 -1.263372
 -0.900000 0.037210 -1.047251
 -0.870000 0.018032 -0.348316
 -0.840000 0.008971 -0.186756
 -0.810000 0.005290 -0.087867
 -0.780000 0.002437 -0.074994
 -0.750000 0.001219 -0.025339
 -0.720000 0.000574 -0.014511
 -0.690000 0.000289 -0.005831
 -0.660000 0.000161 -0.003379
 -0.630000 0.000088 -0.001537
 -0.600000 0.000052 -0.000774
 -0.570000 0.000043 -0.000730
 -0.540000 0.000011 -0.000350
 -0.510000 0.000006 -0.000113
 -0.480000 0.000003 -0.000057
 -0.450000 0.000002 -0.000035
 -0.420000 0.000001 -0.000013
 -0.390000 0.000001 -0.000012
 -0.360000 0.000000 -0.000005
 -0.330000 0.000000 -0.000003
 -0.300000 0.000000 -0.000001
 -0.270000 0.000000 -0.000001
 -0.240000 0.000000 0.000002
 -0.210000 0.000000 -0.000006
 -0.180000 0.000000 0.000000
 -0.150000 0.000000 -0.000002
 -0.120000 0.000000 -0.000000
 -0.090000 0.000000 -0.000000
 -0.060000 0.000000 -0.000000
 -0.030000 0.000000 0.000000
 0.000000 0.000000 -0.000000
 0.030000 0.000000 0.000000
 0.060000 0.000000 -0.000000
 0.090000 0.000000 0.000000
 0.120000 0.000000 0.000000
 0.150000 0.000000 0.000000
 0.180000 0.000000 0.000000
 0.210000 0.000000 0.000000
 0.240000 0.000000 0.000001
 0.270000 0.000000 0.000001
 0.300000 0.000000 0.000002
 0.330000 0.000000 0.000003
 0.360000 0.000000 0.000005
 0.390000 0.000000 0.000010
 0.420000 0.000001 0.000014
 0.450000 0.000002 0.000036
 0.480000 0.000003 0.000039
 0.510000 0.000005 0.000098
 0.540000 0.000009 0.000198
 0.570000 0.000017 0.000275
 0.600000 0.000030 0.000655
 0.630000 0.000060 0.001434
 0.660000 0.000126 0.003354
 0.690000 0.000248 0.005319
 0.720000 0.000491 0.010423
 0.750000 0.000931 0.022700
 0.780000 0.001838 0.041172
 0.810000 0.003473 0.067943
 0.840000 0.006133 0.110765
 0.870000 0.011028 0.243434
 0.900000 0.021924 0.474669
 0.930000 0.042019 0.806128
 0.960000 0.074429 1.609127
 0.990000 0.124770 2.059994
 1.020000 0.226343 4.089140
 1.050000 0.366388 6.352957
 1.080000 0.572461 9.304738
 1.110000 0.856209 9.961705
 1.140000 1.214396 14.661337
 1.170000 1.735864 18.665855
 1.200000 2.338222 18.715007
 1.230000 2.669749 3.491198
 1.260000 2.876247 2.498434
 1.290000 2.639206 -6.161896
 1.320000 2.553501 -9.812917
 1.350000 2.173381 -16.947888
 1.380000 1.638927 -21.572651
 1.410000 1.098991 -13.892098
 1.440000 0.747630 -11.237748
 1.470000 0.440036 -8.471546
 1.500000 0.232255 -6.638008
 1.530000 0.095678 -2.783231
 1.560000 0.036796 -1.359269
 1.590000 0.012581 -0.451818
 1.620000 0.003846 -0.167762
 1.650000 0.000902 -0.045765
 1.680000 0.000206 -0.010257
 1.710000 0.000037 -0.002289
 1.740000 0.000005 -0.000370
 1.770000 0.000001 -0.000052
 1.800000 0.000000 -0.000006
 1.830000 0.000000 -0.000000
 1.860000 0.000000 -0.000000
 1.890000 0.000000 -0.000000
 1.920000 0.000000 -0.000000
 1.950000 0.000000 -0.000000
 1.980000 0.000000 -0.000000
 2.010000 0.000000 -0.000000
 2.040000 0.000000 -0.000000
 2.070000 0.000000 -0.000000
 2.100000 0.000000 0.000000
 2.130000 0.000000 0.000000
 2.160000 0.000000 0.000000
 2.190000 0.000000 0.000000
 2.220000 0.000000 0.000000
 2.250000 0.000000 0.000000
 2.280000 0.000000 0.000000
 2.310000 0.000000 0.000000
 2.340000 0.000000 0.000000
 2.370000 0.000000 0.000000
 2.400000 0.000000 0.000000
 2.430000 0.000000 0.000000
 2.460000 0.000000 0.000000
 2.490000 0.000000 0.000000
 2.520000 0.000000 0.000000
 2.550000 0.000000 0.000000
 2.580000 0.000000 0.000000
 2.610000 0.000000 0.000000
 2.640000 0.000000 0.000000
 2.670000 0.000000 0.000000
 2.700000 0.000000 0.000000
 2.730000 0.000000 0.000000
 2.760000 0.000000 0.000000
 2.790000 0.000000 0.000000
 2.820000 0.000000 0.000000
 2.850000 0.000000 0.000000
 2.880000 0.000000 0.000000
 2.910000 0.000000 0.000000
 2.940000 0.000000 0.000000
 2.970000 0.000000 0.000000
 3.000000 0.000000 0.000000
